Current_Epoch  Batch/Total         CE_Train            Accuracy(%)         CE_TEST             Batch_Number   
0              [0/60000]           --                  9.020               2.3023              0
1              [64/60000]          2.3023              35.7000             2.2896              1              
1              [128/60000]         2.2918              32.3800             2.2720              2              
1              [192/60000]         2.2715              22.8100             2.2573              3              
1              [256/60000]         2.2571              32.3200             2.2369              4              
1              [320/60000]         2.2368              36.5300             2.2110              5              
1              [384/60000]         2.1989              42.1300             2.1767              6              
1              [448/60000]         2.1706              40.7300             2.1351              7              
1              [512/60000]         2.1564              40.5000             2.0883              8              
1              [576/60000]         2.0836              41.3000             2.0265              9              
1              [640/60000]         1.9644              42.5100             1.9522              10             
1              [704/60000]         2.0260              47.7400             1.8779              11             
1              [768/60000]         1.9011              53.2000             1.7890              12             
1              [832/60000]         1.7272              51.0100             1.6742              13             
1              [896/60000]         1.7068              51.5300             1.5784              14             
1              [960/60000]         1.4964              54.8500             1.4812              15             
1              [1024/60000]        1.4781              60.6900             1.3900              16             
1              [1088/60000]        1.2665              53.2400             1.3380              17             
1              [1152/60000]        1.2455              52.6200             1.3023              18             
1              [1216/60000]        1.2934              56.7900             1.2384              19             
1              [1280/60000]        1.4002              56.8500             1.2230              20             
1              [1344/60000]        1.1785              60.3600             1.1189              21             
1              [1408/60000]        1.0816              63.3300             1.1023              22             
1              [1472/60000]        1.0944              63.6800             1.0527              23             
1              [1536/60000]        0.9468              66.7900             0.9869              24             
1              [1600/60000]        0.8621              65.1200             1.0276              25             
1              [1664/60000]        0.8905              63.5900             1.0381              26             
1              [1728/60000]        1.1077              64.8700             0.9762              27             
1              [1792/60000]        0.8788              64.0500             0.9487              28             
1              [1856/60000]        0.9210              60.3400             0.9542              29             
1              [1920/60000]        0.9065              65.7400             0.9304              30             
1              [1984/60000]        0.8769              59.5300             1.0336              31             
1              [2048/60000]        0.9329              68.7900             0.8845              32             
1              [2112/60000]        0.9637              68.6100             0.8885              33             
1              [2176/60000]        0.7449              67.4800             0.9008              34             
1              [2240/60000]        0.8242              70.2200             0.8497              35             
1              [2304/60000]        0.7117              70.7000             0.8368              36             
1              [2368/60000]        0.8246              60.7100             1.0092              37             
1              [2432/60000]        0.9266              64.9400             0.9241              38             
1              [2496/60000]        0.9343              67.9200             0.8979              39             
1              [2560/60000]        0.8820              71.7600             0.7761              40             
1              [2624/60000]        0.7528              69.0200             0.8290              41             
1              [2688/60000]        0.8217              71.9600             0.7866              42             
1              [2752/60000]        0.8059              69.6300             0.8064              43             
1              [2816/60000]        0.8661              73.1700             0.7607              44             
1              [2880/60000]        0.8396              73.7500             0.7424              45             
1              [2944/60000]        0.7736              73.0700             0.7889              46             
1              [3008/60000]        0.4500              73.9700             0.7404              47             
1              [3072/60000]        0.7832              72.0400             0.8109              48             
1              [3136/60000]        0.6947              73.0200             0.7369              49             
1              [3200/60000]        0.7486              70.2700             0.8575              50             
1              [3264/60000]        0.8423              64.5100             0.9093              51             
1              [3328/60000]        1.0049              65.3500             1.0696              52             
1              [3392/60000]        1.0443              66.1700             0.9519              53             
1              [3456/60000]        0.7278              71.9200             0.7852              54             
1              [3520/60000]        0.6798              71.3600             0.7945              55             
1              [3584/60000]        0.7982              68.9300             0.8211              56             
1              [3648/60000]        0.8975              71.6500             0.7703              57             
1              [3712/60000]        0.6891              69.9600             0.7842              58             
1              [3776/60000]        0.9262              72.5800             0.7335              59             
1              [3840/60000]        0.6721              73.7500             0.7233              60             
1              [3904/60000]        0.8212              69.1200             0.8936              61             
1              [3968/60000]        0.9191              67.4000             0.8121              62             
1              [4032/60000]        0.6928              68.4800             0.8549              63             
1              [4096/60000]        0.8220              69.1300             0.7609              64             
1              [4160/60000]        0.6439              73.6400             0.7266              65             
1              [4224/60000]        0.6445              72.9700             0.7445              66             
1              [4288/60000]        0.7371              74.2100             0.7229              67             
1              [4352/60000]        0.8506              72.5200             0.7504              68             
1              [4416/60000]        0.6484              73.4200             0.6905              69             
1              [4480/60000]        0.7833              74.0300             0.7199              70             
1              [4544/60000]        0.8997              73.5200             0.6930              71             
1              [4608/60000]        0.5413              75.4900             0.6985              72             
1              [4672/60000]        0.4235              75.9800             0.6652              73             
1              [4736/60000]        0.5998              74.2000             0.6982              74             
1              [4800/60000]        0.6645              75.4300             0.6569              75             
1              [4864/60000]        0.6853              73.2400             0.6760              76             
1              [4928/60000]        0.6765              75.8700             0.6734              77             
1              [4992/60000]        0.6056              75.2700             0.6855              78             
1              [5056/60000]        0.7124              73.7400             0.7364              79             
1              [5120/60000]        0.5868              74.3200             0.7082              80             
1              [5184/60000]        0.6180              76.6200             0.6583              81             
1              [5248/60000]        0.7035              70.7900             0.7744              82             
1              [5312/60000]        0.9172              74.2600             0.7090              83             
1              [5376/60000]        0.6698              74.6200             0.6640              84             
1              [5440/60000]        0.6968              72.0700             0.7834              85             
1              [5504/60000]        0.7093              76.0700             0.6609              86             
1              [5568/60000]        0.6548              76.3600             0.6577              87             
1              [5632/60000]        0.8412              76.1900             0.7029              88             
1              [5696/60000]        0.5491              77.6700             0.6172              89             
1              [5760/60000]        0.5199              75.9900             0.6805              90             
1              [5824/60000]        0.7410              75.1700             0.7072              91             
1              [5888/60000]        0.6252              75.4100             0.6867              92             
1              [5952/60000]        0.6349              77.4500             0.6268              93             
1              [6016/60000]        0.3360              78.0600             0.6140              94             
1              [6080/60000]        0.7172              73.2400             0.6822              95             
1              [6144/60000]        0.5698              78.2900             0.6020              96             
1              [6208/60000]        0.5778              77.6100             0.6271              97             
1              [6272/60000]        0.5587              76.8600             0.6335              98             
1              [6336/60000]        0.5477              75.9400             0.6502              99             
1              [6400/60000]        0.7439              70.8900             0.7877              100            
1              [6464/60000]        1.0045              75.7700             0.6767              101            
1              [6528/60000]        0.5456              77.0500             0.6267              102            
1              [6592/60000]        0.6135              76.5600             0.6535              103            
1              [6656/60000]        0.4950              78.0300             0.6043              104            
1              [6720/60000]        0.5821              78.2900             0.6119              105            
1              [6784/60000]        0.5929              77.9500             0.6147              106            
1              [6848/60000]        0.4962              78.4200             0.6039              107            
1              [6912/60000]        0.7363              77.9200             0.6210              108            
1              [6976/60000]        0.5869              76.4700             0.6579              109            
1              [7040/60000]        0.6790              76.5500             0.6413              110            
1              [7104/60000]        0.5595              75.4200             0.6649              111            
1              [7168/60000]        0.7114              73.6200             0.7328              112            
1              [7232/60000]        1.0111              78.2000             0.6108              113            
1              [7296/60000]        0.6451              78.6900             0.6110              114            
1              [7360/60000]        0.4332              79.4800             0.5809              115            
1              [7424/60000]        0.6726              77.1600             0.6460              116            
1              [7488/60000]        0.6022              80.0200             0.5705              117            
1              [7552/60000]        0.7032              72.8200             0.6707              118            
1              [7616/60000]        0.5943              77.6900             0.6204              119            
1              [7680/60000]        0.8975              78.5300             0.5989              120            
1              [7744/60000]        0.6669              77.7400             0.6134              121            
1              [7808/60000]        0.6076              76.7800             0.6338              122            
1              [7872/60000]        0.5302              79.8100             0.5691              123            
1              [7936/60000]        0.5701              78.8000             0.6004              124            
1              [8000/60000]        0.4806              77.6700             0.6245              125            
1              [8064/60000]        0.5032              79.1600             0.6029              126            
1              [8128/60000]        0.4994              76.0600             0.6647              127            
1              [8192/60000]        0.7229              75.6400             0.6745              128            
1              [8256/60000]        0.4985              78.0800             0.6345              129            
1              [8320/60000]        0.7586              78.3500             0.5902              130            
1              [8384/60000]        0.4998              79.2200             0.5849              131            
1              [8448/60000]        0.6015              76.4400             0.6542              132            
1              [8512/60000]        0.5733              76.7000             0.6437              133            
1              [8576/60000]        0.5244              78.5600             0.6340              134            
1              [8640/60000]        0.5993              78.0600             0.6204              135            
1              [8704/60000]        0.6294              79.7500             0.5831              136            
1              [8768/60000]        0.6452              78.2700             0.6291              137            
1              [8832/60000]        0.7368              75.0800             0.6376              138            
1              [8896/60000]        0.7111              76.1600             0.6502              139            
1              [8960/60000]        0.5875              77.4100             0.6336              140            
1              [9024/60000]        0.5457              79.2000             0.5852              141            
1              [9088/60000]        0.3329              79.0000             0.5882              142            
1              [9152/60000]        0.5193              78.0000             0.6197              143            
1              [9216/60000]        0.7336              77.7000             0.6314              144            
1              [9280/60000]        0.7195              78.8100             0.6202              145            
1              [9344/60000]        0.6092              80.1500             0.5521              146            
1              [9408/60000]        0.4488              80.3100             0.5627              147            
1              [9472/60000]        0.5258              78.5400             0.5881              148            
1              [9536/60000]        0.5257              78.5300             0.5856              149            
1              [9600/60000]        0.7185              76.4700             0.6595              150            
1              [9664/60000]        0.7836              74.2900             0.7536              151            
1              [9728/60000]        0.8359              75.5500             0.6340              152            
1              [9792/60000]        0.6255              79.2800             0.5933              153            
1              [9856/60000]        0.6504              78.6700             0.5926              154            
1              [9920/60000]        0.5782              79.8000             0.5741              155            
1              [9984/60000]        0.4456              79.6200             0.5798              156            
1              [10048/60000]       0.4805              76.6000             0.6190              157            
1              [10112/60000]       0.6206              80.0300             0.5860              158            
1              [10176/60000]       0.4974              77.4400             0.6288              159            
1              [10240/60000]       0.5518              80.2600             0.5595              160            
1              [10304/60000]       0.3581              79.6100             0.5650              161            
1              [10368/60000]       0.5389              75.9400             0.6403              162            
1              [10432/60000]       0.6056              76.8200             0.6375              163            
1              [10496/60000]       0.5691              77.8200             0.6270              164            
1              [10560/60000]       0.6112              78.8400             0.5912              165            
1              [10624/60000]       0.6749              73.7700             0.7067              166            
1              [10688/60000]       0.6027              79.3200             0.5787              167            
1              [10752/60000]       0.5099              80.8900             0.5493              168            
1              [10816/60000]       0.4717              80.2700             0.5674              169            
1              [10880/60000]       0.5035              77.8100             0.5869              170            
1              [10944/60000]       0.5934              80.1600             0.5710              171            
1              [11008/60000]       0.2516              80.3700             0.5563              172            
1              [11072/60000]       0.6706              80.4200             0.5608              173            
1              [11136/60000]       0.5810              79.2900             0.5695              174            
1              [11200/60000]       0.4492              79.7200             0.5840              175            
1              [11264/60000]       0.5535              80.3500             0.5511              176            
1              [11328/60000]       0.6322              79.3500             0.5845              177            
1              [11392/60000]       0.4166              80.9100             0.5408              178            
1              [11456/60000]       0.7075              79.8600             0.5503              179            
1              [11520/60000]       0.4628              78.1000             0.5955              180            
1              [11584/60000]       0.3802              80.5200             0.5531              181            
1              [11648/60000]       0.6148              80.0900             0.5523              182            
1              [11712/60000]       0.6402              75.0600             0.6539              183            
1              [11776/60000]       0.6049              79.0400             0.5791              184            
1              [11840/60000]       0.5056              81.1100             0.5332              185            
1              [11904/60000]       0.4368              80.4600             0.5433              186            
1              [11968/60000]       0.6552              81.4300             0.5319              187            
1              [12032/60000]       0.4992              81.8800             0.5272              188            
1              [12096/60000]       0.3747              81.1400             0.5431              189            
1              [12160/60000]       0.7988              78.4100             0.5700              190            
1              [12224/60000]       0.3130              76.7700             0.6079              191            
1              [12288/60000]       0.6663              77.3500             0.6511              192            
1              [12352/60000]       0.4891              77.8800             0.5795              193            
1              [12416/60000]       0.4357              80.4700             0.5789              194            
1              [12480/60000]       0.3982              81.1300             0.5507              195            
1              [12544/60000]       0.4786              81.2700             0.5334              196            
1              [12608/60000]       0.4965              81.6000             0.5173              197            
1              [12672/60000]       0.3760              81.5300             0.5233              198            
1              [12736/60000]       0.5524              79.7600             0.5597              199            
1              [12800/60000]       0.5532              79.1300             0.5678              200            
1              [12864/60000]       0.5836              75.9700             0.6306              201            
1              [12928/60000]       0.5562              80.8900             0.5313              202            
1              [12992/60000]       0.6359              80.8600             0.5447              203            
1              [13056/60000]       0.3769              79.9400             0.5541              204            
1              [13120/60000]       0.5282              77.2800             0.5793              205            
1              [13184/60000]       0.5169              80.5900             0.5526              206            
1              [13248/60000]       0.6164              78.6800             0.5872              207            
1              [13312/60000]       0.5271              81.2500             0.5430              208            
1              [13376/60000]       0.4383              81.7700             0.5199              209            
1              [13440/60000]       0.6256              80.9800             0.5425              210            
1              [13504/60000]       0.4362              81.1800             0.5248              211            
1              [13568/60000]       0.4294              81.6500             0.5154              212            
1              [13632/60000]       0.3233              80.6200             0.5413              213            
1              [13696/60000]       0.4030              78.7300             0.5666              214            
1              [13760/60000]       0.6270              81.4600             0.5293              215            
1              [13824/60000]       0.4490              80.9300             0.5227              216            
1              [13888/60000]       0.4502              80.5600             0.5563              217            
1              [13952/60000]       0.5378              80.6000             0.5581              218            
1              [14016/60000]       0.6097              80.5900             0.5573              219            
1              [14080/60000]       0.6754              78.5000             0.5962              220            
1              [14144/60000]       0.5654              80.4000             0.5612              221            
1              [14208/60000]       0.5826              80.1800             0.5503              222            
1              [14272/60000]       0.5796              80.2000             0.5342              223            
1              [14336/60000]       0.4578              78.7100             0.6083              224            
1              [14400/60000]       0.7909              80.0400             0.5440              225            
1              [14464/60000]       0.7053              76.0800             0.6187              226            
1              [14528/60000]       0.5866              81.1700             0.5193              227            
1              [14592/60000]       0.8511              76.2400             0.6433              228            
1              [14656/60000]       0.5718              79.3400             0.5869              229            
1              [14720/60000]       0.4741              82.2800             0.5097              230            
1              [14784/60000]       0.5666              80.3100             0.5454              231            
1              [14848/60000]       0.5221              80.2500             0.5767              232            
1              [14912/60000]       0.6406              77.3800             0.6086              233            
1              [14976/60000]       0.6928              77.8600             0.5993              234            
1              [15040/60000]       0.4977              81.1600             0.5248              235            
1              [15104/60000]       0.3898              81.0800             0.5179              236            
1              [15168/60000]       0.5003              81.0600             0.5375              237            
1              [15232/60000]       0.5308              80.1400             0.5462              238            
1              [15296/60000]       0.6322              79.4500             0.5921              239            
1              [15360/60000]       0.8608              81.3000             0.5327              240            
1              [15424/60000]       0.5291              80.9700             0.5463              241            
1              [15488/60000]       0.4177              81.4300             0.5291              242            
1              [15552/60000]       0.3678              78.8400             0.5737              243            
1              [15616/60000]       0.8444              81.6400             0.5274              244            
1              [15680/60000]       0.4696              81.7800             0.5168              245            
1              [15744/60000]       0.8135              79.7100             0.5510              246            
1              [15808/60000]       0.5889              80.3400             0.5530              247            
1              [15872/60000]       0.3591              81.9200             0.5129              248            
1              [15936/60000]       0.4627              82.2500             0.5095              249            
1              [16000/60000]       0.5824              80.5000             0.5565              250            
1              [16064/60000]       0.5667              81.3100             0.5305              251            
1              [16128/60000]       0.5371              81.4000             0.5276              252            
1              [16192/60000]       0.3726              80.7600             0.5415              253            
1              [16256/60000]       0.5582              80.1700             0.5559              254            
1              [16320/60000]       0.6429              82.0800             0.5057              255            
1              [16384/60000]       0.5154              80.3600             0.5498              256            
1              [16448/60000]       0.3848              82.4200             0.5047              257            
1              [16512/60000]       0.6233              80.1300             0.5323              258            
1              [16576/60000]       0.3440              81.1800             0.5267              259            
1              [16640/60000]       0.5483              79.9600             0.5616              260            
1              [16704/60000]       0.5308              81.9500             0.5212              261            
1              [16768/60000]       0.3912              81.8700             0.5245              262            
1              [16832/60000]       0.3955              81.1300             0.5493              263            
1              [16896/60000]       0.5565              80.5100             0.5452              264            
1              [16960/60000]       0.4966              76.9100             0.6386              265            
1              [17024/60000]       0.6415              81.7800             0.5259              266            
1              [17088/60000]       0.4059              81.6400             0.5211              267            
1              [17152/60000]       0.6833              81.9000             0.5090              268            
1              [17216/60000]       0.3076              81.0600             0.5291              269            
1              [17280/60000]       0.4928              81.9500             0.5183              270            
1              [17344/60000]       0.6037              81.1000             0.5369              271            
1              [17408/60000]       0.5913              81.0100             0.5153              272            
1              [17472/60000]       0.4042              79.6500             0.5506              273            
1              [17536/60000]       0.6448              82.3800             0.4997              274            
1              [17600/60000]       0.4665              81.8400             0.5091              275            
1              [17664/60000]       0.5260              76.6800             0.6232              276            
1              [17728/60000]       0.6333              80.6100             0.5288              277            
1              [17792/60000]       0.6236              81.9700             0.5174              278            
1              [17856/60000]       0.2224              82.8200             0.4927              279            
