Current_Epoch  Batch/Total         CE_Train            Accuracy(%)         CE_TEST             Batch_Number   
0              [0/60000]           --                  9.020               2.2940              0
1              [64/60000]          2.2942              30.2000             10.9846             1              
1              [128/60000]         12.3503             31.2900             12.7450             2              
1              [192/60000]         17.0374             32.8600             13.2164             3              
1              [256/60000]         16.3657             40.7300             6.4153              4              
1              [320/60000]         6.8332              45.4600             7.6868              5              
1              [384/60000]         4.5714              34.3100             8.5502              6              
1              [448/60000]         8.0171              42.8400             10.0998             7              
1              [512/60000]         11.2080             52.8200             7.2424              8              
1              [576/60000]         6.8368              57.8700             3.8314              9              
1              [640/60000]         4.3943              59.0500             4.2637              10             
1              [704/60000]         3.0627              63.6800             2.3591              11             
1              [768/60000]         2.1813              62.1900             2.0659              12             
1              [832/60000]         2.9885              55.4900             2.3476              13             
1              [896/60000]         2.3595              67.3500             2.7756              14             
1              [960/60000]         3.5770              68.0600             1.9694              15             
1              [1024/60000]        2.3344              69.1300             1.8756              16             
1              [1088/60000]        1.7452              65.2700             1.8527              17             
1              [1152/60000]        2.1276              67.7500             2.9461              18             
1              [1216/60000]        3.1030              64.8200             2.4631              19             
1              [1280/60000]        2.2427              67.4400             1.3399              20             
1              [1344/60000]        1.7073              62.6700             1.9000              21             
1              [1408/60000]        2.0814              69.8100             1.2304              22             
1              [1472/60000]        1.7086              72.8800             1.1884              23             
1              [1536/60000]        0.8186              74.9400             0.8652              24             
1              [1600/60000]        0.4914              73.0900             1.2870              25             
1              [1664/60000]        1.3355              71.0400             1.5872              26             
1              [1728/60000]        0.6857              72.9500             1.2026              27             
1              [1792/60000]        0.9543              72.9500             1.1893              28             
1              [1856/60000]        1.2155              71.1200             1.0611              29             
1              [1920/60000]        1.2255              70.4200             1.0620              30             
1              [1984/60000]        0.7308              79.1500             0.6988              31             
1              [2048/60000]        0.6264              72.3200             0.9644              32             
1              [2112/60000]        0.6273              71.3300             1.2848              33             
1              [2176/60000]        1.8626              71.7900             1.5381              34             
1              [2240/60000]        1.2893              76.7600             0.8467              35             
1              [2304/60000]        0.9222              73.8300             1.2806              36             
1              [2368/60000]        1.1368              73.2900             0.9542              37             
1              [2432/60000]        0.8362              76.5400             0.9543              38             
1              [2496/60000]        1.0646              78.5300             0.6943              39             
1              [2560/60000]        0.8888              75.1700             0.9360              40             
1              [2624/60000]        1.2734              69.6000             1.6683              41             
1              [2688/60000]        1.1824              75.5000             0.8340              42             
1              [2752/60000]        0.4681              71.8000             1.0396              43             
1              [2816/60000]        1.0808              72.6500             1.1653              44             
1              [2880/60000]        0.5084              78.8300             0.7247              45             
1              [2944/60000]        0.6848              78.1900             0.7417              46             
1              [3008/60000]        0.7100              78.7600             0.7198              47             
1              [3072/60000]        0.9070              75.9800             0.8812              48             
1              [3136/60000]        0.8104              69.0500             1.1797              49             
1              [3200/60000]        0.8070              73.5800             0.9097              50             
1              [3264/60000]        1.1900              71.4500             1.0142              51             
1              [3328/60000]        0.9613              67.8900             1.2637              52             
1              [3392/60000]        0.7710              77.9300             0.7258              53             
1              [3456/60000]        0.5232              79.4700             0.6650              54             
1              [3520/60000]        0.3568              76.6300             0.7674              55             
1              [3584/60000]        0.5634              76.4700             0.7667              56             
1              [3648/60000]        0.7011              74.2900             0.8379              57             
1              [3712/60000]        0.4853              73.1700             0.9901              58             
1              [3776/60000]        0.6641              78.2100             0.7382              59             
1              [3840/60000]        0.7885              73.0300             1.0126              60             
1              [3904/60000]        1.1264              76.8000             0.7567              61             
1              [3968/60000]        0.9686              73.1100             1.2296              62             
1              [4032/60000]        1.4601              72.6100             0.8997              63             
1              [4096/60000]        1.3101              72.2700             1.2313              64             
1              [4160/60000]        1.2403              75.4700             1.0553              65             
1              [4224/60000]        1.6688              73.7800             0.8306              66             
1              [4288/60000]        0.5491              79.6300             0.6840              67             
1              [4352/60000]        1.0087              73.6600             0.8092              68             
1              [4416/60000]        0.7352              78.4400             0.6742              69             
1              [4480/60000]        0.6826              78.5200             0.6182              70             
1              [4544/60000]        0.7178              71.7700             0.8200              71             
1              [4608/60000]        0.9257              76.2100             0.9096              72             
1              [4672/60000]        0.9553              79.0400             0.6181              73             
1              [4736/60000]        0.5994              78.1000             0.6537              74             
1              [4800/60000]        0.7762              70.7900             0.8662              75             
1              [4864/60000]        0.7261              79.8000             0.5829              76             
1              [4928/60000]        0.5624              80.6600             0.5567              77             
1              [4992/60000]        0.6704              80.9600             0.5936              78             
1              [5056/60000]        0.5267              82.6500             0.5077              79             
1              [5120/60000]        0.4159              80.2100             0.5871              80             
1              [5184/60000]        0.4447              81.7400             0.5367              81             
1              [5248/60000]        0.6509              78.9200             0.6391              82             
1              [5312/60000]        0.6426              79.8700             0.5646              83             
1              [5376/60000]        0.6187              79.5700             0.5804              84             
1              [5440/60000]        0.4499              81.3700             0.5169              85             
1              [5504/60000]        0.6568              76.9200             0.6726              86             
1              [5568/60000]        0.6681              80.3800             0.5986              87             
1              [5632/60000]        0.3780              79.6200             0.6158              88             
1              [5696/60000]        0.5061              73.9600             0.7406              89             
1              [5760/60000]        0.4250              78.9800             0.5764              90             
1              [5824/60000]        0.7878              78.5500             0.7106              91             
1              [5888/60000]        0.7053              82.0800             0.5226              92             
1              [5952/60000]        0.5271              80.7800             0.5798              93             
1              [6016/60000]        0.5650              79.5700             0.5761              94             
1              [6080/60000]        0.5496              80.4600             0.5568              95             
1              [6144/60000]        0.5681              81.3300             0.5387              96             
1              [6208/60000]        0.5606              81.0100             0.5295              97             
1              [6272/60000]        0.4010              78.9400             0.6459              98             
1              [6336/60000]        0.6180              76.2200             0.6635              99             
1              [6400/60000]        0.4925              79.4900             0.6321              100            
1              [6464/60000]        0.5447              81.2500             0.5355              101            
1              [6528/60000]        0.5635              79.7700             0.5710              102            
1              [6592/60000]        0.6381              77.3100             0.6535              103            
1              [6656/60000]        0.5550              81.1000             0.5535              104            
1              [6720/60000]        0.5004              81.0100             0.5370              105            
1              [6784/60000]        0.6468              78.0400             0.6487              106            
1              [6848/60000]        0.5446              77.9400             0.6184              107            
1              [6912/60000]        0.6924              80.9900             0.5537              108            
1              [6976/60000]        0.6255              81.2700             0.5624              109            
1              [7040/60000]        0.6382              78.8400             0.5968              110            
1              [7104/60000]        0.7509              80.7900             0.5570              111            
1              [7168/60000]        0.8213              72.3400             0.8067              112            
1              [7232/60000]        0.7780              81.8000             0.5155              113            
1              [7296/60000]        0.5824              78.4900             0.5765              114            
1              [7360/60000]        0.7117              78.9300             0.5888              115            
1              [7424/60000]        0.5140              80.1900             0.5754              116            
1              [7488/60000]        0.4276              79.6400             0.5724              117            
1              [7552/60000]        0.5155              82.0200             0.5106              118            
1              [7616/60000]        0.5624              83.1300             0.4883              119            
1              [7680/60000]        0.4781              79.5400             0.5575              120            
1              [7744/60000]        0.5819              81.4000             0.5105              121            
1              [7808/60000]        0.5328              81.5900             0.5280              122            
1              [7872/60000]        0.4313              82.3500             0.4881              123            
1              [7936/60000]        0.3799              82.8300             0.4927              124            
1              [8000/60000]        0.5602              82.5100             0.4875              125            
1              [8064/60000]        0.3868              79.4100             0.5834              126            
1              [8128/60000]        0.4225              79.5700             0.5702              127            
1              [8192/60000]        0.8305              77.5100             0.6032              128            
1              [8256/60000]        0.7835              76.9800             0.5805              129            
1              [8320/60000]        0.4670              78.8400             0.6465              130            
1              [8384/60000]        0.5689              82.9900             0.4814              131            
1              [8448/60000]        0.3525              82.5300             0.4936              132            
1              [8512/60000]        0.3720              83.4000             0.4776              133            
1              [8576/60000]        0.4937              83.4500             0.4715              134            
1              [8640/60000]        0.3777              81.5200             0.5098              135            
1              [8704/60000]        0.3930              83.4800             0.4824              136            
1              [8768/60000]        0.4794              80.1800             0.5735              137            
1              [8832/60000]        0.5566              82.1300             0.4938              138            
1              [8896/60000]        0.4370              80.9500             0.5093              139            
1              [8960/60000]        0.5516              82.3400             0.5081              140            
1              [9024/60000]        0.3648              82.9100             0.4852              141            
1              [9088/60000]        0.4908              79.7100             0.5966              142            
1              [9152/60000]        0.7334              81.6100             0.5222              143            
1              [9216/60000]        0.5321              79.7400             0.5656              144            
1              [9280/60000]        0.5877              78.9900             0.5705              145            
1              [9344/60000]        0.4191              80.5600             0.5341              146            
1              [9408/60000]        0.4175              83.7100             0.4795              147            
1              [9472/60000]        0.5504              82.1900             0.5005              148            
1              [9536/60000]        0.8213              79.3600             0.5657              149            
1              [9600/60000]        0.6072              82.4000             0.5021              150            
1              [9664/60000]        0.5904              82.4700             0.4812              151            
1              [9728/60000]        0.5037              81.6900             0.5336              152            
1              [9792/60000]        0.4950              82.1200             0.5385              153            
1              [9856/60000]        0.4014              82.2900             0.4905              154            
1              [9920/60000]        0.3188              82.9100             0.4863              155            
1              [9984/60000]        0.5427              75.2300             0.6785              156            
1              [10048/60000]       0.6912              76.2300             0.7338              157            
1              [10112/60000]       0.7457              83.4000             0.4910              158            
1              [10176/60000]       0.4813              82.1000             0.5148              159            
1              [10240/60000]       0.4147              83.1100             0.4754              160            
1              [10304/60000]       0.6265              83.6500             0.4635              161            
1              [10368/60000]       0.3386              83.2700             0.4627              162            
1              [10432/60000]       0.3075              82.0500             0.4784              163            
1              [10496/60000]       0.6203              80.9400             0.5651              164            
1              [10560/60000]       0.5735              80.0600             0.5683              165            
1              [10624/60000]       0.5335              83.8100             0.4524              166            
1              [10688/60000]       0.6700              80.8400             0.5261              167            
1              [10752/60000]       0.4670              81.3900             0.5019              168            
1              [10816/60000]       0.5276              81.3500             0.5410              169            
1              [10880/60000]       0.5104              79.2200             0.5463              170            
1              [10944/60000]       0.5017              81.5700             0.5496              171            
1              [11008/60000]       0.8306              81.9900             0.4857              172            
1              [11072/60000]       0.4768              83.8600             0.4582              173            
1              [11136/60000]       0.2651              83.8100             0.4651              174            
1              [11200/60000]       0.5418              79.2400             0.5820              175            
1              [11264/60000]       0.5394              83.9200             0.4481              176            
1              [11328/60000]       0.3735              82.6100             0.4926              177            
1              [11392/60000]       0.4681              83.7400             0.4615              178            
1              [11456/60000]       0.2715              83.5300             0.4593              179            
1              [11520/60000]       0.3104              83.9300             0.4470              180            
1              [11584/60000]       0.2493              81.7500             0.4906              181            
1              [11648/60000]       0.3197              81.8000             0.5209              182            
1              [11712/60000]       0.4624              83.0400             0.4771              183            
1              [11776/60000]       0.5977              79.9100             0.5344              184            
1              [11840/60000]       0.6247              79.7000             0.5706              185            
1              [11904/60000]       0.5030              82.4600             0.4973              186            
1              [11968/60000]       0.3814              83.5200             0.4556              187            
1              [12032/60000]       0.2813              83.2100             0.4820              188            
1              [12096/60000]       0.2919              83.7300             0.4552              189            
1              [12160/60000]       0.2892              84.0400             0.4604              190            
1              [12224/60000]       0.5416              83.4400             0.4772              191            
1              [12288/60000]       0.4898              83.0000             0.4916              192            
1              [12352/60000]       0.4047              80.9600             0.5179              193            
1              [12416/60000]       0.4719              82.8900             0.4700              194            
1              [12480/60000]       0.4162              80.4200             0.5193              195            
1              [12544/60000]       0.6520              83.5500             0.4721              196            
1              [12608/60000]       0.4113              83.1600             0.4696              197            
1              [12672/60000]       0.4547              82.6700             0.5182              198            
1              [12736/60000]       0.7481              82.0100             0.4860              199            
1              [12800/60000]       0.4879              82.7800             0.4737              200            
1              [12864/60000]       0.3095              81.9500             0.5173              201            
1              [12928/60000]       0.6875              80.3500             0.5628              202            
1              [12992/60000]       0.6677              81.1700             0.5303              203            
1              [13056/60000]       0.2763              84.3200             0.4476              204            
1              [13120/60000]       0.2939              82.9200             0.4568              205            
1              [13184/60000]       0.5188              82.7900             0.4974              206            
1              [13248/60000]       0.4059              83.2800             0.4703              207            
1              [13312/60000]       0.5989              77.8000             0.5921              208            
1              [13376/60000]       0.5055              82.5100             0.5259              209            
1              [13440/60000]       0.6260              83.1100             0.4697              210            
1              [13504/60000]       0.4081              83.5800             0.4576              211            
1              [13568/60000]       0.4290              81.5400             0.5430              212            
1              [13632/60000]       0.3399              84.4700             0.4485              213            
1              [13696/60000]       0.4493              84.5200             0.4563              214            
1              [13760/60000]       0.5120              79.9500             0.5689              215            
1              [13824/60000]       0.9005              83.2400             0.4801              216            
1              [13888/60000]       0.6332              81.4500             0.4927              217            
1              [13952/60000]       0.5679              83.2500             0.4674              218            
1              [14016/60000]       0.4346              83.6800             0.4647              219            
1              [14080/60000]       0.4728              82.4900             0.4954              220            
1              [14144/60000]       0.2266              83.9700             0.4565              221            
1              [14208/60000]       0.2789              83.8100             0.4475              222            
1              [14272/60000]       0.4431              83.9400             0.4589              223            
1              [14336/60000]       0.5724              84.0900             0.4557              224            
1              [14400/60000]       0.3095              84.2400             0.4398              225            
1              [14464/60000]       0.3941              82.8700             0.4931              226            
1              [14528/60000]       0.6505              84.4700             0.4523              227            
1              [14592/60000]       0.5820              83.9100             0.4542              228            
1              [14656/60000]       0.7033              81.9500             0.4920              229            
1              [14720/60000]       0.3757              83.3100             0.4745              230            
1              [14784/60000]       0.4584              84.3300             0.4424              231            
1              [14848/60000]       0.5254              82.7200             0.4876              232            
1              [14912/60000]       0.5381              84.4900             0.4455              233            
1              [14976/60000]       0.4581              84.4900             0.4459              234            
1              [15040/60000]       0.5345              84.1500             0.4597              235            
1              [15104/60000]       0.4546              80.4600             0.5013              236            
1              [15168/60000]       0.4235              82.5100             0.4985              237            
1              [15232/60000]       0.2212              83.0200             0.4719              238            
1              [15296/60000]       0.3136              85.1700             0.4220              239            
1              [15360/60000]       0.3499              81.2100             0.4918              240            
1              [15424/60000]       0.6534              82.0300             0.4919              241            
1              [15488/60000]       0.5201              82.4700             0.4823              242            
1              [15552/60000]       0.4448              84.9100             0.4256              243            
1              [15616/60000]       0.4188              84.2300             0.4447              244            
1              [15680/60000]       0.4491              84.9200             0.4363              245            
1              [15744/60000]       0.3303              85.0500             0.4381              246            
1              [15808/60000]       0.4032              84.4500             0.4368              247            
1              [15872/60000]       0.2555              83.1500             0.4805              248            
1              [15936/60000]       0.3835              84.9500             0.4382              249            
1              [16000/60000]       0.2368              85.1300             0.4347              250            
1              [16064/60000]       0.2635              82.8800             0.4820              251            
1              [16128/60000]       0.4886              84.1200             0.4647              252            
1              [16192/60000]       0.4621              83.7400             0.4756              253            
1              [16256/60000]       0.4526              84.6100             0.4343              254            
1              [16320/60000]       0.4316              82.9000             0.5016              255            
1              [16384/60000]       0.5013              83.7200             0.4553              256            
1              [16448/60000]       0.4802              83.3400             0.4979              257            
1              [16512/60000]       0.4731              83.3500             0.4680              258            
1              [16576/60000]       0.7282              82.3500             0.5281              259            
