Current_Epoch  Batch/Total         CE_Train            Accuracy(%)         CE_TEST             Batch_Number   
0              [0/50000]           --                  9.020               2.3088              0
1              [64/50000]          2.2910              15.3700             9.8269              1              
1              [128/50000]         8.9145              18.3100             10.2550             2              
1              [192/50000]         13.7266             10.0500             13.1260             3              
1              [256/50000]         15.4757             15.9900             9.5601              4              
1              [320/50000]         9.9927              17.7400             9.5055              5              
1              [384/50000]         9.2496              14.7900             10.8066             6              
1              [448/50000]         11.9245             16.5800             8.2803              7              
1              [512/50000]         8.5410              20.9800             6.2336              8              
1              [576/50000]         6.3513              14.3500             4.9604              9              
1              [640/50000]         4.9385              23.7900             4.0270              10             
1              [704/50000]         3.5867              23.5200             3.2037              11             
1              [768/50000]         2.7249              23.0800             2.7129              12             
1              [832/50000]         2.5818              18.6600             2.9861              13             
1              [896/50000]         3.3026              29.7900             2.3202              14             
1              [960/50000]         2.1709              26.3800             2.3110              15             
1              [1024/50000]        2.3124              22.3400             2.8826              16             
1              [1088/50000]        2.8446              26.0000             2.1878              17             
1              [1152/50000]        2.3432              27.8400             2.3971              18             
1              [1216/50000]        2.5140              25.9700             2.0919              19             
1              [1280/50000]        2.3505              25.0800             2.1655              20             
1              [1344/50000]        2.1188              29.3400             2.1528              21             
1              [1408/50000]        2.0419              28.9100             2.0492              22             
1              [1472/50000]        1.9840              34.0400             1.9078              23             
1              [1536/50000]        1.8167              28.1300             2.0403              24             
1              [1600/50000]        2.1795              28.2700             2.1347              25             
1              [1664/50000]        2.0759              31.3900             2.0057              26             
1              [1728/50000]        2.1446              32.2900             2.0761              27             
1              [1792/50000]        2.2034              32.2800             1.9429              28             
1              [1856/50000]        1.9001              32.2700             1.9497              29             
1              [1920/50000]        1.9461              34.7900             2.0238              30             
1              [1984/50000]        2.1119              31.0600             1.9695              31             
1              [2048/50000]        2.0952              29.9900             2.0304              32             
1              [2112/50000]        1.8271              33.1500             1.8360              33             
1              [2176/50000]        1.9150              31.9600             1.9408              34             
1              [2240/50000]        2.0473              33.4600             1.9194              35             
1              [2304/50000]        2.0109              33.3300             1.9331              36             
1              [2368/50000]        1.9929              33.8300             1.9171              37             
1              [2432/50000]        1.8905              34.1900             1.8475              38             
1              [2496/50000]        1.6374              32.2600             1.9509              39             
1              [2560/50000]        1.9161              37.2700             1.7994              40             
1              [2624/50000]        2.1834              31.7900             1.8854              41             
1              [2688/50000]        1.9260              31.7500             1.9438              42             
1              [2752/50000]        2.1792              31.3100             1.9647              43             
1              [2816/50000]        1.9980              35.4900             1.8739              44             
1              [2880/50000]        1.9646              36.9000             1.7754              45             
1              [2944/50000]        1.7256              34.6200             1.8667              46             
1              [3008/50000]        1.9877              37.5400             1.8146              47             
1              [3072/50000]        1.9609              33.5400             1.9068              48             
1              [3136/50000]        2.0274              27.9500             2.0455              49             
1              [3200/50000]        1.9335              31.3100             2.0087              50             
1              [3264/50000]        2.0298              33.6600             1.8541              51             
1              [3328/50000]        2.1026              35.7200             1.8132              52             
1              [3392/50000]        1.8176              31.7000             2.0286              53             
1              [3456/50000]        1.9187              37.0200             1.7568              54             
1              [3520/50000]        1.8704              30.2900             1.9744              55             
1              [3584/50000]        1.8593              35.5900             1.7900              56             
1              [3648/50000]        1.7985              33.2400             1.8314              57             
1              [3712/50000]        2.0087              35.8300             1.8611              58             
1              [3776/50000]        2.0151              35.4700             1.8304              59             
1              [3840/50000]        1.9167              38.5000             1.8023              60             
1              [3904/50000]        1.8584              36.7500             1.7686              61             
1              [3968/50000]        1.9065              34.6900             1.7797              62             
1              [4032/50000]        1.8521              34.6100             1.9579              63             
1              [4096/50000]        2.0065              31.8300             1.8896              64             
1              [4160/50000]        1.9940              36.1700             1.8279              65             
1              [4224/50000]        1.8734              39.3500             1.7519              66             
1              [4288/50000]        1.8659              38.3600             1.7732              67             
1              [4352/50000]        1.8184              36.6000             1.7868              68             
1              [4416/50000]        1.5954              37.0300             1.7706              69             
1              [4480/50000]        1.7629              38.9600             1.7186              70             
1              [4544/50000]        1.5668              40.3800             1.7138              71             
1              [4608/50000]        1.6753              36.2300             1.8165              72             
1              [4672/50000]        1.7815              33.0900             1.8864              73             
1              [4736/50000]        1.7793              33.4000             1.8974              74             
1              [4800/50000]        1.7441              25.3600             2.1365              75             
1              [4864/50000]        1.9513              37.7900             1.8595              76             
1              [4928/50000]        2.0820              34.8000             1.8237              77             
1              [4992/50000]        1.8772              35.9900             1.7572              78             
1              [5056/50000]        1.8408              40.0500             1.6925              79             
1              [5120/50000]        1.8197              41.1600             1.6779              80             
1              [5184/50000]        1.7021              41.1500             1.6610              81             
1              [5248/50000]        1.6068              39.8900             1.7072              82             
1              [5312/50000]        1.6150              42.7300             1.6252              83             
1              [5376/50000]        1.7224              35.8500             1.8060              84             
1              [5440/50000]        1.6014              39.3700             1.7462              85             
1              [5504/50000]        1.7685              35.4100             1.8323              86             
1              [5568/50000]        1.9934              35.4500             1.9247              87             
1              [5632/50000]        1.7619              32.3800             2.0354              88             
1              [5696/50000]        2.1506              32.2100             1.8759              89             
1              [5760/50000]        1.8553              36.2700             1.8542              90             
1              [5824/50000]        2.1411              37.2100             1.7245              91             
1              [5888/50000]        1.6783              40.5300             1.6854              92             
1              [5952/50000]        1.6984              38.4200             1.7297              93             
1              [6016/50000]        1.6231              41.7700             1.6569              94             
1              [6080/50000]        1.5763              40.5700             1.6664              95             
1              [6144/50000]        1.6420              40.4100             1.6949              96             
1              [6208/50000]        1.5029              40.9600             1.6480              97             
1              [6272/50000]        1.7359              37.8800             1.7889              98             
1              [6336/50000]        1.8714              41.5500             1.6451              99             
1              [6400/50000]        1.6014              39.6600             1.7261              100            
1              [6464/50000]        1.5737              42.5300             1.6230              101            
1              [6528/50000]        1.5233              43.0900             1.6450              102            
1              [6592/50000]        1.8269              40.2800             1.6663              103            
1              [6656/50000]        1.5801              40.5400             1.6906              104            
1              [6720/50000]        1.9018              37.2600             1.7798              105            
1              [6784/50000]        1.6508              39.9700             1.7007              106            
1              [6848/50000]        1.6090              41.9000             1.6406              107            
1              [6912/50000]        1.9280              41.6300             1.6404              108            
1              [6976/50000]        1.4445              42.4500             1.6432              109            
1              [7040/50000]        1.4362              36.3000             1.7957              110            
1              [7104/50000]        1.8545              41.4300             1.6793              111            
1              [7168/50000]        1.6657              39.8600             1.6875              112            
1              [7232/50000]        1.6028              35.2200             1.8363              113            
1              [7296/50000]        1.8631              41.7600             1.6637              114            
1              [7360/50000]        1.7884              44.1700             1.5867              115            
1              [7424/50000]        1.8750              43.7900             1.6056              116            
1              [7488/50000]        1.5284              42.8700             1.5991              117            
1              [7552/50000]        1.5228              37.5100             1.7366              118            
1              [7616/50000]        1.9248              39.4900             1.7632              119            
1              [7680/50000]        1.9455              41.0500             1.6619              120            
1              [7744/50000]        1.9127              45.2700             1.5747              121            
1              [7808/50000]        1.5684              42.0700             1.6531              122            
1              [7872/50000]        1.4711              39.0000             1.6982              123            
1              [7936/50000]        1.7925              41.2500             1.6520              124            
1              [8000/50000]        1.7249              42.8200             1.5807              125            
1              [8064/50000]        1.4941              46.1900             1.5567              126            
1              [8128/50000]        1.6047              41.3800             1.6222              127            
1              [8192/50000]        1.7247              43.5600             1.5852              128            
1              [8256/50000]        1.6685              41.4200             1.6735              129            
1              [8320/50000]        1.8425              36.4300             1.7679              130            
1              [8384/50000]        1.9572              38.6400             1.7001              131            
1              [8448/50000]        1.5056              43.7500             1.5835              132            
1              [8512/50000]        1.5512              37.1600             1.7429              133            
1              [8576/50000]        1.4585              42.0700             1.6361              134            
1              [8640/50000]        1.7210              38.3000             1.6867              135            
1              [8704/50000]        1.6945              39.8100             1.7036              136            
1              [8768/50000]        1.9169              41.0900             1.6545              137            
1              [8832/50000]        1.6901              41.1500             1.6346              138            
1              [8896/50000]        1.4284              41.1100             1.6352              139            
1              [8960/50000]        1.7392              44.3400             1.5624              140            
1              [9024/50000]        1.4571              44.2600             1.5894              141            
1              [9088/50000]        1.7133              43.2000             1.6121              142            
1              [9152/50000]        1.5945              40.6200             1.6476              143            
1              [9216/50000]        1.5737              44.2400             1.5413              144            
1              [9280/50000]        1.5219              43.4900             1.5733              145            
1              [9344/50000]        1.7406              44.9900             1.5489              146            
1              [9408/50000]        1.3182              44.6900             1.5541              147            
1              [9472/50000]        1.5071              42.4000             1.6605              148            
1              [9536/50000]        1.6411              43.4300             1.6179              149            
1              [9600/50000]        1.6461              38.0500             1.7238              150            
1              [9664/50000]        1.8088              39.3600             1.6545              151            
1              [9728/50000]        1.6280              37.4200             1.7264              152            
1              [9792/50000]        1.7373              42.5900             1.6371              153            
1              [9856/50000]        1.8206              45.0100             1.5542              154            
1              [9920/50000]        1.4961              44.2200             1.5499              155            
1              [9984/50000]        1.3341              43.8700             1.5534              156            
1              [10048/50000]       1.4107              42.6700             1.6184              157            
1              [10112/50000]       1.6939              38.0500             1.7167              158            
1              [10176/50000]       1.7466              37.8300             1.7213              159            
1              [10240/50000]       1.5905              40.5500             1.6439              160            
1              [10304/50000]       1.7737              44.9600             1.5432              161            
1              [10368/50000]       1.7496              43.2000             1.5811              162            
1              [10432/50000]       1.5602              45.9600             1.5502              163            
1              [10496/50000]       1.5997              44.0500             1.5806              164            
1              [10560/50000]       1.6061              44.0700             1.5533              165            
1              [10624/50000]       1.6229              40.4400             1.6974              166            
1              [10688/50000]       1.8260              43.9600             1.6019              167            
1              [10752/50000]       1.6963              37.7600             1.7297              168            
1              [10816/50000]       1.8372              43.1000             1.5411              169            
1              [10880/50000]       1.6666              43.7800             1.5354              170            
1              [10944/50000]       1.3643              43.6600             1.5547              171            
1              [11008/50000]       1.8619              44.9300             1.5599              172            
1              [11072/50000]       1.7234              46.7300             1.5389              173            
1              [11136/50000]       1.4689              44.9100             1.5366              174            
1              [11200/50000]       1.4788              45.0200             1.5267              175            
1              [11264/50000]       1.5970              44.2600             1.5878              176            
1              [11328/50000]       1.4018              44.2300             1.5395              177            
1              [11392/50000]       1.6985              46.1100             1.5193              178            
1              [11456/50000]       1.7820              41.6700             1.6298              179            
1              [11520/50000]       1.6394              44.6700             1.5689              180            
1              [11584/50000]       1.5787              46.9500             1.5038              181            
1              [11648/50000]       1.5213              45.6000             1.5222              182            
1              [11712/50000]       1.5727              41.2800             1.6459              183            
1              [11776/50000]       1.7295              39.4600             1.7993              184            
1              [11840/50000]       1.5013              44.3600             1.5640              185            
1              [11904/50000]       1.6899              47.0200             1.4920              186            
1              [11968/50000]       1.3981              47.9500             1.5072              187            
1              [12032/50000]       1.3125              46.4500             1.5048              188            
1              [12096/50000]       1.4269              46.1900             1.5089              189            
1              [12160/50000]       1.9727              40.9500             1.7569              190            
1              [12224/50000]       1.4885              41.8200             1.7282              191            
1              [12288/50000]       1.8092              45.7800             1.5225              192            
1              [12352/50000]       1.4975              47.3100             1.4968              193            
1              [12416/50000]       1.4518              45.9000             1.5150              194            
1              [12480/50000]       1.4871              44.1100             1.5702              195            
1              [12544/50000]       1.5683              42.8600             1.6010              196            
1              [12608/50000]       1.5322              42.3400             1.5782              197            
1              [12672/50000]       1.5221              45.9700             1.5157              198            
1              [12736/50000]       1.4590              42.7700             1.5483              199            
