Current_Epoch  Batch/Total         CE_Train            Accuracy(%)         CE_TEST             Batch_Number   
0              [0/50000]           --                  9.020               4.6068              0
1              [1024/50000]        4.6108              2.3600              6.8613              1              
1              [2048/50000]        6.7044              1.0000              15.5193             2              
1              [3072/50000]        15.0764             1.4700              18.0613             3              
1              [4096/50000]        18.3370             1.0800              13.7481             4              
1              [5120/50000]        13.7397             1.1200              11.8878             5              
1              [6144/50000]        11.4141             1.5800              9.6633              6              
1              [7168/50000]        9.7613              1.6200              9.3035              7              
1              [8192/50000]        9.3899              1.6000              8.1571              8              
1              [9216/50000]        8.2639              2.7200              7.4609              9              
1              [10240/50000]       7.5928              3.0500              6.6029              10             
1              [11264/50000]       6.7478              3.9600              5.8573              11             
1              [12288/50000]       5.8947              3.5800              5.4660              12             
1              [13312/50000]       5.3770              4.7600              5.1241              13             
1              [14336/50000]       5.0871              5.9900              4.8793              14             
1              [15360/50000]       4.9241              7.7900              4.6635              15             
1              [16384/50000]       4.6513              6.7100              4.5541              16             
1              [17408/50000]       4.5097              9.8800              4.4944              17             
1              [18432/50000]       4.5073              9.2200              4.4270              18             
1              [19456/50000]       4.4384              9.8500              4.3679              19             
1              [20480/50000]       4.3977              9.9200              4.3154              20             
1              [21504/50000]       4.3282              9.5900              4.2916              21             
1              [22528/50000]       4.2744              9.7500              4.2642              22             
1              [23552/50000]       4.2757              9.1900              4.2198              23             
1              [24576/50000]       4.2150              9.4800              4.1977              24             
1              [25600/50000]       4.1607              9.5600              4.1766              25             
1              [26624/50000]       4.1946              10.3700             4.1360              26             
1              [27648/50000]       4.1346              10.7400             4.0989              27             
1              [28672/50000]       4.0307              10.7500             4.0743              28             
1              [29696/50000]       4.0426              11.3700             4.0503              29             
1              [30720/50000]       4.0260              11.0600             4.0435              30             
1              [31744/50000]       4.0187              11.3000             4.0190              31             
1              [32768/50000]       3.9773              11.9500             3.9751              32             
1              [33792/50000]       3.9849              12.9100             3.9618              33             
1              [34816/50000]       3.9206              12.2800             3.9749              34             
1              [35840/50000]       3.9489              12.4100             3.9487              35             
1              [36864/50000]       3.9073              12.2900             3.9063              36             
1              [37888/50000]       3.8698              12.8600             3.8806              37             
1              [38912/50000]       3.9104              13.4500             3.8734              38             
1              [39936/50000]       3.7835              13.1000             3.8663              39             
1              [40960/50000]       3.9338              13.4200             3.9079              40             
1              [41984/50000]       3.9202              12.7700             3.8718              41             
1              [43008/50000]       3.9173              13.4700             3.8511              42             
1              [44032/50000]       3.8346              12.8500             3.8601              43             
1              [45056/50000]       3.8822              12.9500             3.8611              44             
1              [46080/50000]       3.9448              13.8000             3.8249              45             
1              [47104/50000]       3.7333              12.1600             3.8017              46             
1              [48128/50000]       3.8177              13.0200             3.8257              47             
1              [49152/50000]       3.8295              13.1400             3.8376              48             
1              [41552/50000]       3.7853              13.0700             3.8113              49             
2              [1024/50000]        3.7742              14.4000             3.7792              50             
2              [2048/50000]        3.6287              15.2700             3.7162              51             
2              [3072/50000]        3.6282              15.2500             3.7278              52             
2              [4096/50000]        3.6655              12.8900             3.7725              53             
2              [5120/50000]        3.6848              13.0800             3.8038              54             
2              [6144/50000]        3.7167              12.8300             3.8649              55             
2              [7168/50000]        3.8274              13.5800             3.7816              56             
2              [8192/50000]        3.6949              14.5400             3.7279              57             
2              [9216/50000]        3.6639              11.9600             3.8096              58             
2              [10240/50000]       3.6871              13.5300             3.8942              59             
2              [11264/50000]       3.7655              12.9200             3.7878              60             
2              [12288/50000]       3.7097              14.1700             3.7569              61             
2              [13312/50000]       3.5883              15.2100             3.7105              62             
2              [14336/50000]       3.6611              14.7800             3.7237              63             
2              [15360/50000]       3.6386              14.0900             3.7353              64             
2              [16384/50000]       3.6238              13.1500             3.7823              65             
2              [17408/50000]       3.7176              15.0700             3.7690              66             
2              [18432/50000]       3.6892              14.6400             3.7317              67             
2              [19456/50000]       3.6543              15.0200             3.7734              68             
2              [20480/50000]       3.6895              14.1300             3.7388              69             
2              [21504/50000]       3.6537              15.2200             3.6957              70             
2              [22528/50000]       3.6134              13.2500             3.7658              71             
2              [23552/50000]       3.6807              15.5700             3.7158              72             
2              [24576/50000]       3.6013              16.1600             3.6193              73             
2              [25600/50000]       3.4960              15.6100             3.6543              74             
2              [26624/50000]       3.5913              16.6700             3.7002              75             
2              [27648/50000]       3.6507              15.5300             3.6538              76             
2              [28672/50000]       3.5515              17.0500             3.6118              77             
2              [29696/50000]       3.5139              17.8600             3.5868              78             
2              [30720/50000]       3.6173              18.0300             3.5557              79             
2              [31744/50000]       3.4584              18.9600             3.5254              80             
2              [32768/50000]       3.4972              16.6300             3.5961              81             
2              [33792/50000]       3.5438              15.4900             3.6918              82             
2              [34816/50000]       3.6327              17.8900             3.5682              83             
2              [35840/50000]       3.4703              16.8600             3.5546              84             
2              [36864/50000]       3.4448              17.5700             3.6161              85             
2              [37888/50000]       3.5346              18.9700             3.5299              86             
2              [38912/50000]       3.4401              17.7900             3.5244              87             
2              [39936/50000]       3.4009              17.7900             3.5462              88             
2              [40960/50000]       3.4581              18.7500             3.5412              89             
2              [41984/50000]       3.4302              19.1100             3.4921              90             
2              [43008/50000]       3.3435              18.5500             3.4973              91             
2              [44032/50000]       3.3676              16.2000             3.6286              92             
2              [45056/50000]       3.5146              16.4100             3.7357              93             
2              [46080/50000]       3.7279              14.2800             3.8010              94             
2              [47104/50000]       3.6688              14.0800             3.8207              95             
2              [48128/50000]       3.7551              16.3200             3.6725              96             
2              [49152/50000]       3.5965              17.7900             3.5226              97             
2              [41552/50000]       3.3900              18.5400             3.5099              98             
3              [1024/50000]        3.3577              19.9000             3.4717              99             
3              [2048/50000]        3.2694              20.0100             3.4369              100            
3              [3072/50000]        3.3470              19.1700             3.5286              101            
3              [4096/50000]        3.3933              19.4100             3.5020              102            
3              [5120/50000]        3.4395              18.3900             3.5416              103            
3              [6144/50000]        3.3802              17.5000             3.6187              104            
3              [7168/50000]        3.4703              19.0300             3.5225              105            
3              [8192/50000]        3.3998              18.4800             3.4714              106            
3              [9216/50000]        3.3315              18.8300             3.5152              107            
3              [10240/50000]       3.3155              17.3900             3.5662              108            
3              [11264/50000]       3.3825              18.2000             3.5384              109            
3              [12288/50000]       3.2995              19.0800             3.5027              110            
3              [13312/50000]       3.3934              19.1100             3.4675              111            
3              [14336/50000]       3.3334              18.9500             3.5401              112            
3              [15360/50000]       3.4182              17.6400             3.5404              113            
3              [16384/50000]       3.3564              16.5300             3.6333              114            
3              [17408/50000]       3.4251              16.5000             3.6445              115            
3              [18432/50000]       3.4116              17.9700             3.5933              116            
3              [19456/50000]       3.3753              18.0200             3.5894              117            
3              [20480/50000]       3.4455              18.8700             3.5306              118            
3              [21504/50000]       3.2680              19.0600             3.5000              119            
3              [22528/50000]       3.3157              17.9300             3.5353              120            
3              [23552/50000]       3.3644              18.1400             3.5622              121            
3              [24576/50000]       3.4300              18.9000             3.5381              122            
3              [25600/50000]       3.4459              17.4100             3.5817              123            
3              [26624/50000]       3.4524              19.7500             3.4618              124            
3              [27648/50000]       3.2876              20.1200             3.4430              125            
3              [28672/50000]       3.2530              21.4300             3.3564              126            
3              [29696/50000]       3.2781              20.8800             3.4008              127            
3              [30720/50000]       3.2404              19.5600             3.4125              128            
3              [31744/50000]       3.1547              20.8900             3.4181              129            
3              [32768/50000]       3.2292              20.5900             3.3909              130            
3              [33792/50000]       3.2637              20.6300             3.4149              131            
3              [34816/50000]       3.2145              19.5200             3.4618              132            
3              [35840/50000]       3.2913              20.0100             3.4927              133            
3              [36864/50000]       3.3121              20.6900             3.4454              134            
3              [37888/50000]       3.1911              20.7200             3.3995              135            
3              [38912/50000]       3.2974              19.5700             3.4664              136            
3              [39936/50000]       3.2246              19.1200             3.4739              137            
3              [40960/50000]       3.1993              19.8100             3.4844              138            
3              [41984/50000]       3.3189              20.0000             3.4696              139            
3              [43008/50000]       3.3316              18.7600             3.5274              140            
3              [44032/50000]       3.3391              19.2100             3.5760              141            
3              [45056/50000]       3.3845              18.9100             3.5594              142            
3              [46080/50000]       3.4278              20.2400             3.4939              143            
3              [47104/50000]       3.4218              18.6500             3.5344              144            
3              [48128/50000]       3.3202              20.5200             3.4507              145            
3              [49152/50000]       3.2524              20.6000             3.4371              146            
3              [41552/50000]       3.3428              19.8100             3.4894              147            
4              [1024/50000]        3.2435              19.8300             3.4375              148            
4              [2048/50000]        3.1308              21.6300             3.3433              149            
4              [3072/50000]        3.1015              20.5100             3.4075              150            
4              [4096/50000]        3.0787              19.7800             3.5040              151            
4              [5120/50000]        3.1989              18.7700             3.5500              152            
4              [6144/50000]        3.3066              19.6000             3.4940              153            
4              [7168/50000]        3.1477              21.0500             3.4018              154            
4              [8192/50000]        3.1572              20.9900             3.3743              155            
4              [9216/50000]        3.0129              22.0400             3.3307              156            
4              [10240/50000]       3.0053              22.6400             3.3171              157            
4              [11264/50000]       3.0357              23.7900             3.2508              158            
4              [12288/50000]       2.9907              22.3100             3.3085              159            
