Current_Epoch  Batch/Total         CE_Train            Accuracy(%)         CE_TEST             Batch_Number   
0              [0/60000]           --                  9.020               2.3138              0
1              [1024/60000]        2.3151              61.6900             1.4128              1              
1              [2048/60000]        1.3954              33.7600             4.7846              2              
1              [3072/60000]        4.8351              58.5100             4.2845              3              
1              [4096/60000]        3.9523              31.2200             5.1663              4              
1              [5120/60000]        5.2075              41.0400             5.6960              5              
1              [6144/60000]        5.5843              42.5700             5.1672              6              
1              [7168/60000]        4.9429              42.6600             3.9178              7              
1              [8192/60000]        4.0361              56.0800             2.2385              8              
1              [9216/60000]        2.2003              67.9500             1.0232              9              
1              [10240/60000]       1.0095              77.7200             0.7279              10             
1              [11264/60000]       0.7207              82.0300             0.5625              11             
1              [12288/60000]       0.5929              85.2300             0.4808              12             
1              [13312/60000]       0.5071              86.0800             0.4608              13             
1              [14336/60000]       0.4780              86.1900             0.4649              14             
1              [15360/60000]       0.4764              84.4600             0.4679              15             
1              [16384/60000]       0.4796              87.7000             0.4272              16             
1              [17408/60000]       0.4491              87.3500             0.4187              17             
1              [18432/60000]       0.4200              87.3500             0.4290              18             
1              [19456/60000]       0.4347              85.1100             0.4580              19             
1              [20480/60000]       0.4648              85.6900             0.4467              20             
1              [21504/60000]       0.4768              84.9400             0.4652              21             
1              [22528/60000]       0.5511              85.2100             0.4764              22             
1              [23552/60000]       0.5527              80.1900             0.5900              23             
1              [24576/60000]       0.5514              83.3200             0.5244              24             
1              [25600/60000]       0.5643              83.2700             0.5165              25             
1              [26624/60000]       0.5796              83.0100             0.5274              26             
1              [27648/60000]       0.5454              82.1600             0.5453              27             
1              [28672/60000]       0.5619              85.1800             0.4840              28             
1              [29696/60000]       0.5462              84.5500             0.4819              29             
1              [30720/60000]       0.4854              87.6200             0.4117              30             
1              [31744/60000]       0.4049              88.6600             0.3790              31             
1              [32768/60000]       0.3822              89.8400             0.3535              32             
1              [33792/60000]       0.3607              90.1600             0.3367              33             
1              [34816/60000]       0.3767              88.9300             0.3669              34             
1              [35840/60000]       0.4418              87.7500             0.3985              35             
1              [36864/60000]       0.4342              88.8900             0.3679              36             
1              [37888/60000]       0.3887              87.6900             0.3951              37             
1              [38912/60000]       0.3974              89.0800             0.3642              38             
1              [39936/60000]       0.4327              89.5100             0.3458              39             
1              [40960/60000]       0.3988              89.8100             0.3408              40             
1              [41984/60000]       0.3299              89.7400             0.3362              41             
1              [43008/60000]       0.3332              91.3600             0.2996              42             
1              [44032/60000]       0.3088              91.2100             0.2999              43             
1              [45056/60000]       0.3133              91.7900             0.2913              44             
1              [46080/60000]       0.3331              91.5400             0.2873              45             
1              [47104/60000]       0.3054              91.7400             0.2912              46             
1              [48128/60000]       0.2927              91.1100             0.3015              47             
1              [49152/60000]       0.3004              90.6700             0.3271              48             
1              [50176/60000]       0.3870              88.5600             0.3625              49             
1              [51200/60000]       0.4564              82.4900             0.5533              50             
1              [52224/60000]       0.5573              81.1700             0.6462              51             
1              [53248/60000]       0.6239              83.8900             0.4945              52             
1              [54272/60000]       0.5079              86.3800             0.3987              53             
1              [55296/60000]       0.4601              85.4700             0.4313              54             
1              [56320/60000]       0.4571              86.9700             0.3838              55             
1              [57344/60000]       0.4134              86.5400             0.3975              56             
1              [58368/60000]       0.4105              89.7100             0.3193              57             
1              [59392/60000]       0.3011              91.9100             0.2750              58             
1              [35872/60000]       0.2953              91.6800             0.2751              59             
2              [1024/60000]        0.3370              91.7400             0.2894              60             
2              [2048/60000]        0.2982              92.1200             0.2660              61             
2              [3072/60000]        0.2784              91.8900             0.2726              62             
2              [4096/60000]        0.3008              92.6100             0.2528              63             
2              [5120/60000]        0.2746              92.7800             0.2489              64             
2              [6144/60000]        0.2616              92.7800             0.2503              65             
2              [7168/60000]        0.2555              92.2600             0.2620              66             
2              [8192/60000]        0.2899              91.6100             0.2809              67             
2              [9216/60000]        0.2754              90.3600             0.3118              68             
2              [10240/60000]       0.3181              86.3500             0.3950              69             
2              [11264/60000]       0.3767              86.7300             0.4783              70             
2              [12288/60000]       0.4882              91.0900             0.2897              71             
2              [13312/60000]       0.3319              92.2900             0.2659              72             
2              [14336/60000]       0.2982              92.1400             0.2704              73             
2              [15360/60000]       0.2971              90.9000             0.3015              74             
2              [16384/60000]       0.3467              90.2500             0.3172              75             
2              [17408/60000]       0.3574              91.2900             0.2944              76             
2              [18432/60000]       0.3161              90.7400             0.3072              77             
2              [19456/60000]       0.3074              91.2700             0.2838              78             
2              [20480/60000]       0.3762              89.4700             0.3444              79             
2              [21504/60000]       0.3503              91.9800             0.2711              80             
2              [22528/60000]       0.3123              90.6100             0.3106              81             
2              [23552/60000]       0.3181              93.2100             0.2370              82             
2              [24576/60000]       0.2390              92.8800             0.2360              83             
2              [25600/60000]       0.2536              93.8000             0.2254              84             
2              [26624/60000]       0.2288              93.4900             0.2187              85             
2              [27648/60000]       0.2462              93.5300             0.2212              86             
2              [28672/60000]       0.2377              92.4000             0.2499              87             
2              [29696/60000]       0.2955              93.4000             0.2289              88             
2              [30720/60000]       0.2350              93.6200             0.2192              89             
2              [31744/60000]       0.2302              93.9100             0.2109              90             
2              [32768/60000]       0.2023              94.2000             0.2050              91             
2              [33792/60000]       0.1874              93.7100             0.2185              92             
2              [34816/60000]       0.2422              93.7400             0.2106              93             
2              [35840/60000]       0.2225              93.9900             0.2070              94             
2              [36864/60000]       0.2280              94.1300             0.2056              95             
2              [37888/60000]       0.1988              93.5800             0.2149              96             
2              [38912/60000]       0.2071              93.6300             0.2131              97             
2              [39936/60000]       0.2015              93.2600             0.2204              98             
2              [40960/60000]       0.2495              93.7400             0.2122              99             
2              [41984/60000]       0.2644              92.6800             0.2401              100            
2              [43008/60000]       0.2507              91.7500             0.2524              101            
2              [44032/60000]       0.2246              91.8900             0.2571              102            
2              [45056/60000]       0.2068              93.6800             0.2101              103            
2              [46080/60000]       0.2394              94.2300             0.1995              104            
2              [47104/60000]       0.2175              93.5700             0.2081              105            
2              [48128/60000]       0.2067              93.8600             0.2153              106            
2              [49152/60000]       0.2608              92.9500             0.2329              107            
2              [50176/60000]       0.2440              93.5700             0.2258              108            
2              [51200/60000]       0.2181              93.3700             0.2121              109            
2              [52224/60000]       0.2377              93.5600             0.2195              110            
2              [53248/60000]       0.1920              93.3000             0.2170              111            
2              [54272/60000]       0.2277              94.0700             0.1999              112            
2              [55296/60000]       0.2224              93.5400             0.2140              113            
2              [56320/60000]       0.2509              92.7700             0.2387              114            
2              [57344/60000]       0.2475              90.5100             0.2929              115            
2              [58368/60000]       0.3673              86.6700             0.4108              116            
2              [59392/60000]       0.3927              87.3300             0.4029              117            
2              [35872/60000]       0.4021              91.2200             0.2728              118            
3              [1024/60000]        0.2663              94.1100             0.1973              119            
3              [2048/60000]        0.1767              94.5100             0.1794              120            
3              [3072/60000]        0.2297              94.4300             0.1931              121            
3              [4096/60000]        0.1699              94.3600             0.1875              122            
3              [5120/60000]        0.1999              95.1600             0.1689              123            
3              [6144/60000]        0.2170              95.3100             0.1686              124            
3              [7168/60000]        0.1871              94.8800             0.1727              125            
3              [8192/60000]        0.1736              94.6300             0.1825              126            
3              [9216/60000]        0.1520              94.6700             0.1763              127            
3              [10240/60000]       0.1889              94.5500             0.1761              128            
3              [11264/60000]       0.1777              95.1200             0.1638              129            
3              [12288/60000]       0.1718              95.0900             0.1681              130            
3              [13312/60000]       0.1467              95.5500             0.1576              131            
3              [14336/60000]       0.1628              95.4500             0.1560              132            
3              [15360/60000]       0.1876              95.0900             0.1654              133            
3              [16384/60000]       0.1844              95.3700             0.1627              134            
3              [17408/60000]       0.1733              95.1700             0.1657              135            
3              [18432/60000]       0.1819              95.0000             0.1709              136            
3              [19456/60000]       0.1991              94.9500             0.1746              137            
3              [20480/60000]       0.1707              94.9200             0.1733              138            
3              [21504/60000]       0.1975              94.7600             0.1715              139            
3              [22528/60000]       0.1577              95.3500             0.1569              140            
3              [23552/60000]       0.1610              95.6600             0.1495              141            
3              [24576/60000]       0.1706              95.1800             0.1637              142            
3              [25600/60000]       0.2109              95.7400             0.1508              143            
3              [26624/60000]       0.1734              94.7200             0.1704              144            
3              [27648/60000]       0.1873              94.9000             0.1701              145            
3              [28672/60000]       0.1629              95.4600             0.1511              146            
3              [29696/60000]       0.1458              95.7000             0.1457              147            
3              [30720/60000]       0.1367              94.4400             0.1778              148            
3              [31744/60000]       0.2104              94.0100             0.1894              149            
3              [32768/60000]       0.1956              92.6400             0.2284              150            
3              [33792/60000]       0.2576              92.5400             0.2275              151            
3              [34816/60000]       0.2477              93.3000             0.2079              152            
3              [35840/60000]       0.2152              94.6200             0.1753              153            
3              [36864/60000]       0.1810              95.7300             0.1478              154            
3              [37888/60000]       0.1780              96.0400             0.1358              155            
3              [38912/60000]       0.1688              96.2300             0.1337              156            
3              [39936/60000]       0.1328              96.3200             0.1339              157            
3              [40960/60000]       0.1151              96.1500             0.1363              158            
3              [41984/60000]       0.1469              96.2000             0.1353              159            
3              [43008/60000]       0.1422              95.9200             0.1398              160            
3              [44032/60000]       0.1315              96.2600             0.1328              161            
3              [45056/60000]       0.1487              96.2500             0.1327              162            
3              [46080/60000]       0.1494              96.2100             0.1362              163            
3              [47104/60000]       0.1601              96.2300             0.1295              164            
3              [48128/60000]       0.1535              96.2300             0.1302              165            
3              [49152/60000]       0.1389              96.1300             0.1326              166            
3              [50176/60000]       0.1404              96.3300             0.1262              167            
3              [51200/60000]       0.1308              96.6200             0.1231              168            
3              [52224/60000]       0.1486              96.1600             0.1327              169            
3              [53248/60000]       0.1476              96.5200             0.1234              170            
3              [54272/60000]       0.1304              96.2100             0.1289              171            
3              [55296/60000]       0.1193              96.3200             0.1240              172            
3              [56320/60000]       0.1298              96.3800             0.1230              173            
3              [57344/60000]       0.1271              96.5000             0.1192              174            
3              [58368/60000]       0.0989              96.3500             0.1236              175            
3              [59392/60000]       0.1259              96.1900             0.1297              176            
3              [35872/60000]       0.1393              96.1700             0.1331              177            
4              [1024/60000]        0.1325              96.1500             0.1310              178            
4              [2048/60000]        0.1467              95.0700             0.1606              179            
4              [3072/60000]        0.1318              95.6700             0.1433              180            
4              [4096/60000]        0.1178              96.0000             0.1326              181            
4              [5120/60000]        0.1371              96.0700             0.1353              182            
4              [6144/60000]        0.1361              96.3500             0.1242              183            
4              [7168/60000]        0.1209              96.4400             0.1202              184            
4              [8192/60000]        0.1466              96.5300             0.1192              185            
4              [9216/60000]        0.1063              96.3700             0.1201              186            
4              [10240/60000]       0.1294              96.2300             0.1268              187            
4              [11264/60000]       0.1715              95.5500             0.1411              188            
4              [12288/60000]       0.1599              95.7700             0.1403              189            
4              [13312/60000]       0.1292              96.1800             0.1272              190            
4              [14336/60000]       0.0821              96.4600             0.1181              191            
4              [15360/60000]       0.1141              96.1300             0.1279              192            
4              [16384/60000]       0.1231              96.0000             0.1297              193            
4              [17408/60000]       0.1093              96.2400             0.1199              194            
4              [18432/60000]       0.1052              96.4100             0.1178              195            
4              [19456/60000]       0.0860              96.4500             0.1159              196            
4              [20480/60000]       0.1388              96.4600             0.1198              197            
4              [21504/60000]       0.1250              96.5800             0.1175              198            
4              [22528/60000]       0.1111              96.7700             0.1117              199            
4              [23552/60000]       0.0866              96.9500             0.1038              200            
4              [24576/60000]       0.1127              96.9600             0.1035              201            
4              [25600/60000]       0.1038              96.9600             0.1060              202            
4              [26624/60000]       0.1122              96.9500             0.1049              203            
4              [27648/60000]       0.1000              96.6700             0.1123              204            
4              [28672/60000]       0.1176              96.2500             0.1265              205            
4              [29696/60000]       0.1569              96.3800             0.1251              206            
4              [30720/60000]       0.1678              96.2300             0.1291              207            
4              [31744/60000]       0.1300              95.7200             0.1402              208            
4              [32768/60000]       0.1597              96.1200             0.1343              209            
4              [33792/60000]       0.1888              94.8900             0.1537              210            
4              [34816/60000]       0.1710              93.5600             0.1970              211            
4              [35840/60000]       0.2385              94.2700             0.1849              212            
4              [36864/60000]       0.1995              93.8400             0.1888              213            
4              [37888/60000]       0.2128              94.2000             0.1813              214            
4              [38912/60000]       0.1975              94.2200             0.1864              215            
4              [39936/60000]       0.1941              96.1900             0.1291              216            
4              [40960/60000]       0.1464              96.1500             0.1231              217            
4              [41984/60000]       0.1250              96.7500             0.1054              218            
4              [43008/60000]       0.0869              96.9300             0.1009              219            
4              [44032/60000]       0.1146              96.7900             0.1058              220            
4              [45056/60000]       0.1391              96.9600             0.1029              221            
4              [46080/60000]       0.1050              97.0000             0.0994              222            
4              [47104/60000]       0.1220              96.7500             0.1084              223            
4              [48128/60000]       0.1158              96.9200             0.1001              224            
4              [49152/60000]       0.0957              96.9600             0.1009              225            
4              [50176/60000]       0.1052              96.6700             0.1071              226            
4              [51200/60000]       0.1207              97.0800             0.0973              227            
4              [52224/60000]       0.1071              97.0700             0.0957              228            
4              [53248/60000]       0.0840              97.0900             0.0927              229            
4              [54272/60000]       0.1031              97.0200             0.0967              230            
4              [55296/60000]       0.1174              96.9300             0.1004              231            
4              [56320/60000]       0.1180              96.9600             0.0984              232            
4              [57344/60000]       0.0922              96.9100             0.1021              233            
4              [58368/60000]       0.1055              97.0700             0.0922              234            
4              [59392/60000]       0.1034              96.9800             0.0948              235            
4              [35872/60000]       0.0811              97.2700             0.0929              236            
5              [1024/60000]        0.0923              97.0100             0.0985              237            
5              [2048/60000]        0.0857              97.0800             0.0927              238            
5              [3072/60000]        0.0916              96.9700             0.1010              239            
5              [4096/60000]        0.1240              96.8400             0.1015              240            
5              [5120/60000]        0.0799              97.1100             0.0950              241            
5              [6144/60000]        0.0858              97.0200             0.0969              242            
5              [7168/60000]        0.0985              97.1600             0.0933              243            
5              [8192/60000]        0.0738              97.0900             0.0969              244            
5              [9216/60000]        0.0834              97.2700             0.0892              245            
5              [10240/60000]       0.0783              97.1000             0.0971              246            
5              [11264/60000]       0.0876              97.2900             0.0915              247            
5              [12288/60000]       0.0692              97.2600             0.0894              248            
5              [13312/60000]       0.0872              96.8900             0.0999              249            
5              [14336/60000]       0.0821              97.1000             0.0987              250            
5              [15360/60000]       0.1022              96.6100             0.1059              251            
5              [16384/60000]       0.1127              96.4900             0.1104              252            
5              [17408/60000]       0.1197              95.2800             0.1385              253            
5              [18432/60000]       0.1158              94.5400             0.1750              254            
5              [19456/60000]       0.1771              94.3400             0.1691              255            
5              [20480/60000]       0.1718              91.2600             0.3070              256            
5              [21504/60000]       0.3123              83.1300             0.4871              257            
5              [22528/60000]       0.5139              80.4900             1.0804              258            
5              [23552/60000]       0.9089              89.1500             0.3701              259            
5              [24576/60000]       0.3401              92.6900             0.2257              260            
5              [25600/60000]       0.2505              95.3500             0.1499              261            
5              [26624/60000]       0.1772              96.8500             0.1007              262            
5              [27648/60000]       0.1053              96.8700             0.0977              263            
5              [28672/60000]       0.0840              96.7900             0.0979              264            
5              [29696/60000]       0.0745              97.1600             0.0926              265            
5              [30720/60000]       0.0837              97.1100             0.0949              266            
5              [31744/60000]       0.1120              96.9400             0.0977              267            
5              [32768/60000]       0.0855              96.9600             0.0970              268            
5              [33792/60000]       0.0857              97.0600             0.0893              269            
5              [34816/60000]       0.1185              97.0100             0.0946              270            
5              [35840/60000]       0.0906              97.2300             0.0881              271            
5              [36864/60000]       0.1129              97.1400             0.0914              272            
5              [37888/60000]       0.0978              97.1900             0.0894              273            
5              [38912/60000]       0.0958              97.3200             0.0879              274            
5              [39936/60000]       0.0743              97.1300             0.0926              275            
5              [40960/60000]       0.0976              97.2000             0.0893              276            
5              [41984/60000]       0.1086              97.4100             0.0849              277            
5              [43008/60000]       0.0791              97.4300             0.0824              278            
5              [44032/60000]       0.0869              97.3600             0.0833              279            
5              [45056/60000]       0.0838              97.2500             0.0889              280            
5              [46080/60000]       0.0832              97.4100             0.0841              281            
5              [47104/60000]       0.0924              97.2800             0.0871              282            
5              [48128/60000]       0.1076              97.0600             0.0924              283            
5              [49152/60000]       0.1011              97.2300             0.0902              284            
5              [50176/60000]       0.0921              97.4600             0.0836              285            
5              [51200/60000]       0.0869              97.3900             0.0828              286            
5              [52224/60000]       0.0777              97.5300             0.0808              287            
5              [53248/60000]       0.0896              97.2400             0.0858              288            
5              [54272/60000]       0.0853              97.4100             0.0835              289            
5              [55296/60000]       0.0798              97.4600             0.0832              290            
5              [56320/60000]       0.0888              97.3200             0.0835              291            
5              [57344/60000]       0.0950              97.3000             0.0906              292            
5              [58368/60000]       0.1106              97.2200             0.0892              293            
5              [59392/60000]       0.1092              97.3600             0.0829              294            
5              [35872/60000]       0.1256              97.2700             0.0847              295            
6              [1024/60000]        0.0667              97.5400             0.0828              296            
6              [2048/60000]        0.0780              97.4700             0.0794              297            
6              [3072/60000]        0.0760              97.6100             0.0769              298            
6              [4096/60000]        0.0731              97.3900             0.0802              299            
6              [5120/60000]        0.0669              97.6000             0.0769              300            
6              [6144/60000]        0.0725              97.3300             0.0831              301            
6              [7168/60000]        0.0845              97.2800             0.0871              302            
6              [8192/60000]        0.0937              97.3000             0.0829              303            
6              [9216/60000]        0.0844              97.4500             0.0801              304            
6              [10240/60000]       0.0590              97.4800             0.0799              305            
6              [11264/60000]       0.0875              97.3200             0.0826              306            
6              [12288/60000]       0.0715              97.4500             0.0829              307            
6              [13312/60000]       0.1034              96.6800             0.1025              308            
6              [14336/60000]       0.1120              96.7700             0.1028              309            
6              [15360/60000]       0.1180              96.4900             0.1077              310            
6              [16384/60000]       0.0750              97.4800             0.0805              311            
6              [17408/60000]       0.0655              97.5000             0.0769              312            
6              [18432/60000]       0.0682              97.6200             0.0758              313            
6              [19456/60000]       0.0820              97.5600             0.0767              314            
6              [20480/60000]       0.0912              97.4900             0.0803              315            
6              [21504/60000]       0.0759              97.5600             0.0753              316            
6              [22528/60000]       0.0812              97.6000             0.0768              317            
6              [23552/60000]       0.0639              97.4200             0.0801              318            
6              [24576/60000]       0.0722              97.6200             0.0767              319            
