Current_Epoch  Batch/Total         CE_Train            Accuracy(%)         CE_TEST             Batch_Number   
0              [0/60000]           --                  9.020               2.3022              0
1              [1024/60000]        2.3020              63.2600             1.1722              1              
1              [2048/60000]        1.2360              30.6300             5.2983              2              
1              [3072/60000]        5.3515              20.5500             8.4469              3              
1              [4096/60000]        8.4161              23.6900             6.2914              4              
1              [5120/60000]        6.5253              25.5400             7.7006              5              
1              [6144/60000]        7.3941              54.8500             5.7698              6              
1              [7168/60000]        5.2205              39.6900             4.4525              7              
1              [8192/60000]        4.5636              50.7800             3.0435              8              
1              [9216/60000]        3.1673              58.0100             2.5212              9              
1              [10240/60000]       2.5404              74.2800             0.8295              10             
1              [11264/60000]       0.8535              85.6700             0.4741              11             
1              [12288/60000]       0.4734              86.9700             0.4469              12             
1              [13312/60000]       0.4280              87.3700             0.4216              13             
1              [14336/60000]       0.4126              88.3400             0.4112              14             
1              [15360/60000]       0.4168              87.9100             0.4058              15             
1              [16384/60000]       0.3830              88.9200             0.3897              16             
1              [17408/60000]       0.4645              89.0900             0.3829              17             
1              [18432/60000]       0.4285              89.6200             0.3771              18             
1              [19456/60000]       0.4524              88.6400             0.3852              19             
1              [20480/60000]       0.4229              89.5600             0.3782              20             
1              [21504/60000]       0.4374              87.5900             0.3964              21             
1              [22528/60000]       0.4483              85.8700             0.4545              22             
1              [23552/60000]       0.5173              82.8900             0.4953              23             
1              [24576/60000]       0.4883              86.1900             0.4420              24             
1              [25600/60000]       0.4251              84.8500             0.4558              25             
1              [26624/60000]       0.4700              85.9100             0.4528              26             
1              [27648/60000]       0.4254              89.0000             0.3656              27             
1              [28672/60000]       0.4051              89.9200             0.3607              28             
1              [29696/60000]       0.3940              89.7700             0.3398              29             
1              [30720/60000]       0.3891              90.8000             0.3299              30             
1              [31744/60000]       0.3640              90.6900             0.3208              31             
1              [32768/60000]       0.3506              91.2400             0.3106              32             
1              [33792/60000]       0.3720              91.3300             0.3076              33             
1              [34816/60000]       0.2720              91.3300             0.3058              34             
1              [35840/60000]       0.2914              91.8200             0.2942              35             
1              [36864/60000]       0.3253              91.7900             0.2932              36             
1              [37888/60000]       0.3218              91.3700             0.3049              37             
1              [38912/60000]       0.3168              90.7100             0.3120              38             
1              [39936/60000]       0.2907              89.4500             0.3435              39             
1              [40960/60000]       0.3756              85.9700             0.4341              40             
1              [41984/60000]       0.4776              82.2900             0.5197              41             
1              [43008/60000]       0.5967              80.6000             0.8314              42             
1              [44032/60000]       0.8497              85.7000             0.4440              43             
1              [45056/60000]       0.4519              88.9500             0.3547              44             
1              [46080/60000]       0.3876              89.9900             0.3355              45             
1              [47104/60000]       0.3623              86.1700             0.4040              46             
1              [48128/60000]       0.3718              86.3000             0.4169              47             
1              [49152/60000]       0.4356              83.7600             0.4610              48             
1              [50176/60000]       0.4746              83.3800             0.6340              49             
1              [51200/60000]       0.6929              88.6500             0.3515              50             
1              [52224/60000]       0.3825              90.5100             0.3187              51             
1              [53248/60000]       0.3171              92.5100             0.2645              52             
1              [54272/60000]       0.2608              92.9000             0.2491              53             
1              [55296/60000]       0.2445              91.9100             0.2742              54             
1              [56320/60000]       0.2862              93.1600             0.2447              55             
1              [57344/60000]       0.2429              93.2600             0.2384              56             
1              [58368/60000]       0.2490              93.4100             0.2390              57             
1              [59392/60000]       0.2790              93.1700             0.2413              58             
1              [35872/60000]       0.2780              93.0500             0.2389              59             
