Current_Epoch  Batch/Total         CE_Train            Accuracy(%)         CE_TEST             Batch_Number   
0              [0/60000]           --                  9.020               2.3912              0
1              [1024/60000]        2.3878              35.5700             1.9361              1              
1              [2048/60000]        1.9543              45.4600             1.6542              2              
1              [3072/60000]        1.6846              56.2200             1.4599              3              
1              [4096/60000]        1.4489              63.5100             1.2555              4              
1              [5120/60000]        1.2999              60.7000             1.2345              5              
1              [6144/60000]        1.2491              70.0600             1.0601              6              
1              [7168/60000]        1.0952              71.0300             0.9987              7              
1              [8192/60000]        1.0394              74.2200             0.9368              8              
1              [9216/60000]        0.9122              76.9100             0.8444              9              
1              [10240/60000]       0.9130              77.5800             0.8119              10             
1              [11264/60000]       0.8037              76.8000             0.8101              11             
1              [12288/60000]       0.8241              81.9900             0.7159              12             
1              [13312/60000]       0.7531              80.4700             0.7083              13             
1              [14336/60000]       0.7882              81.3800             0.6777              14             
1              [15360/60000]       0.6606              81.3800             0.6570              15             
1              [16384/60000]       0.7077              83.3400             0.6262              16             
1              [17408/60000]       0.6371              84.2400             0.6002              17             
1              [18432/60000]       0.6141              84.7400             0.5863              18             
1              [19456/60000]       0.6139              85.9400             0.5540              19             
1              [20480/60000]       0.6104              84.8400             0.5554              20             
1              [21504/60000]       0.5855              86.6000             0.5448              21             
1              [22528/60000]       0.5537              85.9800             0.5274              22             
1              [23552/60000]       0.5373              87.2700             0.5138              23             
1              [24576/60000]       0.5587              87.0900             0.5028              24             
1              [25600/60000]       0.5921              87.7200             0.4941              25             
1              [26624/60000]       0.5385              87.2600             0.4895              26             
1              [27648/60000]       0.5349              87.3400             0.4841              27             
1              [28672/60000]       0.5023              87.7000             0.4884              28             
1              [29696/60000]       0.4982              87.3900             0.4717              29             
1              [30720/60000]       0.5090              88.4700             0.4589              30             
1              [31744/60000]       0.4975              88.0700             0.4544              31             
1              [32768/60000]       0.4528              88.4000             0.4560              32             
1              [33792/60000]       0.4674              88.0800             0.4443              33             
1              [34816/60000]       0.4601              88.6800             0.4442              34             
1              [35840/60000]       0.4551              88.1900             0.4408              35             
1              [36864/60000]       0.4724              88.9700             0.4351              36             
1              [37888/60000]       0.4037              88.8800             0.4232              37             
1              [38912/60000]       0.4646              89.0400             0.4200              38             
1              [39936/60000]       0.4162              89.0400             0.4138              39             
1              [40960/60000]       0.4847              89.1800             0.4141              40             
1              [41984/60000]       0.4138              88.3600             0.4167              41             
1              [43008/60000]       0.4670              89.2800             0.4078              42             
1              [44032/60000]       0.4330              88.6300             0.4076              43             
1              [45056/60000]       0.4120              89.4800             0.3997              44             
1              [46080/60000]       0.4248              89.0300             0.4029              45             
1              [47104/60000]       0.4212              89.4400             0.3953              46             
1              [48128/60000]       0.4517              89.0800             0.3929              47             
1              [49152/60000]       0.4152              89.1600             0.3941              48             
1              [50176/60000]       0.4280              89.4000             0.3839              49             
1              [51200/60000]       0.3947              89.7500             0.3818              50             
1              [52224/60000]       0.4361              89.6300             0.3797              51             
1              [53248/60000]       0.3637              89.4500             0.3861              52             
1              [54272/60000]       0.3728              89.5800             0.3755              53             
1              [55296/60000]       0.3757              89.7400             0.3774              54             
1              [56320/60000]       0.3956              89.9000             0.3672              55             
1              [57344/60000]       0.3672              89.4200             0.3811              56             
1              [58368/60000]       0.3976              89.6700             0.3667              57             
1              [59392/60000]       0.3799              90.1100             0.3628              58             
1              [35872/60000]       0.3698              89.3800             0.3706              59             
2              [1024/60000]        0.3466              89.9600             0.3578              60             
2              [2048/60000]        0.4145              89.9100             0.3574              61             
2              [3072/60000]        0.3596              89.7900             0.3578              62             
2              [4096/60000]        0.3695              89.7600             0.3578              63             
2              [5120/60000]        0.3488              90.0400             0.3519              64             
2              [6144/60000]        0.3423              89.8300             0.3545              65             
2              [7168/60000]        0.3655              89.9500             0.3533              66             
2              [8192/60000]        0.3638              89.9200             0.3574              67             
2              [9216/60000]        0.4258              89.4000             0.3610              68             
2              [10240/60000]       0.3851              89.3500             0.3653              69             
2              [11264/60000]       0.4050              88.8600             0.3688              70             
2              [12288/60000]       0.3695              89.1400             0.3692              71             
2              [13312/60000]       0.3776              89.2300             0.3677              72             
2              [14336/60000]       0.4302              89.1300             0.3792              73             
2              [15360/60000]       0.3399              89.6900             0.3469              74             
2              [16384/60000]       0.3344              89.9900             0.3497              75             
2              [17408/60000]       0.3746              90.1400             0.3431              76             
2              [18432/60000]       0.3840              90.2200             0.3457              77             
2              [19456/60000]       0.4032              90.5900             0.3359              78             
2              [20480/60000]       0.2984              89.8300             0.3534              79             
2              [21504/60000]       0.3737              89.1300             0.3603              80             
2              [22528/60000]       0.3891              89.1000             0.3708              81             
2              [23552/60000]       0.3200              90.0700             0.3393              82             
2              [24576/60000]       0.3523              90.7000             0.3333              83             
2              [25600/60000]       0.3415              90.5300             0.3261              84             
2              [26624/60000]       0.3581              90.6500             0.3296              85             
2              [27648/60000]       0.3757              90.4900             0.3320              86             
2              [28672/60000]       0.3515              89.8600             0.3418              87             
2              [29696/60000]       0.3477              90.3900             0.3392              88             
2              [30720/60000]       0.3621              90.2000             0.3335              89             
2              [31744/60000]       0.3408              90.2400             0.3394              90             
2              [32768/60000]       0.3463              90.0900             0.3340              91             
2              [33792/60000]       0.3451              90.1600             0.3346              92             
2              [34816/60000]       0.3435              90.4700             0.3257              93             
2              [35840/60000]       0.3575              90.5000             0.3349              94             
2              [36864/60000]       0.4046              90.6500             0.3236              95             
2              [37888/60000]       0.3638              90.9200             0.3229              96             
2              [38912/60000]       0.3499              90.5600             0.3262              97             
2              [39936/60000]       0.3380              89.4300             0.3527              98             
2              [40960/60000]       0.3544              89.5500             0.3481              99             
2              [41984/60000]       0.3615              90.1200             0.3316              100            
2              [43008/60000]       0.3198              90.3000             0.3265              101            
2              [44032/60000]       0.3233              90.6800             0.3231              102            
2              [45056/60000]       0.3629              90.6700             0.3201              103            
2              [46080/60000]       0.3079              90.1700             0.3398              104            
2              [47104/60000]       0.3407              90.4400             0.3272              105            
2              [48128/60000]       0.3512              90.5300             0.3271              106            
2              [49152/60000]       0.3178              90.6200             0.3192              107            
2              [50176/60000]       0.3616              91.1700             0.3084              108            
2              [51200/60000]       0.2820              91.0000             0.3191              109            
2              [52224/60000]       0.3548              91.0200             0.3125              110            
2              [53248/60000]       0.3043              90.8000             0.3200              111            
2              [54272/60000]       0.3859              90.6000             0.3198              112            
2              [55296/60000]       0.3624              89.8100             0.3502              113            
2              [56320/60000]       0.3742              89.7400             0.3318              114            
2              [57344/60000]       0.3886              89.7500             0.3463              115            
2              [58368/60000]       0.3797              90.5600             0.3184              116            
2              [59392/60000]       0.3309              90.2500             0.3357              117            
2              [35872/60000]       0.3140              90.4600             0.3189              118            
3              [1024/60000]        0.3151              90.7900             0.3166              119            
3              [2048/60000]        0.3366              90.9600             0.3062              120            
3              [3072/60000]        0.2945              90.8100             0.3111              121            
3              [4096/60000]        0.3440              90.4000             0.3195              122            
3              [5120/60000]        0.2989              90.5100             0.3187              123            
3              [6144/60000]        0.3225              90.7000             0.3121              124            
3              [7168/60000]        0.3574              90.2100             0.3364              125            
3              [8192/60000]        0.3219              90.1900             0.3320              126            
3              [9216/60000]        0.3055              90.6000             0.3244              127            
3              [10240/60000]       0.3299              91.0500             0.3085              128            
3              [11264/60000]       0.3445              91.6800             0.2981              129            
3              [12288/60000]       0.3289              91.4200             0.2990              130            
3              [13312/60000]       0.3552              91.5000             0.2963              131            
3              [14336/60000]       0.2882              90.9800             0.3096              132            
3              [15360/60000]       0.3148              91.5400             0.3031              133            
3              [16384/60000]       0.2450              91.4000             0.2950              134            
3              [17408/60000]       0.2870              91.0400             0.3065              135            
3              [18432/60000]       0.3682              90.4500             0.3186              136            
3              [19456/60000]       0.3660              90.6300             0.3152              137            
3              [20480/60000]       0.2975              91.1900             0.3025              138            
3              [21504/60000]       0.2448              91.0500             0.3106              139            
3              [22528/60000]       0.3320              90.6500             0.3185              140            
3              [23552/60000]       0.3128              91.2100             0.3046              141            
3              [24576/60000]       0.3276              91.3000             0.3005              142            
3              [25600/60000]       0.2885              91.2300             0.3049              143            
3              [26624/60000]       0.2843              90.9400             0.3117              144            
3              [27648/60000]       0.2331              91.3400             0.2990              145            
3              [28672/60000]       0.2833              91.3500             0.2989              146            
3              [29696/60000]       0.3286              91.2400             0.3098              147            
3              [30720/60000]       0.3971              91.0600             0.3016              148            
3              [31744/60000]       0.3397              91.3200             0.3017              149            
3              [32768/60000]       0.3226              91.0900             0.3031              150            
3              [33792/60000]       0.3304              91.5400             0.2954              151            
3              [34816/60000]       0.3158              91.4000             0.2938              152            
3              [35840/60000]       0.2937              91.5300             0.2975              153            
3              [36864/60000]       0.2987              91.4000             0.2953              154            
3              [37888/60000]       0.3435              91.5000             0.2931              155            
3              [38912/60000]       0.3272              90.0000             0.3338              156            
3              [39936/60000]       0.3257              90.7000             0.3191              157            
3              [40960/60000]       0.3131              90.9100             0.3070              158            
3              [41984/60000]       0.3065              90.7500             0.3193              159            
3              [43008/60000]       0.3444              90.5800             0.3138              160            
3              [44032/60000]       0.3451              90.8400             0.3219              161            
3              [45056/60000]       0.3470              90.7800             0.3064              162            
3              [46080/60000]       0.3520              90.7900             0.3215              163            
3              [47104/60000]       0.3812              90.3500             0.3224              164            
3              [48128/60000]       0.3859              90.3600             0.3364              165            
3              [49152/60000]       0.3632              90.7300             0.3111              166            
3              [50176/60000]       0.3447              90.0300             0.3425              167            
3              [51200/60000]       0.3639              90.0000             0.3313              168            
3              [52224/60000]       0.3575              90.2300             0.3406              169            
3              [53248/60000]       0.3292              90.2400             0.3247              170            
3              [54272/60000]       0.3477              91.0000             0.3165              171            
3              [55296/60000]       0.3251              91.3000             0.2942              172            
3              [56320/60000]       0.3043              91.0000             0.3089              173            
3              [57344/60000]       0.2851              91.5600             0.2887              174            
3              [58368/60000]       0.2837              91.0200             0.3141              175            
3              [59392/60000]       0.3203              91.1000             0.3028              176            
3              [35872/60000]       0.2681              91.5600             0.2974              177            
4              [1024/60000]        0.2658              91.6600             0.2901              178            
4              [2048/60000]        0.2928              91.7100             0.2971              179            
4              [3072/60000]        0.3135              91.5800             0.2914              180            
4              [4096/60000]        0.3375              91.8200             0.2921              181            
4              [5120/60000]        0.2592              91.3700             0.2959              182            
4              [6144/60000]        0.2884              91.6700             0.2930              183            
4              [7168/60000]        0.2976              91.6300             0.2859              184            
4              [8192/60000]        0.3275              91.2600             0.3123              185            
4              [9216/60000]        0.3071              91.1200             0.3021              186            
4              [10240/60000]       0.3285              90.8700             0.3170              187            
4              [11264/60000]       0.3368              90.2700             0.3205              188            
4              [12288/60000]       0.3279              90.9600             0.3130              189            
4              [13312/60000]       0.3325              91.0400             0.3013              190            
4              [14336/60000]       0.3205              90.7900             0.3180              191            
4              [15360/60000]       0.3395              90.7100             0.3098              192            
4              [16384/60000]       0.3429              90.8000             0.3245              193            
4              [17408/60000]       0.3130              91.2400             0.3012              194            
4              [18432/60000]       0.3034              91.2700             0.3005              195            
4              [19456/60000]       0.3013              91.5800             0.2924              196            
4              [20480/60000]       0.2837              91.5200             0.2929              197            
4              [21504/60000]       0.2459              91.6200             0.2870              198            
4              [22528/60000]       0.2810              92.1900             0.2826              199            
4              [23552/60000]       0.3575              91.8300             0.2856              200            
4              [24576/60000]       0.2697              91.6500             0.2936              201            
4              [25600/60000]       0.3080              91.5500             0.2890              202            
4              [26624/60000]       0.2783              91.1900             0.3065              203            
4              [27648/60000]       0.2754              91.3800             0.2965              204            
4              [28672/60000]       0.3140              91.6300             0.2902              205            
4              [29696/60000]       0.2857              91.7900             0.2896              206            
4              [30720/60000]       0.2871              91.7600             0.2863              207            
4              [31744/60000]       0.2835              91.9200             0.2837              208            
4              [32768/60000]       0.2941              91.9300             0.2856              209            
4              [33792/60000]       0.2565              91.7800             0.2862              210            
4              [34816/60000]       0.3077              91.4100             0.3043              211            
4              [35840/60000]       0.3031              91.7100             0.2896              212            
4              [36864/60000]       0.3052              91.9600             0.2909              213            
4              [37888/60000]       0.3139              91.6700             0.2906              214            
4              [38912/60000]       0.2895              91.3200             0.3061              215            
4              [39936/60000]       0.2913              91.2900             0.2980              216            
4              [40960/60000]       0.2658              91.4800             0.2962              217            
4              [41984/60000]       0.2849              91.2600             0.3001              218            
4              [43008/60000]       0.2969              91.1400             0.3056              219            
4              [44032/60000]       0.3135              91.3100             0.3072              220            
4              [45056/60000]       0.3422              90.4300             0.3232              221            
4              [46080/60000]       0.3479              90.9100             0.3120              222            
4              [47104/60000]       0.2923              90.5500             0.3146              223            
4              [48128/60000]       0.3097              91.0400             0.3147              224            
4              [49152/60000]       0.3446              91.0000             0.3012              225            
4              [50176/60000]       0.3520              90.1400             0.3324              226            
4              [51200/60000]       0.3053              90.6900             0.3097              227            
4              [52224/60000]       0.3355              91.4300             0.2924              228            
4              [53248/60000]       0.2993              91.4700             0.2922              229            
4              [54272/60000]       0.2739              91.4300             0.2999              230            
4              [55296/60000]       0.2946              91.7000             0.2920              231            
4              [56320/60000]       0.3009              91.5400             0.2903              232            
4              [57344/60000]       0.3486              91.6000             0.3030              233            
4              [58368/60000]       0.3350              90.9300             0.3024              234            
4              [59392/60000]       0.3283              92.0700             0.2860              235            
4              [35872/60000]       0.3379              92.0600             0.2819              236            
5              [1024/60000]        0.2934              91.7700             0.2872              237            
5              [2048/60000]        0.2973              91.6200             0.2912              238            
5              [3072/60000]        0.2583              91.6300             0.2880              239            
5              [4096/60000]        0.2966              91.9800             0.2858              240            
5              [5120/60000]        0.2396              91.9500             0.2836              241            
5              [6144/60000]        0.3266              91.8000             0.2871              242            
5              [7168/60000]        0.3137              91.7000             0.2885              243            
5              [8192/60000]        0.2858              91.9100             0.2913              244            
5              [9216/60000]        0.2919              91.2100             0.2975              245            
5              [10240/60000]       0.2861              91.1200             0.3109              246            
5              [11264/60000]       0.3674              90.6800             0.3163              247            
5              [12288/60000]       0.3997              90.4400             0.3316              248            
5              [13312/60000]       0.3268              91.3800             0.2939              249            
5              [14336/60000]       0.3007              91.3100             0.3059              250            
5              [15360/60000]       0.3126              91.3800             0.2979              251            
5              [16384/60000]       0.2718              91.5500             0.2985              252            
5              [17408/60000]       0.3133              90.9900             0.3062              253            
5              [18432/60000]       0.3140              91.1100             0.3032              254            
5              [19456/60000]       0.2653              91.2100             0.2966              255            
5              [20480/60000]       0.2925              91.4000             0.2953              256            
5              [21504/60000]       0.2828              91.2900             0.2978              257            
5              [22528/60000]       0.2849              90.2500             0.3261              258            
5              [23552/60000]       0.2912              91.1200             0.3010              259            
