Current_Epoch  Batch/Total         CE_Train            Accuracy(%)         CE_TEST             Batch_Number   
0              [0/50000]           --                  9.020               4.6078              0
1              [1024/50000]        4.6063              2.4200              4.7376              1              
1              [2048/50000]        4.7884              2.6000              5.8405              2              
1              [3072/50000]        5.7195              2.5400              5.6812              3              
1              [4096/50000]        5.6042              2.9600              5.0558              4              
1              [5120/50000]        4.9751              2.2900              4.8293              5              
1              [6144/50000]        4.7965              3.7000              4.8646              6              
1              [7168/50000]        4.7995              3.2600              4.8868              7              
1              [8192/50000]        4.8980              3.6300              4.5572              8              
1              [9216/50000]        4.5381              5.7600              4.3164              9              
1              [10240/50000]       4.3247              6.7900              4.2207              10             
1              [11264/50000]       4.2453              8.1400              4.1513              11             
1              [12288/50000]       4.1167              8.2400              4.0936              12             
1              [13312/50000]       4.1058              9.0800              4.0764              13             
1              [14336/50000]       4.0951              10.5800             4.0318              14             
1              [15360/50000]       3.9863              10.5500             3.9979              15             
1              [16384/50000]       3.9689              9.8900              3.9716              16             
1              [17408/50000]       3.9718              10.0700             4.0236              17             
1              [18432/50000]       4.0271              9.7900              4.0434              18             
1              [19456/50000]       4.0419              8.5100              4.0237              19             
1              [20480/50000]       3.9984              9.3400              4.0784              20             
1              [21504/50000]       4.0067              10.4200             4.0462              21             
1              [22528/50000]       4.0322              9.9900              3.9646              22             
1              [23552/50000]       3.8909              10.5200             3.9172              23             
1              [24576/50000]       3.9533              13.4100             3.8481              24             
1              [25600/50000]       3.8234              11.9600             3.8653              25             
1              [26624/50000]       3.8760              12.9500             3.8191              26             
1              [27648/50000]       3.8248              12.4100             3.8384              27             
1              [28672/50000]       3.8070              13.1700             3.8483              28             
1              [29696/50000]       3.8577              12.6000             3.8337              29             
1              [30720/50000]       3.7273              14.3200             3.7784              30             
1              [31744/50000]       3.7577              12.6300             3.7993              31             
1              [32768/50000]       3.7416              12.4900             3.8523              32             
1              [33792/50000]       3.8880              12.3300             3.8737              33             
1              [34816/50000]       3.8774              13.0500             3.8243              34             
1              [35840/50000]       3.8594              10.7800             3.9333              35             
1              [36864/50000]       3.9200              14.3400             3.7929              36             
1              [37888/50000]       3.7734              15.2200             3.7231              37             
1              [38912/50000]       3.7478              14.3100             3.7168              38             
1              [39936/50000]       3.6711              13.8700             3.7583              39             
1              [40960/50000]       3.7899              15.2300             3.7263              40             
1              [41984/50000]       3.7758              13.8400             3.7870              41             
1              [43008/50000]       3.8127              14.6700             3.7084              42             
1              [44032/50000]       3.7213              13.7900             3.7576              43             
1              [45056/50000]       3.7600              12.9700             3.8187              44             
1              [46080/50000]       3.8274              13.4000             3.8278              45             
1              [47104/50000]       3.8625              13.3800             3.7867              46             
1              [48128/50000]       3.6945              14.9400             3.6957              47             
1              [49152/50000]       3.6605              15.0400             3.6950              48             
1              [41552/50000]       3.6731              15.3000             3.6912              49             
2              [1024/50000]        3.6377              14.4500             3.7069              50             
2              [2048/50000]        3.6124              15.9600             3.6359              51             
2              [3072/50000]        3.5774              16.4400             3.5872              52             
2              [4096/50000]        3.5279              16.0500             3.6193              53             
2              [5120/50000]        3.5306              14.6800             3.7352              54             
2              [6144/50000]        3.6586              12.6500             3.8436              55             
2              [7168/50000]        3.6653              16.2600             3.6980              56             
2              [8192/50000]        3.5513              15.1500             3.6481              57             
2              [9216/50000]        3.5069              15.6900             3.6209              58             
2              [10240/50000]       3.5873              15.4700             3.6586              59             
2              [11264/50000]       3.5264              16.1800             3.6596              60             
2              [12288/50000]       3.5780              16.6000             3.6264              61             
2              [13312/50000]       3.5567              16.5600             3.5965              62             
2              [14336/50000]       3.4496              17.2900             3.5685              63             
2              [15360/50000]       3.4402              18.8000             3.5171              64             
2              [16384/50000]       3.4931              16.4900             3.5920              65             
2              [17408/50000]       3.5173              16.1300             3.6778              66             
2              [18432/50000]       3.6452              14.9600             3.7139              67             
2              [19456/50000]       3.6038              16.4400             3.6895              68             
2              [20480/50000]       3.5581              16.9800             3.5644              69             
2              [21504/50000]       3.4137              17.9100             3.5495              70             
2              [22528/50000]       3.3333              19.6000             3.4734              71             
2              [23552/50000]       3.4285              17.6300             3.5424              72             
2              [24576/50000]       3.5391              15.8500             3.6067              73             
2              [25600/50000]       3.5380              17.4100             3.5964              74             
2              [26624/50000]       3.4218              16.1200             3.6636              75             
2              [27648/50000]       3.5467              14.9800             3.7242              76             
2              [28672/50000]       3.6456              16.5700             3.6761              77             
2              [29696/50000]       3.5945              15.9200             3.7201              78             
2              [30720/50000]       3.6248              17.0500             3.6019              79             
2              [31744/50000]       3.5447              17.3100             3.5710              80             
2              [32768/50000]       3.4556              17.1200             3.6517              81             
2              [33792/50000]       3.4968              16.0900             3.6600              82             
2              [34816/50000]       3.6458              17.3900             3.5629              83             
2              [35840/50000]       3.4735              19.4700             3.4421              84             
2              [36864/50000]       3.3998              20.7600             3.4027              85             
2              [37888/50000]       3.2535              21.0800             3.3765              86             
2              [38912/50000]       3.3326              20.9700             3.3725              87             
2              [39936/50000]       3.3474              20.8600             3.4241              88             
2              [40960/50000]       3.3753              17.5200             3.5999              89             
2              [41984/50000]       3.5394              18.3500             3.5969              90             
2              [43008/50000]       3.4204              17.3100             3.6538              91             
2              [44032/50000]       3.6410              16.7800             3.6664              92             
2              [45056/50000]       3.6219              17.5300             3.6658              93             
2              [46080/50000]       3.5991              19.0000             3.5210              94             
2              [47104/50000]       3.5282              17.9800             3.5213              95             
2              [48128/50000]       3.4360              19.2200             3.4732              96             
2              [49152/50000]       3.2877              17.6200             3.5348              97             
2              [41552/50000]       3.4449              18.1400             3.6264              98             
3              [1024/50000]        3.4245              18.3500             3.5316              99             
3              [2048/50000]        3.3620              18.2300             3.5529              100            
3              [3072/50000]        3.3870              19.3400             3.4950              101            
3              [4096/50000]        3.2725              19.0600             3.4943              102            
3              [5120/50000]        3.2671              20.7200             3.3999              103            
3              [6144/50000]        3.2532              21.4500             3.3698              104            
3              [7168/50000]        3.1858              22.5500             3.3442              105            
3              [8192/50000]        3.1444              21.1500             3.4105              106            
3              [9216/50000]        3.2564              16.7900             3.6663              107            
3              [10240/50000]       3.5138              15.1600             3.8584              108            
3              [11264/50000]       3.5955              16.8600             3.6515              109            
3              [12288/50000]       3.5050              19.0100             3.5172              110            
3              [13312/50000]       3.3410              20.4200             3.4401              111            
3              [14336/50000]       3.2463              21.1700             3.3880              112            
3              [15360/50000]       3.2747              21.0900             3.3999              113            
3              [16384/50000]       3.2684              19.6400             3.4440              114            
3              [17408/50000]       3.2481              20.6700             3.3928              115            
3              [18432/50000]       3.2243              22.0700             3.3322              116            
3              [19456/50000]       3.1728              20.2400             3.4001              117            
3              [20480/50000]       3.2824              19.9300             3.4113              118            
3              [21504/50000]       3.1275              20.0200             3.4196              119            
3              [22528/50000]       3.2317              19.1900             3.4492              120            
3              [23552/50000]       3.2597              19.6400             3.5431              121            
3              [24576/50000]       3.4415              16.0200             3.7633              122            
3              [25600/50000]       3.5942              17.8100             3.6230              123            
3              [26624/50000]       3.4244              16.5300             3.6784              124            
3              [27648/50000]       3.5725              20.9100             3.4636              125            
3              [28672/50000]       3.4546              20.3000             3.3688              126            
3              [29696/50000]       3.3174              20.4000             3.4081              127            
3              [30720/50000]       3.2228              20.1300             3.4157              128            
3              [31744/50000]       3.2685              19.9600             3.4700              129            
3              [32768/50000]       3.3211              21.6300             3.3720              130            
3              [33792/50000]       3.2317              22.4600             3.3276              131            
3              [34816/50000]       3.1427              22.3800             3.2897              132            
3              [35840/50000]       3.2027              23.2800             3.2940              133            
3              [36864/50000]       3.1478              22.8400             3.2934              134            
3              [37888/50000]       3.1486              22.5500             3.3279              135            
3              [38912/50000]       3.1595              21.4600             3.4023              136            
3              [39936/50000]       3.2085              20.6100             3.4414              137            
3              [40960/50000]       3.1652              22.1900             3.3455              138            
3              [41984/50000]       3.1731              21.6800             3.3190              139            
3              [43008/50000]       3.0966              22.9000             3.3355              140            
3              [44032/50000]       3.1138              22.0600             3.2887              141            
3              [45056/50000]       3.0812              23.1800             3.3001              142            
3              [46080/50000]       3.1983              20.1600             3.4239              143            
3              [47104/50000]       3.2213              22.1300             3.3575              144            
3              [48128/50000]       3.1718              20.4000             3.3848              145            
3              [49152/50000]       3.2177              22.3300             3.3405              146            
3              [41552/50000]       3.2077              21.9700             3.3123              147            
4              [1024/50000]        3.0291              23.2300             3.2919              148            
4              [2048/50000]        3.0275              22.8800             3.2776              149            
4              [3072/50000]        2.9665              23.2100             3.2628              150            
4              [4096/50000]        3.0628              21.7600             3.3738              151            
4              [5120/50000]        3.1005              21.9000             3.3496              152            
4              [6144/50000]        3.1191              20.6900             3.4224              153            
4              [7168/50000]        3.1942              20.8000             3.4488              154            
4              [8192/50000]        3.2834              21.4400             3.3939              155            
4              [9216/50000]        3.1690              20.3300             3.4789              156            
4              [10240/50000]       3.1232              20.7400             3.4657              157            
4              [11264/50000]       3.2029              20.6100             3.4556              158            
4              [12288/50000]       3.1807              22.0500             3.3318              159            
4              [13312/50000]       3.0364              22.3000             3.3300              160            
4              [14336/50000]       2.9787              22.5200             3.3548              161            
4              [15360/50000]       3.1302              22.7600             3.3297              162            
4              [16384/50000]       3.0874              23.4600             3.2876              163            
4              [17408/50000]       3.0817              22.6400             3.3456              164            
4              [18432/50000]       3.0911              21.5500             3.3735              165            
4              [19456/50000]       3.0846              22.7300             3.3224              166            
4              [20480/50000]       3.0379              22.0000             3.3619              167            
4              [21504/50000]       3.2189              21.7800             3.3963              168            
4              [22528/50000]       3.0900              24.2600             3.2840              169            
4              [23552/50000]       3.0062              23.8400             3.2607              170            
4              [24576/50000]       3.0209              24.4600             3.1992              171            
4              [25600/50000]       2.9987              22.4100             3.2861              172            
4              [26624/50000]       2.9580              21.3400             3.4164              173            
4              [27648/50000]       3.0846              21.6000             3.3248              174            
4              [28672/50000]       3.0866              23.2500             3.2888              175            
4              [29696/50000]       3.0459              22.6200             3.3140              176            
4              [30720/50000]       3.0857              23.5200             3.2479              177            
4              [31744/50000]       3.0589              23.1200             3.2500              178            
4              [32768/50000]       2.9831              22.8000             3.2940              179            
4              [33792/50000]       3.0233              23.2000             3.2706              180            
4              [34816/50000]       3.0697              23.8500             3.2629              181            
4              [35840/50000]       3.0247              23.0300             3.2969              182            
4              [36864/50000]       3.1383              22.0800             3.3694              183            
4              [37888/50000]       3.1805              21.5200             3.4865              184            
4              [38912/50000]       3.2654              17.7600             3.6311              185            
4              [39936/50000]       3.3711              20.0300             3.5808              186            
4              [40960/50000]       3.3215              20.5100             3.5100              187            
4              [41984/50000]       3.2962              20.3500             3.3696              188            
4              [43008/50000]       3.1848              21.9500             3.3692              189            
4              [44032/50000]       3.1027              22.6000             3.3442              190            
4              [45056/50000]       3.1293              22.7400             3.3482              191            
4              [46080/50000]       3.0946              23.5300             3.2916              192            
4              [47104/50000]       3.0864              22.4600             3.2933              193            
4              [48128/50000]       3.0547              21.9700             3.3489              194            
4              [49152/50000]       3.0816              21.8400             3.4183              195            
4              [41552/50000]       3.1718              20.2600             3.4285              196            
5              [1024/50000]        3.0715              22.9100             3.3374              197            
5              [2048/50000]        3.0899              21.9700             3.3121              198            
5              [3072/50000]        3.0009              24.6000             3.2513              199            
5              [4096/50000]        2.7531              24.6900             3.1820              200            
5              [5120/50000]        2.7885              24.8200             3.2265              201            
5              [6144/50000]        2.9226              23.5000             3.2413              202            
5              [7168/50000]        2.9476              23.9600             3.2139              203            
5              [8192/50000]        2.8236              24.0900             3.2363              204            
5              [9216/50000]        2.9321              23.0700             3.2892              205            
5              [10240/50000]       2.9741              22.3900             3.3668              206            
5              [11264/50000]       3.0541              21.6000             3.4187              207            
5              [12288/50000]       3.1125              22.2200             3.3731              208            
5              [13312/50000]       3.0726              19.3000             3.5237              209            
5              [14336/50000]       3.1136              22.7900             3.5434              210            
5              [15360/50000]       3.1754              21.2900             3.4296              211            
5              [16384/50000]       3.1201              21.8100             3.4243              212            
5              [17408/50000]       3.1391              21.0500             3.4297              213            
5              [18432/50000]       3.0130              23.8000             3.3064              214            
5              [19456/50000]       2.9312              24.1400             3.2418              215            
5              [20480/50000]       2.8884              24.1200             3.2121              216            
5              [21504/50000]       2.8680              23.5300             3.2465              217            
5              [22528/50000]       2.9808              23.3100             3.2857              218            
5              [23552/50000]       3.0306              23.4200             3.2893              219            
5              [24576/50000]       2.9294              22.0700             3.3827              220            
5              [25600/50000]       3.0490              22.4800             3.3307              221            
5              [26624/50000]       2.8986              25.6300             3.1649              222            
5              [27648/50000]       2.8610              25.1000             3.1965              223            
5              [28672/50000]       2.8844              23.9300             3.2767              224            
5              [29696/50000]       3.0039              23.1800             3.3699              225            
5              [30720/50000]       3.0663              24.4300             3.2682              226            
5              [31744/50000]       2.9250              23.9300             3.2611              227            
5              [32768/50000]       2.8947              24.2200             3.2464              228            
5              [33792/50000]       2.8874              23.8200             3.2474              229            
5              [34816/50000]       2.9110              24.1100             3.2252              230            
5              [35840/50000]       2.8784              24.3200             3.2580              231            
5              [36864/50000]       2.9713              22.4400             3.3294              232            
5              [37888/50000]       2.9447              23.3200             3.3566              233            
5              [38912/50000]       3.1462              22.1700             3.2767              234            
5              [39936/50000]       2.9517              22.9900             3.3551              235            
5              [40960/50000]       3.0255              20.9800             3.4487              236            
5              [41984/50000]       3.0770              22.3600             3.4236              237            
5              [43008/50000]       3.1463              22.0700             3.4685              238            
5              [44032/50000]       3.2414              22.1400             3.3814              239            
