Current_Epoch  Batch/Total         CE_Train            Accuracy(%)         CE_TEST             Batch_Number   
0              [0/50000]           --                  9.020               2.3531              0
1              [64/50000]          2.2975              17.7300             2.2345              1              
1              [128/50000]         2.2062              20.9600             2.1899              2              
1              [192/50000]         2.1050              20.9000             2.1897              3              
1              [256/50000]         2.2967              20.7300             2.1987              4              
1              [320/50000]         2.1496              24.5000             2.1306              5              
1              [384/50000]         2.0435              25.2000             2.1141              6              
1              [448/50000]         1.7527              24.4900             2.1710              7              
1              [512/50000]         2.1013              23.9100             2.1547              8              
1              [576/50000]         2.3427              28.1500             2.0723              9              
1              [640/50000]         2.1633              25.4800             2.1574              10             
1              [704/50000]         2.1361              27.9200             2.0552              11             
1              [768/50000]         1.9819              27.8200             2.0581              12             
1              [832/50000]         2.0759              23.5500             2.1131              13             
1              [896/50000]         1.9641              27.8400             2.0406              14             
1              [960/50000]         2.0347              25.9000             2.1144              15             
1              [1024/50000]        2.1441              25.2200             2.1113              16             
1              [1088/50000]        2.0077              28.0300             2.0535              17             
1              [1152/50000]        2.0352              29.0600             2.0300              18             
1              [1216/50000]        2.3166              27.5900             2.0848              19             
1              [1280/50000]        2.1391              30.7800             2.0093              20             
1              [1344/50000]        1.9119              30.7100             2.0393              21             
1              [1408/50000]        2.0683              27.7500             2.0853              22             
1              [1472/50000]        1.9138              28.2200             2.0715              23             
1              [1536/50000]        2.2588              28.7700             2.0173              24             
1              [1600/50000]        2.2887              30.8000             2.0532              25             
1              [1664/50000]        2.3046              31.2600             1.9752              26             
1              [1728/50000]        2.1777              26.9400             2.0372              27             
1              [1792/50000]        2.1832              30.2900             1.9619              28             
1              [1856/50000]        2.0317              26.7000             2.0473              29             
1              [1920/50000]        2.0328              30.9400             1.9555              30             
1              [1984/50000]        1.9290              31.1700             1.9654              31             
1              [2048/50000]        2.0356              30.1800             1.9868              32             
1              [2112/50000]        2.0248              30.6400             2.0439              33             
1              [2176/50000]        1.8288              30.8700             2.0152              34             
1              [2240/50000]        1.8972              29.6200             2.0510              35             
1              [2304/50000]        2.2611              29.0800             1.9821              36             
1              [2368/50000]        1.9855              29.2500             2.0090              37             
1              [2432/50000]        1.9714              30.7200             1.9709              38             
1              [2496/50000]        1.9099              31.2200             1.9727              39             
1              [2560/50000]        1.6726              31.9200             1.9865              40             
1              [2624/50000]        1.8590              29.9400             1.9971              41             
1              [2688/50000]        1.9642              30.1400             2.0519              42             
1              [2752/50000]        2.0907              31.1800             1.9970              43             
1              [2816/50000]        1.9382              30.0600             2.0269              44             
1              [2880/50000]        1.6810              33.1700             1.9713              45             
1              [2944/50000]        1.8192              30.6700             2.0034              46             
1              [3008/50000]        1.9802              32.9900             1.9654              47             
1              [3072/50000]        1.9553              33.0000             1.9690              48             
1              [3136/50000]        1.9989              31.1500             2.0258              49             
1              [3200/50000]        2.2619              32.2100             1.9968              50             
1              [3264/50000]        2.2480              29.8300             1.9885              51             
1              [3328/50000]        2.0354              30.2200             2.0275              52             
1              [3392/50000]        2.1714              29.9200             1.9872              53             
1              [3456/50000]        2.1723              31.6800             2.0083              54             
1              [3520/50000]        1.8915              32.5600             1.9612              55             
1              [3584/50000]        1.8746              32.5200             1.9484              56             
1              [3648/50000]        1.6589              31.6900             1.9775              57             
1              [3712/50000]        1.8902              32.8800             1.9535              58             
1              [3776/50000]        1.9414              31.7300             1.9752              59             
1              [3840/50000]        2.2046              32.3600             1.9397              60             
1              [3904/50000]        1.8180              31.5600             2.0014              61             
1              [3968/50000]        1.8723              32.8100             1.9580              62             
1              [4032/50000]        2.0562              29.7200             2.0461              63             
1              [4096/50000]        2.1114              31.1500             1.9805              64             
1              [4160/50000]        2.1455              30.4600             1.9990              65             
1              [4224/50000]        2.0056              31.4000             1.9728              66             
1              [4288/50000]        1.6662              32.4300             1.9822              67             
1              [4352/50000]        1.9499              32.6400             1.9595              68             
1              [4416/50000]        1.9245              32.6400             1.9654              69             
1              [4480/50000]        1.9124              35.3200             1.9218              70             
1              [4544/50000]        1.8416              31.0700             2.0623              71             
1              [4608/50000]        2.0715              33.4800             1.9453              72             
1              [4672/50000]        2.0319              32.6900             1.9631              73             
1              [4736/50000]        1.9486              32.8800             1.9569              74             
1              [4800/50000]        1.9573              34.5400             1.9134              75             
1              [4864/50000]        1.8666              31.0800             2.0517              76             
1              [4928/50000]        2.4120              30.0500             2.0859              77             
1              [4992/50000]        2.0320              32.4200             1.9502              78             
1              [5056/50000]        2.0582              31.8700             1.9654              79             
1              [5120/50000]        2.0054              31.8000             1.9693              80             
1              [5184/50000]        1.7797              31.6800             1.9668              81             
1              [5248/50000]        1.7540              32.5300             1.9411              82             
1              [5312/50000]        2.0567              32.7700             1.9511              83             
1              [5376/50000]        1.9929              32.4600             1.9618              84             
1              [5440/50000]        1.8787              30.8100             2.0060              85             
1              [5504/50000]        2.1524              32.2500             1.9618              86             
1              [5568/50000]        1.8768              32.8300             1.9134              87             
1              [5632/50000]        1.7454              33.4500             1.9067              88             
1              [5696/50000]        1.9474              32.0900             1.9960              89             
1              [5760/50000]        2.1587              32.8500             1.9375              90             
1              [5824/50000]        1.9043              33.2600             1.9441              91             
1              [5888/50000]        2.1600              33.5400             1.9176              92             
1              [5952/50000]        1.9833              33.7900             1.9344              93             
1              [6016/50000]        1.9320              32.7400             1.9816              94             
1              [6080/50000]        2.1237              33.7100             1.9126              95             
1              [6144/50000]        1.8644              33.3300             1.9438              96             
1              [6208/50000]        2.0118              33.8000             1.9336              97             
1              [6272/50000]        2.0365              35.8700             1.8978              98             
1              [6336/50000]        1.6513              35.0800             1.9447              99             
1              [6400/50000]        1.9219              33.5200             1.9401              100            
1              [6464/50000]        1.9439              33.7800             1.9471              101            
1              [6528/50000]        1.8715              31.5300             1.9575              102            
1              [6592/50000]        1.8741              32.1900             1.9537              103            
1              [6656/50000]        2.1865              32.7900             1.9299              104            
1              [6720/50000]        1.9900              33.7600             1.9196              105            
1              [6784/50000]        1.9366              32.1100             1.9364              106            
1              [6848/50000]        2.1931              33.0700             1.9199              107            
1              [6912/50000]        1.8494              33.6200             1.9132              108            
1              [6976/50000]        2.0855              32.5600             1.9595              109            
1              [7040/50000]        1.8873              33.6200             1.9276              110            
1              [7104/50000]        1.9236              34.8500             1.9169              111            
1              [7168/50000]        2.1867              34.7800             1.8980              112            
1              [7232/50000]        2.0958              32.1300             1.9394              113            
1              [7296/50000]        1.9072              35.1300             1.8790              114            
1              [7360/50000]        1.8717              33.4400             1.9517              115            
1              [7424/50000]        1.9722              33.7300             1.9216              116            
1              [7488/50000]        1.9034              33.5700             1.9002              117            
1              [7552/50000]        1.7981              32.7100             1.9175              118            
1              [7616/50000]        1.9230              34.2000             1.9260              119            
1              [7680/50000]        1.8183              31.8100             1.9968              120            
1              [7744/50000]        2.1334              35.0300             1.8923              121            
1              [7808/50000]        2.0130              33.8200             1.9296              122            
1              [7872/50000]        1.7007              32.1800             1.9641              123            
1              [7936/50000]        2.0491              33.8300             1.9110              124            
1              [8000/50000]        2.1284              32.3600             1.9366              125            
1              [8064/50000]        1.7210              32.1500             1.9757              126            
1              [8128/50000]        1.6664              33.3300             1.9351              127            
1              [8192/50000]        2.0724              33.0500             1.9398              128            
1              [8256/50000]        2.1247              33.0800             1.9291              129            
1              [8320/50000]        1.9220              31.6900             1.9753              130            
1              [8384/50000]        1.9584              32.1600             1.9360              131            
1              [8448/50000]        2.1417              33.7400             1.9284              132            
1              [8512/50000]        1.9615              34.6500             1.8795              133            
1              [8576/50000]        2.1876              33.5100             1.9341              134            
1              [8640/50000]        1.7703              33.7500             1.9138              135            
1              [8704/50000]        1.7642              34.6700             1.9388              136            
1              [8768/50000]        2.1533              34.6100             1.9391              137            
1              [8832/50000]        1.8323              33.1300             1.9286              138            
1              [8896/50000]        1.8681              34.2500             1.9459              139            
1              [8960/50000]        1.9670              33.9900             1.9270              140            
1              [9024/50000]        1.7579              33.3900             1.9249              141            
1              [9088/50000]        1.7560              32.9600             1.9423              142            
1              [9152/50000]        1.8191              35.0400             1.9140              143            
1              [9216/50000]        1.7838              34.3600             1.9245              144            
1              [9280/50000]        1.8848              33.3900             1.9692              145            
1              [9344/50000]        1.9886              33.3500             1.9898              146            
1              [9408/50000]        2.1548              33.1500             1.9678              147            
1              [9472/50000]        2.0891              33.3700             1.9225              148            
1              [9536/50000]        2.0709              33.7700             1.9184              149            
1              [9600/50000]        2.0821              31.5500             1.9814              150            
1              [9664/50000]        1.7991              35.0800             1.8953              151            
1              [9728/50000]        1.9332              34.2800             1.9546              152            
1              [9792/50000]        1.8761              34.6200             1.9363              153            
1              [9856/50000]        2.0049              34.2600             1.9103              154            
1              [9920/50000]        1.9384              35.2000             1.8981              155            
1              [9984/50000]        1.7740              33.2400             1.9053              156            
1              [10048/50000]       2.0311              33.5000             1.9463              157            
1              [10112/50000]       1.9031              35.0400             1.9040              158            
1              [10176/50000]       1.7714              35.0100             1.9028              159            
1              [10240/50000]       1.7915              34.6900             1.9364              160            
1              [10304/50000]       1.9303              35.3300             1.9012              161            
1              [10368/50000]       2.1640              33.8200             1.8843              162            
1              [10432/50000]       1.8802              35.1500             1.8712              163            
1              [10496/50000]       1.7318              34.5200             1.8858              164            
1              [10560/50000]       1.9627              34.8200             1.9205              165            
1              [10624/50000]       1.8746              30.8900             2.0471              166            
1              [10688/50000]       2.0639              33.2100             1.9322              167            
1              [10752/50000]       1.8060              34.3600             1.9004              168            
1              [10816/50000]       1.9583              34.1500             1.9205              169            
1              [10880/50000]       2.0365              33.5100             1.9221              170            
1              [10944/50000]       1.8492              32.7700             1.9453              171            
1              [11008/50000]       1.8928              35.4000             1.8860              172            
1              [11072/50000]       2.0553              33.8700             1.9445              173            
1              [11136/50000]       1.7400              32.9400             1.9530              174            
1              [11200/50000]       1.9506              33.5100             1.9271              175            
1              [11264/50000]       1.8045              33.1500             1.9349              176            
1              [11328/50000]       1.7770              34.7500             1.9100              177            
1              [11392/50000]       2.1252              33.6500             1.9562              178            
1              [11456/50000]       1.8742              35.1300             1.8740              179            
1              [11520/50000]       1.9119              33.6500             1.9174              180            
1              [11584/50000]       1.9189              34.2100             1.9223              181            
1              [11648/50000]       1.6882              34.4400             1.9060              182            
1              [11712/50000]       1.9310              33.0200             1.9217              183            
1              [11776/50000]       1.8295              32.9500             1.9841              184            
1              [11840/50000]       2.0853              32.4700             1.9493              185            
1              [11904/50000]       1.9309              30.3400             1.9958              186            
1              [11968/50000]       1.5557              30.4900             2.0566              187            
1              [12032/50000]       1.8258              34.2000             1.8995              188            
1              [12096/50000]       1.5519              33.1700             1.9407              189            
1              [12160/50000]       2.0451              33.3300             1.9534              190            
1              [12224/50000]       2.1572              33.1400             1.9135              191            
1              [12288/50000]       1.6929              33.5800             1.9001              192            
1              [12352/50000]       1.9343              34.3300             1.8978              193            
1              [12416/50000]       1.8268              30.7900             1.9699              194            
1              [12480/50000]       1.9933              33.4200             1.8978              195            
1              [12544/50000]       1.8428              33.2900             1.9248              196            
1              [12608/50000]       1.8838              32.4500             1.9756              197            
1              [12672/50000]       1.9460              33.9500             1.9576              198            
1              [12736/50000]       2.1299              31.5500             1.9832              199            
1              [12800/50000]       1.9053              31.8400             1.9456              200            
1              [12864/50000]       1.7944              33.1200             1.9493              201            
1              [12928/50000]       2.2309              31.9700             1.9345              202            
1              [12992/50000]       1.9363              33.6100             1.9396              203            
1              [13056/50000]       2.2286              31.9400             1.9275              204            
1              [13120/50000]       1.7905              32.3900             1.9333              205            
1              [13184/50000]       2.0901              33.6200             1.9036              206            
1              [13248/50000]       1.7397              33.2500             1.9170              207            
1              [13312/50000]       2.3201              33.5000             1.8887              208            
1              [13376/50000]       1.8552              33.8600             1.8929              209            
1              [13440/50000]       1.7761              34.3800             1.8962              210            
1              [13504/50000]       1.7455              32.8300             1.9510              211            
1              [13568/50000]       2.1124              33.1200             1.9644              212            
1              [13632/50000]       1.7594              33.2300             1.9517              213            
1              [13696/50000]       1.9831              34.3200             1.9325              214            
1              [13760/50000]       1.8623              33.8400             1.9580              215            
1              [13824/50000]       2.0489              33.1300             1.9874              216            
1              [13888/50000]       1.9768              34.9600             1.8900              217            
1              [13952/50000]       1.7475              34.3900             1.9229              218            
1              [14016/50000]       1.8199              35.3900             1.8915              219            
1              [14080/50000]       2.1925              32.3800             2.0066              220            
1              [14144/50000]       1.9293              31.5700             1.9664              221            
1              [14208/50000]       2.0049              32.5000             1.9713              222            
1              [14272/50000]       2.0412              35.2500             1.8805              223            
1              [14336/50000]       2.0290              36.6000             1.8703              224            
1              [14400/50000]       1.8897              34.2400             1.9071              225            
1              [14464/50000]       1.9191              35.5100             1.9045              226            
1              [14528/50000]       2.0207              34.3100             1.8869              227            
1              [14592/50000]       2.0370              34.8900             1.8779              228            
1              [14656/50000]       2.0131              31.6600             1.9472              229            
1              [14720/50000]       1.9035              34.7800             1.8771              230            
1              [14784/50000]       1.9860              32.9900             1.9031              231            
1              [14848/50000]       1.8299              31.5600             1.9755              232            
1              [14912/50000]       1.9767              33.6600             1.9174              233            
1              [14976/50000]       1.7939              33.8400             1.9217              234            
1              [15040/50000]       1.9290              32.7600             1.9342              235            
1              [15104/50000]       1.9100              33.2500             1.9418              236            
1              [15168/50000]       2.0385              33.9400             1.8998              237            
1              [15232/50000]       1.8318              33.7500             1.8936              238            
1              [15296/50000]       1.9169              32.8600             1.9101              239            
1              [15360/50000]       1.9069              33.8700             1.9331              240            
1              [15424/50000]       1.9538              33.6900             1.9146              241            
1              [15488/50000]       1.7203              35.4200             1.9044              242            
1              [15552/50000]       1.8193              33.9900             1.9615              243            
1              [15616/50000]       2.1296              34.6600             1.9443              244            
1              [15680/50000]       2.1202              34.0000             1.9630              245            
1              [15744/50000]       1.9943              33.3600             1.9539              246            
1              [15808/50000]       1.7986              34.6800             1.8956              247            
1              [15872/50000]       1.6885              35.2400             1.8906              248            
1              [15936/50000]       2.1029              33.5900             1.9220              249            
1              [16000/50000]       2.0409              33.7800             1.9225              250            
1              [16064/50000]       2.1088              32.1600             1.9634              251            
1              [16128/50000]       2.1119              32.9800             1.9453              252            
1              [16192/50000]       1.8408              33.5200             1.9156              253            
1              [16256/50000]       1.6150              33.8200             1.8888              254            
1              [16320/50000]       1.7343              33.5800             1.9541              255            
1              [16384/50000]       1.8707              33.8600             1.9703              256            
1              [16448/50000]       1.9895              32.1200             1.9968              257            
1              [16512/50000]       1.9903              34.6500             1.9147              258            
1              [16576/50000]       1.9598              35.0800             1.8923              259            
1              [16640/50000]       1.8708              33.9000             1.9004              260            
1              [16704/50000]       1.7919              34.3400             1.9159              261            
1              [16768/50000]       1.7556              34.8500             1.9177              262            
1              [16832/50000]       2.1135              35.1700             1.9086              263            
1              [16896/50000]       2.1443              34.5300             1.8830              264            
1              [16960/50000]       1.7269              35.3200             1.8697              265            
1              [17024/50000]       1.9799              35.0600             1.8754              266            
1              [17088/50000]       1.8402              34.0800             1.9006              267            
1              [17152/50000]       2.0711              32.9000             1.9545              268            
1              [17216/50000]       2.1374              32.9900             1.9545              269            
1              [17280/50000]       1.8932              34.0900             1.9081              270            
1              [17344/50000]       1.8037              35.5200             1.9065              271            
1              [17408/50000]       1.8467              36.3900             1.8564              272            
1              [17472/50000]       2.0948              35.0000             1.9593              273            
1              [17536/50000]       1.7944              36.1100             1.8996              274            
1              [17600/50000]       2.0908              36.6800             1.8613              275            
1              [17664/50000]       1.7933              35.4900             1.9054              276            
1              [17728/50000]       1.9050              31.3600             2.0893              277            
1              [17792/50000]       1.7840              31.7300             2.0254              278            
1              [17856/50000]       2.1270              34.4100             1.9256              279            
1              [17920/50000]       1.8658              34.0200             2.0513              280            
1              [17984/50000]       2.0924              36.4600             1.8710              281            
1              [18048/50000]       1.8650              34.6500             1.9262              282            
1              [18112/50000]       1.8536              33.2000             1.9536              283            
1              [18176/50000]       1.8740              35.4000             1.9076              284            
1              [18240/50000]       2.1354              35.9200             1.8722              285            
1              [18304/50000]       1.7643              35.9300             1.8691              286            
1              [18368/50000]       2.1354              34.7900             1.9310              287            
1              [18432/50000]       1.8933              36.0100             1.9033              288            
1              [18496/50000]       1.9250              35.2800             1.8806              289            
1              [18560/50000]       2.0514              36.6500             1.8494              290            
1              [18624/50000]       1.9353              35.1300             1.8904              291            
1              [18688/50000]       1.6955              35.2600             1.8901              292            
1              [18752/50000]       2.2355              34.9100             1.9155              293            
1              [18816/50000]       1.9545              35.7700             1.8699              294            
1              [18880/50000]       1.8655              36.4300             1.8506              295            
1              [18944/50000]       1.7026              36.5300             1.8635              296            
1              [19008/50000]       1.9781              36.4900             1.8487              297            
1              [19072/50000]       1.8529              34.5800             1.8943              298            
1              [19136/50000]       1.9326              34.1300             1.9202              299            
1              [19200/50000]       2.2144              32.8300             1.9707              300            
1              [19264/50000]       1.9078              35.1400             1.8732              301            
1              [19328/50000]       1.9805              35.2200             1.8726              302            
1              [19392/50000]       1.9785              35.6600             1.8787              303            
1              [19456/50000]       2.0008              34.7700             1.9073              304            
1              [19520/50000]       2.0833              35.3600             1.8708              305            
1              [19584/50000]       2.0377              32.4900             1.9418              306            
1              [19648/50000]       2.0679              34.0000             1.9022              307            
1              [19712/50000]       2.0026              34.4600             1.9093              308            
1              [19776/50000]       1.5952              34.0900             1.9080              309            
1              [19840/50000]       1.8622              34.0100             1.9157              310            
1              [19904/50000]       1.7340              35.5000             1.8934              311            
1              [19968/50000]       1.8722              33.5200             1.9268              312            
1              [20032/50000]       1.8899              33.0500             1.9193              313            
1              [20096/50000]       1.9773              36.3600             1.8832              314            
1              [20160/50000]       1.8478              35.3400             1.8923              315            
1              [20224/50000]       1.9484              34.2100             1.9115              316            
1              [20288/50000]       2.0411              32.8400             1.9426              317            
1              [20352/50000]       1.9190              32.8700             1.9657              318            
1              [20416/50000]       1.9833              33.0700             1.9257              319            
1              [20480/50000]       1.8903              33.9500             1.9685              320            
1              [20544/50000]       1.9980              34.2900             1.9427              321            
1              [20608/50000]       2.0415              34.4800             1.9113              322            
1              [20672/50000]       1.9485              33.6400             1.9400              323            
1              [20736/50000]       2.1575              33.2800             1.9453              324            
1              [20800/50000]       1.9958              35.0700             1.8977              325            
1              [20864/50000]       1.8837              34.7300             1.9138              326            
1              [20928/50000]       1.9838              34.5500             1.9020              327            
1              [20992/50000]       2.1012              34.6900             1.8906              328            
1              [21056/50000]       1.9565              35.1300             1.8878              329            
1              [21120/50000]       1.9421              34.6600             1.8796              330            
1              [21184/50000]       2.2647              33.4300             1.9258              331            
1              [21248/50000]       1.7137              34.3200             1.9263              332            
1              [21312/50000]       2.0245              35.1700             1.8748              333            
1              [21376/50000]       1.9185              34.6200             1.8777              334            
1              [21440/50000]       1.9455              33.8400             1.9206              335            
1              [21504/50000]       2.1551              36.1300             1.8641              336            
1              [21568/50000]       1.8348              34.8900             1.8994              337            
1              [21632/50000]       1.9723              35.7200             1.8757              338            
1              [21696/50000]       1.9767              35.4800             1.9052              339            
1              [21760/50000]       1.9736              33.3200             1.9360              340            
1              [21824/50000]       1.9269              36.8900             1.8609              341            
1              [21888/50000]       1.7769              36.4200             1.8815              342            
1              [21952/50000]       1.8703              35.1900             1.8852              343            
1              [22016/50000]       1.9726              35.2700             1.8987              344            
1              [22080/50000]       1.9136              33.9000             1.9494              345            
1              [22144/50000]       1.7773              34.2900             1.9509              346            
1              [22208/50000]       1.8617              35.6700             1.9022              347            
1              [22272/50000]       1.9068              35.3500             1.9553              348            
1              [22336/50000]       2.0309              35.6500             1.9026              349            
1              [22400/50000]       1.9080              34.3900             1.9422              350            
1              [22464/50000]       1.8310              33.4500             1.9642              351            
1              [22528/50000]       2.0070              34.4300             1.8995              352            
1              [22592/50000]       1.6108              34.1400             1.9202              353            
1              [22656/50000]       1.9417              36.1300             1.8857              354            
1              [22720/50000]       1.9247              35.3600             1.9080              355            
1              [22784/50000]       1.9102              34.5900             1.9461              356            
1              [22848/50000]       2.2050              33.7100             1.9237              357            
1              [22912/50000]       2.1707              33.2200             1.9532              358            
1              [22976/50000]       1.8446              35.5300             1.8918              359            
1              [23040/50000]       1.7940              34.8200             1.9524              360            
1              [23104/50000]       1.9433              35.4500             1.9143              361            
1              [23168/50000]       1.7982              36.7200             1.8895              362            
1              [23232/50000]       2.2562              33.0800             1.9516              363            
1              [23296/50000]       1.8546              34.6300             1.8967              364            
1              [23360/50000]       1.9512              35.0800             1.8888              365            
1              [23424/50000]       1.9058              35.7500             1.9089              366            
1              [23488/50000]       1.8767              32.3900             1.9594              367            
1              [23552/50000]       1.9709              34.9800             1.9103              368            
1              [23616/50000]       1.9290              32.7000             1.9428              369            
1              [23680/50000]       1.8173              35.6400             1.8939              370            
1              [23744/50000]       1.9161              34.3900             1.9486              371            
1              [23808/50000]       1.9431              36.1100             1.9073              372            
1              [23872/50000]       2.3286              35.1300             1.8846              373            
1              [23936/50000]       1.7038              35.3600             1.9011              374            
1              [24000/50000]       1.9129              36.5100             1.8782              375            
1              [24064/50000]       2.0694              34.6000             1.8996              376            
1              [24128/50000]       1.7238              35.7900             1.8871              377            
1              [24192/50000]       1.7372              37.0700             1.8862              378            
1              [24256/50000]       2.1086              35.3100             1.9129              379            
1              [24320/50000]       1.6682              33.3100             1.9610              380            
1              [24384/50000]       2.0886              32.1800             1.9729              381            
1              [24448/50000]       2.0234              33.1700             1.9283              382            
1              [24512/50000]       2.0002              33.2400             1.9339              383            
1              [24576/50000]       2.1218              31.4500             1.9785              384            
1              [24640/50000]       1.9095              33.1500             1.9595              385            
1              [24704/50000]       2.1163              33.1800             1.9602              386            
1              [24768/50000]       1.9227              35.0500             1.8978              387            
1              [24832/50000]       2.0683              32.0000             1.9429              388            
1              [24896/50000]       2.0180              31.2800             2.0047              389            
1              [24960/50000]       1.8124              34.0400             1.9089              390            
1              [25024/50000]       2.1663              34.2200             1.9261              391            
1              [25088/50000]       2.0479              35.4400             1.8947              392            
1              [25152/50000]       1.8948              37.0000             1.8572              393            
1              [25216/50000]       1.9191              35.9400             1.8927              394            
1              [25280/50000]       1.9636              35.5500             1.8773              395            
1              [25344/50000]       2.0335              36.3700             1.8519              396            
1              [25408/50000]       1.8707              34.2900             1.8897              397            
1              [25472/50000]       1.6416              35.1200             1.9071              398            
1              [25536/50000]       1.9871              33.3400             1.9249              399            
1              [25600/50000]       1.6333              34.7200             1.8778              400            
1              [25664/50000]       2.0218              34.2200             1.9272              401            
1              [25728/50000]       2.2561              35.2300             1.8681              402            
1              [25792/50000]       1.7210              35.1500             1.8927              403            
1              [25856/50000]       1.9447              35.3000             1.9019              404            
1              [25920/50000]       1.8585              36.5700             1.8789              405            
1              [25984/50000]       1.5726              37.0700             1.8864              406            
1              [26048/50000]       1.9424              34.8900             1.9419              407            
1              [26112/50000]       1.8226              36.8200             1.8923              408            
1              [26176/50000]       1.9411              36.4300             1.8807              409            
1              [26240/50000]       2.1522              33.3500             1.9437              410            
1              [26304/50000]       1.8417              34.9700             1.9435              411            
1              [26368/50000]       2.0404              35.1800             1.8850              412            
1              [26432/50000]       2.1081              35.8100             1.9027              413            
1              [26496/50000]       1.8109              35.4000             1.8920              414            
1              [26560/50000]       1.8691              36.4100             1.8603              415            
1              [26624/50000]       1.7132              33.7600             1.9802              416            
1              [26688/50000]       2.1289              34.7100             1.8895              417            
1              [26752/50000]       1.7960              35.4000             1.8687              418            
1              [26816/50000]       1.8084              34.6500             1.8737              419            
1              [26880/50000]       1.7126              34.2800             1.8872              420            
1              [26944/50000]       1.7978              35.7800             1.8768              421            
1              [27008/50000]       1.8794              37.2200             1.8505              422            
1              [27072/50000]       1.9901              37.5100             1.8451              423            
1              [27136/50000]       1.7326              35.8500             1.9227              424            
1              [27200/50000]       1.8571              35.3500             1.9117              425            
1              [27264/50000]       2.0397              36.7900             1.8660              426            
1              [27328/50000]       1.9908              36.1700             1.9006              427            
1              [27392/50000]       1.8855              35.3600             1.9375              428            
1              [27456/50000]       1.8116              36.2400             1.9019              429            
1              [27520/50000]       2.0792              36.4600             1.8851              430            
1              [27584/50000]       1.9309              36.6200             1.8665              431            
1              [27648/50000]       2.0866              36.8900             1.8464              432            
1              [27712/50000]       1.6754              35.3800             1.8893              433            
1              [27776/50000]       1.8558              36.3600             1.8612              434            
1              [27840/50000]       1.9192              34.8200             1.8836              435            
1              [27904/50000]       1.7453              35.4800             1.8944              436            
1              [27968/50000]       1.9529              32.4700             1.9967              437            
1              [28032/50000]       2.0597              36.1400             1.8775              438            
1              [28096/50000]       2.0699              35.5000             1.8952              439            
1              [28160/50000]       1.6573              34.7800             1.8950              440            
1              [28224/50000]       1.9619              33.6700             1.9409              441            
1              [28288/50000]       1.6465              36.0600             1.8769              442            
1              [28352/50000]       1.8773              34.3800             1.9168              443            
1              [28416/50000]       1.7878              34.8500             1.9620              444            
1              [28480/50000]       2.2413              36.1400             1.8889              445            
1              [28544/50000]       1.8014              35.2500             1.8903              446            
1              [28608/50000]       1.9577              35.9500             1.8762              447            
1              [28672/50000]       1.8065              36.3000             1.9013              448            
1              [28736/50000]       1.9082              35.9600             1.8962              449            
1              [28800/50000]       1.9943              34.0500             1.9261              450            
1              [28864/50000]       1.7946              35.1600             1.9339              451            
1              [28928/50000]       1.9204              33.7200             1.9622              452            
1              [28992/50000]       1.8366              33.2700             2.0034              453            
1              [29056/50000]       1.9724              33.3000             1.9827              454            
1              [29120/50000]       1.8341              35.3400             1.8974              455            
1              [29184/50000]       1.7668              35.4900             1.8971              456            
1              [29248/50000]       1.8980              35.2000             1.9269              457            
1              [29312/50000]       1.9754              35.7000             1.8943              458            
1              [29376/50000]       1.9709              34.3300             1.9400              459            
1              [29440/50000]       2.1274              34.4500             1.8861              460            
1              [29504/50000]       1.9782              36.5400             1.8608              461            
1              [29568/50000]       1.7392              34.7500             1.8864              462            
1              [29632/50000]       1.9749              35.7900             1.8669              463            
1              [29696/50000]       1.6083              36.0500             1.8674              464            
1              [29760/50000]       1.8233              31.9300             1.9806              465            
1              [29824/50000]       2.0935              33.9900             1.9400              466            
1              [29888/50000]       2.0922              35.5100             1.8965              467            
1              [29952/50000]       1.9849              36.1000             1.8753              468            
1              [30016/50000]       1.8583              35.9100             1.8962              469            
1              [30080/50000]       1.7873              35.8000             1.8911              470            
1              [30144/50000]       1.9194              35.2000             1.8885              471            
1              [30208/50000]       1.8808              35.3800             1.9188              472            
1              [30272/50000]       1.8628              34.0300             1.9167              473            
1              [30336/50000]       2.0689              36.2800             1.8677              474            
1              [30400/50000]       2.0151              36.8600             1.8698              475            
1              [30464/50000]       1.7610              33.1500             1.9333              476            
1              [30528/50000]       1.9014              35.7500             1.8688              477            
1              [30592/50000]       1.7469              33.6600             1.9459              478            
1              [30656/50000]       1.8322              34.0700             1.9615              479            
1              [30720/50000]       1.7917              36.9600             1.8500              480            
1              [30784/50000]       1.9140              34.8900             1.8955              481            
1              [30848/50000]       2.3733              33.8800             1.9166              482            
1              [30912/50000]       1.7461              35.3400             1.8807              483            
1              [30976/50000]       2.0029              34.6600             1.8904              484            
1              [31040/50000]       1.7323              35.2100             1.9125              485            
1              [31104/50000]       1.9536              35.7100             1.8970              486            
1              [31168/50000]       1.8712              35.4600             1.8819              487            
1              [31232/50000]       1.8615              34.2100             1.9137              488            
1              [31296/50000]       2.0794              33.1100             1.9938              489            
1              [31360/50000]       1.9659              36.0400             1.8640              490            
1              [31424/50000]       1.9064              34.4400             1.9279              491            
1              [31488/50000]       2.1743              34.3700             1.9216              492            
1              [31552/50000]       2.1428              34.8600             1.8840              493            
1              [31616/50000]       1.9969              35.3400             1.9021              494            
1              [31680/50000]       1.9589              34.9200             1.8992              495            
1              [31744/50000]       1.8283              35.3200             1.8866              496            
1              [31808/50000]       2.0432              33.9400             1.9018              497            
1              [31872/50000]       1.7255              36.1400             1.8759              498            
1              [31936/50000]       1.8217              34.6500             1.9268              499            
1              [32000/50000]       1.9984              35.7600             1.8793              500            
1              [32064/50000]       1.8206              34.3400             1.8918              501            
1              [32128/50000]       1.7615              35.7200             1.8867              502            
1              [32192/50000]       1.9620              32.0400             1.9824              503            
1              [32256/50000]       1.8689              35.6400             1.8848              504            
1              [32320/50000]       1.8174              34.0200             1.9453              505            
1              [32384/50000]       1.8118              35.1800             1.8901              506            
1              [32448/50000]       1.8190              33.8300             1.9303              507            
1              [32512/50000]       2.0392              36.2200             1.8884              508            
1              [32576/50000]       1.6351              34.9800             1.9121              509            
1              [32640/50000]       2.0533              35.3500             1.8949              510            
1              [32704/50000]       1.7444              35.8100             1.8670              511            
1              [32768/50000]       1.5591              36.9800             1.8651              512            
1              [32832/50000]       1.9232              34.4500             1.9569              513            
1              [32896/50000]       2.0293              36.8000             1.8569              514            
1              [32960/50000]       1.6580              33.6900             1.9061              515            
1              [33024/50000]       1.8320              35.0400             1.9164              516            
1              [33088/50000]       1.9385              35.7400             1.8904              517            
1              [33152/50000]       2.0856              34.8000             1.8899              518            
1              [33216/50000]       1.5898              35.5300             1.9041              519            
1              [33280/50000]       1.9790              33.6300             1.9161              520            
1              [33344/50000]       2.0717              34.1200             1.8758              521            
1              [33408/50000]       1.7675              35.1200             1.8899              522            
1              [33472/50000]       1.8930              34.8600             1.8834              523            
1              [33536/50000]       1.9430              34.6100             1.9037              524            
1              [33600/50000]       1.7929              34.7800             1.9050              525            
1              [33664/50000]       1.5359              34.7300             1.9290              526            
1              [33728/50000]       2.0803              33.6600             1.9376              527            
1              [33792/50000]       1.9932              34.6100             1.9142              528            
1              [33856/50000]       2.1494              33.6100             1.9537              529            
1              [33920/50000]       2.0072              36.2700             1.8769              530            
1              [33984/50000]       1.8246              34.7800             1.8887              531            
1              [34048/50000]       1.7012              35.7200             1.8878              532            
1              [34112/50000]       1.8698              36.5600             1.8599              533            
1              [34176/50000]       1.9002              36.5500             1.8494              534            
1              [34240/50000]       1.8186              35.0300             1.9148              535            
1              [34304/50000]       2.3617              36.1500             1.8544              536            
1              [34368/50000]       1.8266              35.1900             1.8815              537            
1              [34432/50000]       1.9041              36.0000             1.8633              538            
1              [34496/50000]       1.9013              33.4900             1.9667              539            
1              [34560/50000]       2.0321              36.6900             1.8366              540            
1              [34624/50000]       2.0127              35.8100             1.8917              541            
1              [34688/50000]       2.1786              35.3600             1.8810              542            
1              [34752/50000]       2.0931              33.6600             1.9171              543            
1              [34816/50000]       1.5381              34.1700             1.9318              544            
1              [34880/50000]       1.8887              35.8100             1.8543              545            
1              [34944/50000]       1.8958              35.0500             1.8818              546            
1              [35008/50000]       1.9054              35.1600             1.8805              547            
1              [35072/50000]       1.9040              32.7900             1.9174              548            
1              [35136/50000]       1.7020              34.4900             1.9107              549            
1              [35200/50000]       1.8646              32.4100             2.0107              550            
1              [35264/50000]       2.0274              33.1300             1.9367              551            
1              [35328/50000]       1.9351              33.1800             1.9405              552            
1              [35392/50000]       1.8812              34.1500             1.9012              553            
1              [35456/50000]       1.8753              34.5700             1.9100              554            
1              [35520/50000]       1.6754              35.2200             1.9006              555            
1              [35584/50000]       1.8018              34.8600             1.9604              556            
1              [35648/50000]       1.7811              33.8500             1.9397              557            
1              [35712/50000]       1.9758              35.7000             1.8834              558            
1              [35776/50000]       2.0153              34.6300             1.9171              559            
1              [35840/50000]       1.6672              35.0500             1.9190              560            
1              [35904/50000]       2.0014              34.4100             1.9241              561            
1              [35968/50000]       2.1700              35.4200             1.8910              562            
1              [36032/50000]       1.7336              35.0100             1.8961              563            
1              [36096/50000]       1.8190              34.2200             1.9064              564            
1              [36160/50000]       1.8767              34.7100             1.8999              565            
1              [36224/50000]       1.8039              34.3500             1.9149              566            
1              [36288/50000]       1.9229              34.8200             1.8984              567            
1              [36352/50000]       1.7237              36.4500             1.8792              568            
1              [36416/50000]       2.1321              34.8000             1.8888              569            
1              [36480/50000]       2.2549              34.2100             1.9119              570            
1              [36544/50000]       2.1988              34.7800             1.8824              571            
1              [36608/50000]       1.8156              35.2600             1.9000              572            
1              [36672/50000]       1.9910              32.4700             1.9854              573            
1              [36736/50000]       1.9336              34.2400             1.9070              574            
1              [36800/50000]       2.1201              32.3500             1.9910              575            
1              [36864/50000]       1.9403              32.7600             1.9710              576            
1              [36928/50000]       1.9738              33.2400             1.9392              577            
1              [36992/50000]       1.9802              34.3300             1.9410              578            
1              [37056/50000]       2.0589              37.1900             1.8496              579            
1              [37120/50000]       1.9078              35.8100             1.8717              580            
1              [37184/50000]       1.9936              36.1800             1.8643              581            
1              [37248/50000]       2.0295              34.8100             1.8924              582            
1              [37312/50000]       2.0163              37.4700             1.8738              583            
1              [37376/50000]       1.7204              35.9900             1.9014              584            
1              [37440/50000]       1.8303              36.3200             1.8633              585            
1              [37504/50000]       1.8597              35.2700             1.8709              586            
1              [37568/50000]       1.9051              35.2200             1.9043              587            
1              [37632/50000]       1.9940              36.3700             1.8745              588            
1              [37696/50000]       1.9808              35.2400             1.8958              589            
1              [37760/50000]       1.9646              36.5800             1.8738              590            
1              [37824/50000]       1.9677              35.0600             1.9304              591            
1              [37888/50000]       1.8130              35.6500             1.9153              592            
1              [37952/50000]       2.0084              35.4000             1.9020              593            
1              [38016/50000]       1.8173              35.1900             1.9024              594            
1              [38080/50000]       1.7882              33.6400             1.9045              595            
1              [38144/50000]       1.9024              35.3500             1.9016              596            
1              [38208/50000]       2.1639              35.4600             1.8748              597            
1              [38272/50000]       1.9497              35.8900             1.8614              598            
1              [38336/50000]       2.0218              35.8800             1.9064              599            
1              [38400/50000]       2.0028              34.5700             1.9077              600            
1              [38464/50000]       1.9629              36.0300             1.8835              601            
1              [38528/50000]       1.6854              34.4300             1.9260              602            
1              [38592/50000]       1.9816              34.7800             1.9209              603            
1              [38656/50000]       2.5434              31.9600             1.9812              604            
1              [38720/50000]       2.0259              33.7900             1.9119              605            
1              [38784/50000]       2.1459              33.8500             1.9232              606            
1              [38848/50000]       1.9481              35.5800             1.8915              607            
1              [38912/50000]       1.9010              35.9500             1.8738              608            
1              [38976/50000]       1.7689              35.6600             1.8956              609            
1              [39040/50000]       1.8976              36.2300             1.8537              610            
1              [39104/50000]       1.8540              35.7300             1.8763              611            
1              [39168/50000]       1.9438              34.5900             1.9115              612            
1              [39232/50000]       1.8008              35.3800             1.8920              613            
1              [39296/50000]       1.9723              35.4500             1.9024              614            
1              [39360/50000]       1.6734              36.1500             1.8830              615            
1              [39424/50000]       1.8049              34.5300             1.8916              616            
1              [39488/50000]       1.9346              34.9900             1.8803              617            
1              [39552/50000]       1.6574              34.3100             1.9103              618            
1              [39616/50000]       1.8076              35.6800             1.8791              619            
1              [39680/50000]       1.9146              36.5900             1.8478              620            
1              [39744/50000]       1.6262              36.3900             1.8531              621            
1              [39808/50000]       1.9407              33.8300             1.9173              622            
1              [39872/50000]       1.7568              36.2800             1.8643              623            
1              [39936/50000]       1.6713              35.9300             1.9149              624            
1              [40000/50000]       2.1215              35.9300             1.8861              625            
1              [40064/50000]       1.7490              34.3400             1.9079              626            
1              [40128/50000]       1.9169              34.5200             1.9454              627            
1              [40192/50000]       2.1053              32.6400             1.9509              628            
1              [40256/50000]       1.8547              35.0100             1.9073              629            
1              [40320/50000]       2.1226              35.8700             1.8742              630            
1              [40384/50000]       1.7301              35.8600             1.8879              631            
1              [40448/50000]       2.0249              35.2300             1.8807              632            
1              [40512/50000]       1.9127              36.3900             1.8679              633            
1              [40576/50000]       1.8539              36.4400             1.8656              634            
1              [40640/50000]       1.9007              36.4800             1.8672              635            
1              [40704/50000]       1.8341              35.3500             1.8798              636            
1              [40768/50000]       1.8613              36.7100             1.8610              637            
1              [40832/50000]       1.9672              34.0100             1.9259              638            
1              [40896/50000]       1.7134              34.5900             1.9019              639            
1              [40960/50000]       1.9592              34.1700             1.9094              640            
1              [41024/50000]       1.8281              34.0200             1.9317              641            
1              [41088/50000]       1.8032              35.5300             1.9013              642            
1              [41152/50000]       2.0564              36.9900             1.8548              643            
1              [41216/50000]       1.7544              36.1400             1.8815              644            
1              [41280/50000]       1.7309              32.7700             2.0216              645            
1              [41344/50000]       2.0419              35.3400             1.9003              646            
1              [41408/50000]       2.1941              35.2900             1.9060              647            
1              [41472/50000]       2.1956              34.2800             1.8757              648            
1              [41536/50000]       1.8154              34.8000             1.8824              649            
1              [41600/50000]       1.7499              36.7500             1.8558              650            
1              [41664/50000]       1.9387              34.1600             1.9481              651            
1              [41728/50000]       1.7041              35.0600             1.8913              652            
1              [41792/50000]       1.9681              34.5400             1.9228              653            
1              [41856/50000]       1.9363              35.1600             1.9441              654            
1              [41920/50000]       2.4482              35.1900             1.8922              655            
1              [41984/50000]       2.1112              36.7100             1.8588              656            
1              [42048/50000]       2.0049              34.8800             1.8937              657            
1              [42112/50000]       1.8739              36.0800             1.8863              658            
1              [42176/50000]       1.9633              34.9200             1.9383              659            
1              [42240/50000]       1.8462              36.2700             1.8633              660            
1              [42304/50000]       1.9508              36.5500             1.8607              661            
1              [42368/50000]       1.6998              36.2700             1.9035              662            
1              [42432/50000]       1.6951              35.5800             1.8868              663            
1              [42496/50000]       2.1238              36.5500             1.8620              664            
1              [42560/50000]       1.9022              36.4400             1.8478              665            
1              [42624/50000]       1.8615              34.9800             1.8844              666            
1              [42688/50000]       1.9878              34.2000             1.9344              667            
1              [42752/50000]       1.8885              35.2000             1.9350              668            
1              [42816/50000]       1.7018              34.7800             1.8897              669            
1              [42880/50000]       1.7621              35.3800             1.9183              670            
1              [42944/50000]       1.9171              35.5700             1.8810              671            
1              [43008/50000]       2.0234              32.7500             1.9274              672            
1              [43072/50000]       1.8176              35.0600             1.8836              673            
1              [43136/50000]       2.0294              36.4000             1.8541              674            
1              [43200/50000]       1.9517              36.7800             1.8597              675            
1              [43264/50000]       1.9069              35.9900             1.8851              676            
1              [43328/50000]       2.0846              34.3200             1.9120              677            
1              [43392/50000]       1.8371              34.1500             1.9124              678            
1              [43456/50000]       1.8726              34.3500             1.9321              679            
1              [43520/50000]       1.8270              34.8200             1.9057              680            
1              [43584/50000]       1.8811              33.4100             1.9294              681            
1              [43648/50000]       1.6583              34.4400             1.8974              682            
1              [43712/50000]       1.8184              35.6900             1.8620              683            
1              [43776/50000]       1.8461              34.7600             1.8702              684            
1              [43840/50000]       1.8613              36.4000             1.8649              685            
1              [43904/50000]       1.8566              36.3400             1.8740              686            
1              [43968/50000]       1.9765              35.5400             1.8879              687            
1              [44032/50000]       1.8542              36.6500             1.8791              688            
1              [44096/50000]       1.8006              36.7600             1.8855              689            
1              [44160/50000]       2.0020              35.5200             1.9027              690            
1              [44224/50000]       1.8937              36.8000             1.8773              691            
1              [44288/50000]       1.8956              33.7900             1.9753              692            
1              [44352/50000]       1.8091              36.1900             1.9178              693            
1              [44416/50000]       1.8066              35.6800             1.8919              694            
1              [44480/50000]       1.7777              33.8000             1.9458              695            
1              [44544/50000]       2.2244              32.2800             1.9713              696            
1              [44608/50000]       2.0183              33.0100             1.9525              697            
1              [44672/50000]       1.9538              35.0900             1.9095              698            
1              [44736/50000]       1.9589              35.5200             1.8758              699            
1              [44800/50000]       1.9921              36.6500             1.8544              700            
1              [44864/50000]       1.7540              36.2000             1.8819              701            
1              [44928/50000]       1.9719              34.9400             1.8980              702            
1              [44992/50000]       2.0989              34.2400             1.8862              703            
1              [45056/50000]       1.9552              34.7500             1.8956              704            
1              [45120/50000]       1.5145              33.7400             1.9081              705            
1              [45184/50000]       1.8346              33.8500             1.9211              706            
1              [45248/50000]       1.8846              35.2800             1.8888              707            
1              [45312/50000]       1.7715              35.0800             1.8953              708            
1              [45376/50000]       1.9264              35.8700             1.8675              709            
1              [45440/50000]       1.9196              36.0800             1.8554              710            
1              [45504/50000]       1.6182              33.6600             1.9026              711            
1              [45568/50000]       2.0118              35.5600             1.8948              712            
1              [45632/50000]       1.7333              34.7600             1.9256              713            
1              [45696/50000]       2.0965              36.0500             1.8940              714            
1              [45760/50000]       1.8858              34.8500             1.8993              715            
1              [45824/50000]       1.6732              36.3300             1.8754              716            
1              [45888/50000]       1.9700              35.3000             1.8803              717            
1              [45952/50000]       2.0689              35.1400             1.8746              718            
1              [46016/50000]       1.8107              35.5700             1.8857              719            
1              [46080/50000]       2.0291              35.0200             1.8808              720            
1              [46144/50000]       1.9701              34.2500             1.9592              721            
1              [46208/50000]       2.0632              34.0900             1.9108              722            
1              [46272/50000]       1.7509              34.5500             1.9006              723            
1              [46336/50000]       2.0377              33.9400             1.9184              724            
1              [46400/50000]       2.0054              34.0600             1.9339              725            
1              [46464/50000]       1.7028              34.9900             1.8991              726            
1              [46528/50000]       1.9458              35.8000             1.8860              727            
1              [46592/50000]       1.7773              34.9100             1.8811              728            
1              [46656/50000]       1.9788              34.2200             1.9197              729            
1              [46720/50000]       1.8670              33.9200             1.9061              730            
1              [46784/50000]       1.9767              33.1300             1.9177              731            
1              [46848/50000]       1.9492              35.2600             1.8690              732            
1              [46912/50000]       1.6793              35.4500             1.8855              733            
1              [46976/50000]       1.8268              33.9100             1.9170              734            
1              [47040/50000]       2.0365              35.1500             1.8816              735            
1              [47104/50000]       1.9635              35.0300             1.8659              736            
1              [47168/50000]       1.9727              34.2100             1.9011              737            
1              [47232/50000]       1.9778              34.6700             1.8933              738            
1              [47296/50000]       1.7153              36.8500             1.8727              739            
1              [47360/50000]       1.7881              36.4400             1.8712              740            
1              [47424/50000]       2.0019              37.3400             1.8381              741            
1              [47488/50000]       1.8820              35.1900             1.9021              742            
1              [47552/50000]       1.7604              34.5500             1.9193              743            
1              [47616/50000]       1.8896              36.7600             1.8664              744            
1              [47680/50000]       1.9530              34.9300             1.9021              745            
1              [47744/50000]       1.9904              34.6400             1.9310              746            
1              [47808/50000]       2.2279              34.2100             1.9068              747            
1              [47872/50000]       1.7087              34.4500             1.9184              748            
1              [47936/50000]       2.0547              34.6000             1.9035              749            
1              [48000/50000]       1.8911              36.5300             1.8694              750            
1              [48064/50000]       1.8039              34.6600             1.9174              751            
1              [48128/50000]       2.0178              36.5300             1.8510              752            
1              [48192/50000]       2.1065              34.3100             1.9156              753            
1              [48256/50000]       1.9032              37.1400             1.8720              754            
1              [48320/50000]       1.9483              34.4600             1.8947              755            
1              [48384/50000]       1.6923              37.0600             1.8653              756            
1              [48448/50000]       1.6956              35.6400             1.9176              757            
1              [48512/50000]       1.7432              36.8100             1.8888              758            
1              [48576/50000]       1.7985              36.1100             1.8853              759            
1              [48640/50000]       1.7066              37.1100             1.8645              760            
1              [48704/50000]       1.7213              36.6400             1.8778              761            
1              [48768/50000]       1.8576              34.8100             1.9157              762            
1              [48832/50000]       2.1964              33.8500             1.9329              763            
1              [48896/50000]       1.6566              35.5700             1.8895              764            
1              [48960/50000]       1.9139              36.6100             1.8673              765            
1              [49024/50000]       1.7143              34.9100             1.8849              766            
1              [49088/50000]       2.3571              36.1400             1.8742              767            
1              [49152/50000]       2.0033              36.0300             1.8536              768            
1              [49216/50000]       1.7159              36.5500             1.8550              769            
1              [49280/50000]       1.7593              36.5400             1.8789              770            
1              [49344/50000]       1.8520              36.4000             1.8649              771            
1              [49408/50000]       1.8917              35.8100             1.8838              772            
1              [49472/50000]       1.9304              36.0300             1.8799              773            
1              [49536/50000]       1.8783              35.8200             1.9089              774            
1              [49600/50000]       1.7850              35.6200             1.8897              775            
1              [49664/50000]       1.8192              36.8800             1.8817              776            
1              [49728/50000]       1.7886              36.5300             1.8450              777            
1              [49792/50000]       2.0327              36.5500             1.8505              778            
1              [49856/50000]       2.1054              36.5000             1.8482              779            
1              [49920/50000]       1.9989              35.0300             1.9068              780            
1              [49984/50000]       2.0641              34.8500             1.9149              781            
1              [12512/50000]       2.4539              31.6600             2.1283              782            
