Current_Epoch  Batch/Total         CE_Train            Accuracy(%)         CE_TEST             Batch_Number   
0              [0/50000]           --                  9.020               4.6070              0
1              [1024/50000]        4.6077              2.4500              4.5559              1              
1              [2048/50000]        4.5572              3.4000              4.6284              2              
1              [3072/50000]        4.6115              2.5800              4.5699              3              
1              [4096/50000]        4.5818              4.5000              4.4064              4              
1              [5120/50000]        4.4496              5.2100              4.3373              5              
1              [6144/50000]        4.3293              5.9700              4.2626              6              
1              [7168/50000]        4.2329              6.6000              4.2201              7              
1              [8192/50000]        4.2433              6.8000              4.1995              8              
1              [9216/50000]        4.1921              7.8000              4.1494              9              
1              [10240/50000]       4.1888              6.3400              4.1441              10             
1              [11264/50000]       4.1714              7.0100              4.1852              11             
1              [12288/50000]       4.1544              7.2800              4.1488              12             
1              [13312/50000]       4.1753              8.4000              4.0782              13             
1              [14336/50000]       4.0627              8.6700              4.0429              14             
1              [15360/50000]       4.1061              8.5800              4.0565              15             
1              [16384/50000]       4.0347              7.0600              4.1062              16             
1              [17408/50000]       4.0861              8.9100              4.1011              17             
1              [18432/50000]       4.1291              9.8500              3.9467              18             
1              [19456/50000]       3.9721              10.2000             3.9415              19             
1              [20480/50000]       3.9043              10.3100             3.9471              20             
1              [21504/50000]       3.9144              9.1200              4.0315              21             
1              [22528/50000]       4.0623              9.4300              4.0027              22             
1              [23552/50000]       4.0369              9.9900              3.9701              23             
1              [24576/50000]       3.9684              11.4300             3.9095              24             
1              [25600/50000]       3.8902              11.5600             3.9193              25             
1              [26624/50000]       3.8933              11.6300             3.8566              26             
1              [27648/50000]       3.8451              12.0900             3.8795              27             
1              [28672/50000]       3.9056              12.0700             3.8712              28             
1              [29696/50000]       3.8347              11.4900             3.8773              29             
1              [30720/50000]       3.8373              12.0000             3.8996              30             
1              [31744/50000]       3.8558              12.3700             3.8622              31             
1              [32768/50000]       3.8121              12.2400             3.8427              32             
1              [33792/50000]       3.8721              11.9100             3.8922              33             
1              [34816/50000]       3.8765              10.9100             3.9064              34             
1              [35840/50000]       3.9057              13.8300             3.8002              35             
1              [36864/50000]       3.7613              13.8600             3.7565              36             
1              [37888/50000]       3.7358              12.4700             3.7969              37             
1              [38912/50000]       3.8340              12.3400             3.8171              38             
1              [39936/50000]       3.8419              13.3500             3.7629              39             
1              [40960/50000]       3.7219              12.0900             3.8564              40             
1              [41984/50000]       3.7763              12.6200             3.8173              41             
1              [43008/50000]       3.8045              11.5200             3.8699              42             
1              [44032/50000]       3.8609              12.3700             3.8134              43             
1              [45056/50000]       3.7838              15.0300             3.7316              44             
1              [46080/50000]       3.7246              14.5000             3.7126              45             
1              [47104/50000]       3.7189              14.1200             3.7691              46             
1              [48128/50000]       3.8000              14.3500             3.7054              47             
1              [49152/50000]       3.6930              15.6300             3.6802              48             
1              [41552/50000]       3.7057              12.1500             3.7658              49             
2              [1024/50000]        3.7125              15.8200             3.7273              50             
2              [2048/50000]        3.6765              15.2800             3.6674              51             
2              [3072/50000]        3.5627              15.4100             3.6834              52             
2              [4096/50000]        3.6509              16.0300             3.6473              53             
2              [5120/50000]        3.6262              14.9800             3.6735              54             
2              [6144/50000]        3.6158              15.4300             3.6738              55             
2              [7168/50000]        3.5156              15.3700             3.6738              56             
2              [8192/50000]        3.6436              16.2900             3.6343              57             
2              [9216/50000]        3.5042              15.0400             3.7207              58             
2              [10240/50000]       3.6817              14.6100             3.7064              59             
2              [11264/50000]       3.6286              13.3700             3.7877              60             
2              [12288/50000]       3.7263              14.2700             3.7898              61             
2              [13312/50000]       3.7512              15.1900             3.6842              62             
2              [14336/50000]       3.6816              16.4700             3.6186              63             
2              [15360/50000]       3.5627              16.5900             3.6063              64             
2              [16384/50000]       3.5514              17.0700             3.5978              65             
2              [17408/50000]       3.5728              15.8600             3.6457              66             
2              [18432/50000]       3.5482              15.5600             3.6380              67             
2              [19456/50000]       3.6529              15.2300             3.6675              68             
2              [20480/50000]       3.6512              16.1000             3.6313              69             
2              [21504/50000]       3.5389              15.0200             3.6520              70             
2              [22528/50000]       3.5890              16.9200             3.6515              71             
2              [23552/50000]       3.5325              15.9400             3.6550              72             
2              [24576/50000]       3.6479              16.8200             3.5936              73             
2              [25600/50000]       3.5216              17.4600             3.5697              74             
2              [26624/50000]       3.5184              17.2300             3.5342              75             
2              [27648/50000]       3.4711              15.6100             3.6265              76             
2              [28672/50000]       3.6430              14.6600             3.8070              77             
2              [29696/50000]       3.7483              16.4400             3.6387              78             
2              [30720/50000]       3.5589              16.5500             3.6036              79             
2              [31744/50000]       3.5722              16.7600             3.6067              80             
2              [32768/50000]       3.6635              16.3500             3.5888              81             
2              [33792/50000]       3.5364              16.5000             3.6464              82             
2              [34816/50000]       3.6142              18.6700             3.5324              83             
2              [35840/50000]       3.5383              18.5600             3.5153              84             
2              [36864/50000]       3.4377              18.6100             3.4710              85             
2              [37888/50000]       3.3901              17.5500             3.5258              86             
2              [38912/50000]       3.4937              18.1500             3.5496              87             
2              [39936/50000]       3.4729              17.3600             3.5381              88             
2              [40960/50000]       3.4747              16.9400             3.5667              89             
2              [41984/50000]       3.5381              17.4600             3.5502              90             
2              [43008/50000]       3.5072              17.5600             3.5234              91             
2              [44032/50000]       3.4688              16.2200             3.6194              92             
2              [45056/50000]       3.5441              15.1200             3.7610              93             
2              [46080/50000]       3.6584              16.8100             3.6741              94             
2              [47104/50000]       3.6281              17.5800             3.5366              95             
2              [48128/50000]       3.4590              17.7500             3.4945              96             
2              [49152/50000]       3.4212              19.4400             3.4717              97             
2              [41552/50000]       3.4734              18.0600             3.4790              98             
3              [1024/50000]        3.3347              18.8300             3.4762              99             
3              [2048/50000]        3.3076              19.3800             3.4577              100            
3              [3072/50000]        3.2461              18.5500             3.5017              101            
3              [4096/50000]        3.3845              16.7400             3.6329              102            
3              [5120/50000]        3.5326              18.5800             3.5191              103            
3              [6144/50000]        3.3783              18.9100             3.4691              104            
3              [7168/50000]        3.3318              18.1900             3.5223              105            
3              [8192/50000]        3.3986              18.1500             3.4736              106            
3              [9216/50000]        3.3652              19.5400             3.4731              107            
3              [10240/50000]       3.3441              18.8200             3.4503              108            
3              [11264/50000]       3.3312              21.4300             3.3856              109            
3              [12288/50000]       3.2457              19.8100             3.4028              110            
3              [13312/50000]       3.2602              20.6700             3.4270              111            
3              [14336/50000]       3.3170              20.0900             3.4314              112            
3              [15360/50000]       3.3907              18.0700             3.5320              113            
3              [16384/50000]       3.4349              18.6200             3.5095              114            
3              [17408/50000]       3.4450              19.0700             3.5020              115            
3              [18432/50000]       3.3822              17.8600             3.5856              116            
3              [19456/50000]       3.4787              19.1100             3.5386              117            
3              [20480/50000]       3.4118              17.9900             3.5980              118            
3              [21504/50000]       3.4044              17.9400             3.6056              119            
3              [22528/50000]       3.4453              18.1600             3.5328              120            
3              [23552/50000]       3.3984              18.1200             3.4887              121            
3              [24576/50000]       3.3172              19.6400             3.4602              122            
3              [25600/50000]       3.3386              19.7900             3.4265              123            
3              [26624/50000]       3.3173              20.3600             3.3990              124            
3              [27648/50000]       3.3083              19.3900             3.5045              125            
3              [28672/50000]       3.4138              17.8300             3.5856              126            
3              [29696/50000]       3.3857              17.4500             3.5958              127            
3              [30720/50000]       3.4409              19.4200             3.4723              128            
3              [31744/50000]       3.4165              19.1600             3.4358              129            
3              [32768/50000]       3.2860              20.5700             3.3729              130            
3              [33792/50000]       3.1623              20.2100             3.4051              131            
3              [34816/50000]       3.2422              20.5700             3.3815              132            
3              [35840/50000]       3.3486              19.3300             3.4694              133            
3              [36864/50000]       3.3275              19.6400             3.4971              134            
3              [37888/50000]       3.4361              20.6400             3.4072              135            
3              [38912/50000]       3.2584              20.7300             3.3947              136            
3              [39936/50000]       3.3076              20.4500             3.3798              137            
3              [40960/50000]       3.2269              20.5000             3.3817              138            
3              [41984/50000]       3.2990              19.6200             3.4210              139            
3              [43008/50000]       3.3151              21.2400             3.3809              140            
3              [44032/50000]       3.3105              20.0100             3.3935              141            
3              [45056/50000]       3.2450              20.7100             3.3908              142            
3              [46080/50000]       3.2289              21.9100             3.3271              143            
3              [47104/50000]       3.3001              22.8600             3.2955              144            
3              [48128/50000]       3.1787              20.8800             3.3301              145            
3              [49152/50000]       3.2985              20.9000             3.3632              146            
3              [41552/50000]       3.2901              20.2100             3.4350              147            
4              [1024/50000]        3.1913              19.6700             3.4850              148            
4              [2048/50000]        3.3023              19.8100             3.4479              149            
4              [3072/50000]        3.2820              19.5300             3.4853              150            
4              [4096/50000]        3.2636              20.8100             3.3846              151            
4              [5120/50000]        3.1143              19.5800             3.4831              152            
4              [6144/50000]        3.2519              20.3000             3.4582              153            
4              [7168/50000]        3.2478              19.3700             3.4377              154            
4              [8192/50000]        3.2285              19.9700             3.4071              155            
4              [9216/50000]        3.2801              19.5600             3.4614              156            
4              [10240/50000]       3.2084              19.6900             3.4353              157            
4              [11264/50000]       3.2570              20.8200             3.3834              158            
4              [12288/50000]       3.1543              20.7100             3.3914              159            
4              [13312/50000]       3.1266              21.8500             3.3172              160            
4              [14336/50000]       3.1648              21.5400             3.3445              161            
4              [15360/50000]       3.1947              22.3400             3.3017              162            
4              [16384/50000]       3.1894              20.9400             3.3630              163            
4              [17408/50000]       3.2262              22.3100             3.3651              164            
4              [18432/50000]       3.1329              22.2500             3.3063              165            
4              [19456/50000]       3.1353              20.9900             3.3845              166            
4              [20480/50000]       3.1172              20.9800             3.3459              167            
4              [21504/50000]       3.1073              22.2500             3.3275              168            
4              [22528/50000]       3.1595              21.4600             3.3680              169            
4              [23552/50000]       3.0955              21.0300             3.4274              170            
4              [24576/50000]       3.3100              20.3700             3.4449              171            
4              [25600/50000]       3.2046              22.1400             3.3032              172            
4              [26624/50000]       3.1033              22.4500             3.3083              173            
4              [27648/50000]       3.1100              22.6500             3.2542              174            
4              [28672/50000]       3.0495              23.1800             3.2717              175            
4              [29696/50000]       3.0167              23.3800             3.2567              176            
4              [30720/50000]       3.1583              22.6400             3.2721              177            
4              [31744/50000]       3.0839              23.7400             3.2518              178            
4              [32768/50000]       3.1356              23.1800             3.2615              179            
4              [33792/50000]       3.0606              22.0700             3.3131              180            
4              [34816/50000]       3.0706              22.7400             3.2849              181            
4              [35840/50000]       3.0502              21.6700             3.3284              182            
4              [36864/50000]       3.0753              23.3200             3.2876              183            
4              [37888/50000]       3.1772              23.0200             3.2590              184            
4              [38912/50000]       3.1392              22.5700             3.3010              185            
4              [39936/50000]       3.0935              22.0000             3.3506              186            
4              [40960/50000]       3.1166              22.1400             3.3881              187            
4              [41984/50000]       3.2246              23.2800             3.3240              188            
4              [43008/50000]       3.2393              22.0400             3.3612              189            
4              [44032/50000]       3.2132              21.5900             3.3694              190            
4              [45056/50000]       3.2132              22.4000             3.3161              191            
4              [46080/50000]       3.1049              22.1400             3.3303              192            
4              [47104/50000]       3.0999              22.8900             3.2567              193            
4              [48128/50000]       3.1278              22.9300             3.2820              194            
4              [49152/50000]       3.1204              23.1400             3.3272              195            
4              [41552/50000]       3.1268              22.7100             3.3078              196            
5              [1024/50000]        3.0179              21.4700             3.3670              197            
5              [2048/50000]        3.0441              21.5900             3.4415              198            
5              [3072/50000]        3.1284              21.1700             3.4002              199            
