Current_Epoch  Batch/Total         CE_Train            Accuracy(%)         CE_TEST             Batch_Number   
0              [0/50000]           --                  9.020               2.3031              0
1              [64/50000]          2.3063              17.2900             2.6511              1              
1              [128/50000]         2.5508              14.7100             2.9348              2              
1              [192/50000]         2.7587              14.9400             2.7739              3              
1              [256/50000]         3.1444              14.4300             2.5380              4              
1              [320/50000]         2.2172              12.4300             3.0191              5              
1              [384/50000]         2.7702              16.6500             2.5228              6              
1              [448/50000]         2.5699              21.3700             2.3005              7              
1              [512/50000]         2.0490              23.8400             2.1533              8              
1              [576/50000]         2.2326              25.7100             2.0765              9              
1              [640/50000]         2.1094              27.7700             2.0286              10             
1              [704/50000]         2.0063              25.6200             1.9992              11             
1              [768/50000]         1.9374              30.1700             1.9557              12             
1              [832/50000]         1.9948              25.1200             2.0343              13             
1              [896/50000]         2.1414              27.6100             2.0185              14             
1              [960/50000]         2.1833              30.2500             1.9525              15             
1              [1024/50000]        1.9366              23.0900             2.0302              16             
1              [1088/50000]        1.9318              24.5100             2.0671              17             
1              [1152/50000]        2.1001              25.8600             2.0859              18             
1              [1216/50000]        2.2061              29.8700             2.0013              19             
1              [1280/50000]        2.0548              27.9500             1.9987              20             
1              [1344/50000]        2.0300              24.3100             2.0437              21             
1              [1408/50000]        2.1832              31.1400             1.9199              22             
1              [1472/50000]        1.7295              33.2700             1.8932              23             
1              [1536/50000]        1.7710              35.7100             1.8523              24             
1              [1600/50000]        1.9407              31.6000             1.8830              25             
1              [1664/50000]        1.9452              30.1400             1.9098              26             
1              [1728/50000]        1.8849              34.2500             1.8510              27             
1              [1792/50000]        1.9174              30.0900             1.9040              28             
1              [1856/50000]        1.6674              29.0900             1.9570              29             
1              [1920/50000]        1.8890              34.1200             1.8714              30             
1              [1984/50000]        1.9044              33.6400             1.8437              31             
1              [2048/50000]        1.8214              38.1900             1.8068              32             
1              [2112/50000]        1.8097              32.4000             1.8573              33             
1              [2176/50000]        1.7483              35.5400             1.8321              34             
1              [2240/50000]        1.8530              34.1900             1.8316              35             
1              [2304/50000]        1.8491              35.2300             1.8409              36             
1              [2368/50000]        1.7444              34.3700             1.8278              37             
1              [2432/50000]        1.8200              36.6300             1.8010              38             
1              [2496/50000]        1.7016              33.1300             1.8819              39             
1              [2560/50000]        2.1828              32.6100             1.8453              40             
1              [2624/50000]        1.8947              33.3200             1.8278              41             
1              [2688/50000]        1.8957              38.4500             1.7718              42             
1              [2752/50000]        1.7971              29.3100             1.9264              43             
1              [2816/50000]        1.8760              36.8800             1.7935              44             
1              [2880/50000]        1.7184              33.8900             1.8298              45             
1              [2944/50000]        1.8284              36.7600             1.8035              46             
1              [3008/50000]        1.9773              34.5100             1.8306              47             
1              [3072/50000]        1.9287              35.1200             1.7995              48             
1              [3136/50000]        1.7707              35.6900             1.8209              49             
1              [3200/50000]        1.9437              39.0200             1.7598              50             
1              [3264/50000]        1.8893              34.9000             1.8096              51             
1              [3328/50000]        1.8122              35.4800             1.8418              52             
1              [3392/50000]        1.8256              33.9300             1.8158              53             
1              [3456/50000]        1.8426              38.8600             1.7308              54             
1              [3520/50000]        1.7783              38.1400             1.7441              55             
1              [3584/50000]        1.7297              34.3000             1.8203              56             
1              [3648/50000]        2.0942              32.0600             1.8954              57             
1              [3712/50000]        2.0240              39.4700             1.7309              58             
1              [3776/50000]        1.9133              38.5600             1.7561              59             
1              [3840/50000]        1.8507              39.4700             1.7263              60             
1              [3904/50000]        1.6989              29.7200             1.9576              61             
1              [3968/50000]        2.0144              40.0800             1.7264              62             
1              [4032/50000]        1.8258              34.7300             1.7730              63             
1              [4096/50000]        1.8343              39.9800             1.7347              64             
1              [4160/50000]        1.8879              37.6000             1.7641              65             
1              [4224/50000]        1.7945              41.3600             1.6851              66             
1              [4288/50000]        1.8235              40.7700             1.6809              67             
1              [4352/50000]        1.7406              38.3500             1.7318              68             
1              [4416/50000]        1.9402              39.9900             1.7223              69             
1              [4480/50000]        1.8373              39.0500             1.7167              70             
1              [4544/50000]        1.6764              40.6100             1.6787              71             
1              [4608/50000]        1.5615              38.2000             1.7384              72             
1              [4672/50000]        1.6726              40.0800             1.6732              73             
1              [4736/50000]        1.6718              40.5200             1.6952              74             
1              [4800/50000]        1.7478              38.6400             1.7086              75             
1              [4864/50000]        1.7077              41.3200             1.6796              76             
1              [4928/50000]        1.6626              40.9800             1.6497              77             
1              [4992/50000]        1.6706              39.3700             1.6921              78             
1              [5056/50000]        1.5964              41.1100             1.6459              79             
1              [5120/50000]        1.7347              39.8100             1.6764              80             
1              [5184/50000]        1.5992              34.7900             1.8225              81             
1              [5248/50000]        1.9522              36.6900             1.7429              82             
1              [5312/50000]        1.7018              34.8800             1.7924              83             
1              [5376/50000]        1.7574              39.6200             1.6994              84             
1              [5440/50000]        1.6343              38.0000             1.7125              85             
1              [5504/50000]        1.7204              35.5300             1.8027              86             
1              [5568/50000]        1.6980              39.4500             1.6848              87             
1              [5632/50000]        1.7899              35.1700             1.7697              88             
1              [5696/50000]        1.5536              37.7600             1.7234              89             
1              [5760/50000]        1.5777              38.6900             1.7100              90             
1              [5824/50000]        1.8466              32.1700             1.8192              91             
1              [5888/50000]        1.7326              35.2600             1.7587              92             
1              [5952/50000]        1.9000              43.1200             1.6169              93             
1              [6016/50000]        1.6314              39.7700             1.6621              94             
1              [6080/50000]        1.6010              40.3000             1.6784              95             
1              [6144/50000]        1.9558              42.8700             1.6241              96             
1              [6208/50000]        1.5711              41.2300             1.6645              97             
1              [6272/50000]        1.6072              37.5700             1.7392              98             
1              [6336/50000]        1.6472              39.3100             1.6842              99             
