Current_Epoch  Batch/Total         CE_Train            Accuracy(%)         CE_TEST             Batch_Number   
0              [0/50000]           --                  9.020               4.6026              0
1              [64/50000]          4.6005              1.7700              7.4437              1              
1              [128/50000]         7.1623              1.7200              7.0214              2              
1              [192/50000]         7.7919              1.3200              6.8415              3              
1              [256/50000]         7.3603              2.1000              5.7596              4              
1              [320/50000]         5.8445              2.3600              5.3424              5              
1              [384/50000]         5.2025              2.4700              5.0603              6              
1              [448/50000]         5.0117              2.3500              4.9676              7              
1              [512/50000]         4.6443              2.5400              4.8286              8              
1              [576/50000]         4.8414              3.3600              4.7205              9              
1              [640/50000]         4.4993              3.7600              4.6549              10             
1              [704/50000]         4.5602              3.3900              4.7255              11             
1              [768/50000]         4.7000              3.9200              4.5636              12             
1              [832/50000]         4.7862              3.1100              4.5784              13             
1              [896/50000]         4.6039              4.4000              4.5303              14             
1              [960/50000]         4.3600              4.0600              4.5293              15             
1              [1024/50000]        4.4260              3.8600              4.5457              16             
1              [1088/50000]        4.5691              3.5300              4.4631              17             
1              [1152/50000]        4.5141              4.2900              4.4661              18             
1              [1216/50000]        4.5686              3.7600              4.4542              19             
1              [1280/50000]        4.4889              4.8000              4.3740              20             
1              [1344/50000]        4.2176              4.7100              4.3996              21             
1              [1408/50000]        4.2141              4.6600              4.4039              22             
1              [1472/50000]        4.2551              5.8100              4.3541              23             
1              [1536/50000]        4.3184              4.4000              4.4832              24             
1              [1600/50000]        4.6203              3.8500              4.5288              25             
1              [1664/50000]        4.3848              4.2100              4.3986              26             
1              [1728/50000]        4.4246              4.6600              4.3499              27             
1              [1792/50000]        4.3627              5.6500              4.3042              28             
1              [1856/50000]        4.1431              5.1700              4.3564              29             
1              [1920/50000]        4.4011              6.7700              4.2843              30             
1              [1984/50000]        4.3168              7.0700              4.2307              31             
1              [2048/50000]        4.1029              6.0500              4.2748              32             
1              [2112/50000]        4.2728              5.9400              4.2688              33             
1              [2176/50000]        4.3258              5.9600              4.2867              34             
1              [2240/50000]        4.4211              4.6100              4.2636              35             
1              [2304/50000]        4.3863              5.8500              4.2180              36             
1              [2368/50000]        4.2839              3.5200              4.2702              37             
1              [2432/50000]        4.3019              6.0400              4.2431              38             
1              [2496/50000]        4.1706              7.1300              4.2137              39             
1              [2560/50000]        4.2627              6.9900              4.2473              40             
1              [2624/50000]        4.1795              5.3000              4.2777              41             
1              [2688/50000]        4.1236              6.2600              4.2331              42             
1              [2752/50000]        4.2554              6.7400              4.2237              43             
1              [2816/50000]        4.0665              5.3000              4.2472              44             
1              [2880/50000]        4.2072              9.3000              4.1315              45             
1              [2944/50000]        4.0911              8.6500              4.1835              46             
1              [3008/50000]        4.1705              8.6800              4.1434              47             
1              [3072/50000]        4.2949              7.9700              4.1508              48             
1              [3136/50000]        4.0598              8.8000              4.1059              49             
1              [3200/50000]        4.2795              7.9900              4.1523              50             
1              [3264/50000]        4.0248              8.2300              4.1520              51             
1              [3328/50000]        4.3390              7.3000              4.1734              52             
1              [3392/50000]        4.0609              7.7600              4.1678              53             
1              [3456/50000]        4.1446              7.0100              4.1881              54             
1              [3520/50000]        3.9435              5.6900              4.2892              55             
1              [3584/50000]        4.0902              8.4000              4.1457              56             
1              [3648/50000]        4.1356              6.9500              4.1771              57             
1              [3712/50000]        4.2848              6.8600              4.1695              58             
1              [3776/50000]        4.0083              8.1700              4.1237              59             
1              [3840/50000]        4.2754              9.3400              4.0896              60             
1              [3904/50000]        4.1576              9.4500              4.0904              61             
1              [3968/50000]        3.7986              7.7200              4.1714              62             
1              [4032/50000]        4.2989              9.3500              4.0996              63             
1              [4096/50000]        3.9632              9.6400              4.0554              64             
1              [4160/50000]        3.7772              9.5400              4.0688              65             
1              [4224/50000]        3.9057              10.3300             4.0530              66             
1              [4288/50000]        4.0382              10.0300             4.0537              67             
1              [4352/50000]        4.2703              10.4700             4.0142              68             
1              [4416/50000]        3.9061              10.1300             4.0194              69             
1              [4480/50000]        4.3049              9.3100              4.1043              70             
1              [4544/50000]        4.2063              9.2600              4.0031              71             
1              [4608/50000]        3.9908              8.8900              4.0479              72             
1              [4672/50000]        4.1214              9.6100              3.9956              73             
1              [4736/50000]        3.8646              8.8200              4.0207              74             
1              [4800/50000]        4.0313              9.4700              4.0355              75             
1              [4864/50000]        4.2136              10.2600             4.0132              76             
1              [4928/50000]        3.9663              9.5100              4.0375              77             
1              [4992/50000]        3.9377              11.2400             3.9871              78             
1              [5056/50000]        4.0510              9.8800              4.0168              79             
1              [5120/50000]        4.0437              9.5500              4.0172              80             
1              [5184/50000]        3.9877              9.1000              4.0316              81             
1              [5248/50000]        4.1884              9.6000              4.0110              82             
1              [5312/50000]        3.9869              9.7800              3.9683              83             
1              [5376/50000]        3.8707              10.2500             4.0018              84             
1              [5440/50000]        3.7936              8.5100              4.0252              85             
1              [5504/50000]        4.2211              9.5900              3.9675              86             
1              [5568/50000]        3.7400              10.3300             3.9653              87             
1              [5632/50000]        4.0536              11.1700             3.9523              88             
1              [5696/50000]        4.1691              11.4500             3.9107              89             
1              [5760/50000]        3.8981              8.7900              3.9739              90             
1              [5824/50000]        4.0036              9.7300              3.9784              91             
1              [5888/50000]        4.1280              10.3700             3.9276              92             
1              [5952/50000]        3.9897              9.9600              3.9433              93             
1              [6016/50000]        4.1372              9.8900              3.9539              94             
1              [6080/50000]        4.1504              10.3200             3.9781              95             
1              [6144/50000]        4.0143              8.8100              3.9873              96             
1              [6208/50000]        3.8773              11.0900             3.9542              97             
1              [6272/50000]        3.9356              10.0900             3.9873              98             
1              [6336/50000]        3.7600              11.0200             3.9683              99             
1              [6400/50000]        3.7661              10.1400             3.9807              100            
1              [6464/50000]        4.1039              12.1400             3.9250              101            
1              [6528/50000]        3.7784              10.5400             3.9993              102            
1              [6592/50000]        4.0585              9.9000              3.9648              103            
1              [6656/50000]        3.9460              11.0800             3.9129              104            
1              [6720/50000]        4.0136              9.8700              3.9988              105            
1              [6784/50000]        3.8088              11.0600             3.9117              106            
1              [6848/50000]        3.8875              10.6000             3.9500              107            
1              [6912/50000]        4.1211              10.6500             3.9062              108            
1              [6976/50000]        3.6611              11.4300             3.9055              109            
1              [7040/50000]        3.9967              11.5900             3.8789              110            
1              [7104/50000]        3.9921              10.0600             3.9319              111            
1              [7168/50000]        4.0699              12.6000             3.8600              112            
1              [7232/50000]        3.9551              10.2700             3.9108              113            
1              [7296/50000]        3.8290              13.0400             3.8429              114            
1              [7360/50000]        3.8153              11.9900             3.8673              115            
1              [7424/50000]        3.5757              11.8800             3.9320              116            
1              [7488/50000]        4.2468              10.9600             3.9073              117            
1              [7552/50000]        3.7244              11.0700             3.9008              118            
1              [7616/50000]        3.9346              11.1700             3.9003              119            
1              [7680/50000]        3.8122              10.9100             3.9596              120            
1              [7744/50000]        3.8072              10.9600             3.9307              121            
1              [7808/50000]        3.8865              11.7700             3.8707              122            
1              [7872/50000]        3.9418              11.3700             3.8827              123            
1              [7936/50000]        3.5852              10.4100             3.9760              124            
1              [8000/50000]        3.6424              12.8700             3.8278              125            
1              [8064/50000]        3.6469              12.1300             3.8829              126            
1              [8128/50000]        3.9707              12.6200             3.8539              127            
1              [8192/50000]        3.7454              12.9700             3.8063              128            
1              [8256/50000]        3.9316              12.8600             3.8362              129            
1              [8320/50000]        3.4796              12.8200             3.8655              130            
1              [8384/50000]        3.9403              12.6900             3.8594              131            
1              [8448/50000]        3.4057              10.0000             4.0822              132            
1              [8512/50000]        3.9223              10.6700             3.9955              133            
1              [8576/50000]        3.9966              12.5500             3.8678              134            
1              [8640/50000]        3.7973              13.0600             3.8461              135            
1              [8704/50000]        3.8647              13.1700             3.8402              136            
1              [8768/50000]        3.8329              11.9900             3.8512              137            
1              [8832/50000]        3.9583              13.2900             3.8081              138            
1              [8896/50000]        3.8223              13.0200             3.8092              139            
1              [8960/50000]        3.6646              13.0400             3.8180              140            
1              [9024/50000]        3.8130              13.1700             3.8198              141            
1              [9088/50000]        3.5258              11.2700             3.8699              142            
1              [9152/50000]        3.7727              12.8000             3.8250              143            
1              [9216/50000]        3.7596              11.1800             3.9220              144            
1              [9280/50000]        3.9997              11.4700             3.8300              145            
1              [9344/50000]        3.7725              12.6300             3.7910              146            
1              [9408/50000]        3.6093              12.6500             3.8161              147            
1              [9472/50000]        3.8882              13.1300             3.7920              148            
1              [9536/50000]        3.8310              13.9000             3.7835              149            
1              [9600/50000]        3.6783              14.5300             3.7612              150            
1              [9664/50000]        3.5707              13.0600             3.8084              151            
1              [9728/50000]        3.9527              14.4300             3.7735              152            
1              [9792/50000]        3.9868              14.5400             3.7565              153            
1              [9856/50000]        3.6074              11.8300             3.8232              154            
1              [9920/50000]        3.7920              12.4700             3.8167              155            
1              [9984/50000]        3.6631              11.9500             3.8724              156            
1              [10048/50000]       3.9987              14.4100             3.7350              157            
1              [10112/50000]       3.7477              12.8600             3.7991              158            
1              [10176/50000]       3.5454              12.6400             3.8021              159            
1              [10240/50000]       3.9353              12.8200             3.8277              160            
1              [10304/50000]       3.8149              11.1500             3.8720              161            
1              [10368/50000]       4.0863              14.3200             3.7445              162            
1              [10432/50000]       3.9079              14.4300             3.7670              163            
1              [10496/50000]       3.6124              12.7700             3.8094              164            
1              [10560/50000]       3.7257              12.5800             3.8150              165            
1              [10624/50000]       4.0118              13.9200             3.7468              166            
1              [10688/50000]       3.5096              14.4400             3.7213              167            
1              [10752/50000]       3.6475              12.9200             3.8004              168            
1              [10816/50000]       3.9152              13.6800             3.7615              169            
1              [10880/50000]       3.6846              12.5500             3.8425              170            
1              [10944/50000]       3.9474              14.3000             3.7351              171            
1              [11008/50000]       3.7748              14.0700             3.7421              172            
1              [11072/50000]       3.6680              11.2500             3.8915              173            
1              [11136/50000]       3.7360              13.0500             3.7505              174            
1              [11200/50000]       3.8987              14.5600             3.7091              175            
1              [11264/50000]       3.7444              12.8800             3.7812              176            
1              [11328/50000]       3.6833              13.7800             3.7353              177            
1              [11392/50000]       3.5521              13.3200             3.7477              178            
1              [11456/50000]       3.7021              11.9900             3.8378              179            
