Current_Epoch  Batch/Total         CE_Train            Accuracy(%)         CE_TEST             Batch_Number   
0              [0/50000]           --                  9.020               4.6091              0
1              [64/50000]          4.6067              1.0300              8.1524              1              
1              [128/50000]         6.8693              1.7500              9.0581              2              
1              [192/50000]         8.9587              1.0200              8.9002              3              
1              [256/50000]         9.2003              1.4700              9.3529              4              
1              [320/50000]         10.7402             1.0200              7.2584              5              
1              [384/50000]         7.0608              2.8600              5.7202              6              
1              [448/50000]         5.4783              1.9600              5.5484              7              
1              [512/50000]         5.5499              1.7000              5.2665              8              
1              [576/50000]         5.6516              1.8500              5.0450              9              
1              [640/50000]         4.8900              1.8900              4.9010              10             
1              [704/50000]         4.9517              4.0000              4.7309              11             
1              [768/50000]         4.7998              3.5000              4.5992              12             
1              [832/50000]         4.5291              2.9700              4.6255              13             
1              [896/50000]         4.5214              4.9600              4.5976              14             
1              [960/50000]         4.7348              4.5300              4.5181              15             
1              [1024/50000]        4.6171              3.0900              4.5325              16             
1              [1088/50000]        4.5559              4.3900              4.4839              17             
1              [1152/50000]        4.4391              4.5700              4.4748              18             
1              [1216/50000]        4.6346              4.9900              4.4265              19             
1              [1280/50000]        4.4729              4.3200              4.4661              20             
1              [1344/50000]        4.3704              3.4000              4.5010              21             
1              [1408/50000]        4.4084              5.6000              4.3910              22             
1              [1472/50000]        4.4221              6.8300              4.3632              23             
1              [1536/50000]        4.4229              5.5100              4.3584              24             
1              [1600/50000]        4.2271              5.0700              4.3539              25             
1              [1664/50000]        4.2477              5.1700              4.3464              26             
1              [1728/50000]        4.3581              5.5600              4.3586              27             
1              [1792/50000]        4.3552              4.6000              4.4011              28             
1              [1856/50000]        4.3036              5.5500              4.2927              29             
1              [1920/50000]        4.3927              5.2100              4.3240              30             
1              [1984/50000]        4.4005              5.9100              4.2782              31             
1              [2048/50000]        4.1913              6.1600              4.3020              32             
1              [2112/50000]        4.2138              5.7300              4.3244              33             
1              [2176/50000]        4.1531              5.6800              4.3251              34             
1              [2240/50000]        4.3420              7.4100              4.2331              35             
1              [2304/50000]        4.3346              7.1800              4.2307              36             
1              [2368/50000]        3.9198              5.4300              4.3366              37             
1              [2432/50000]        4.3067              6.2200              4.2986              38             
1              [2496/50000]        4.4014              6.3600              4.2651              39             
1              [2560/50000]        4.1972              7.7500              4.2679              40             
1              [2624/50000]        4.5008              8.3800              4.1859              41             
1              [2688/50000]        4.2166              5.9400              4.2543              42             
1              [2752/50000]        4.3807              7.5600              4.1735              43             
1              [2816/50000]        4.1436              5.7100              4.2655              44             
1              [2880/50000]        4.2352              7.0700              4.1809              45             
1              [2944/50000]        4.2909              8.3400              4.1250              46             
1              [3008/50000]        3.9951              6.5700              4.1967              47             
1              [3072/50000]        4.1147              6.4300              4.1381              48             
1              [3136/50000]        4.1293              8.2300              4.1432              49             
1              [3200/50000]        4.0955              6.8500              4.2088              50             
1              [3264/50000]        4.3344              8.7300              4.0998              51             
1              [3328/50000]        4.1537              8.0400              4.1269              52             
1              [3392/50000]        4.1626              8.6000              4.1144              53             
1              [3456/50000]        4.1811              9.5500              4.0994              54             
1              [3520/50000]        4.3965              7.7300              4.1038              55             
1              [3584/50000]        4.0507              6.9800              4.1392              56             
1              [3648/50000]        4.1166              8.0600              4.1083              57             
1              [3712/50000]        4.0270              7.8000              4.1289              58             
1              [3776/50000]        4.1212              7.5800              4.1343              59             
1              [3840/50000]        4.1584              7.5500              4.1144              60             
1              [3904/50000]        4.1414              8.1400              4.0953              61             
1              [3968/50000]        4.2849              9.6500              4.0394              62             
1              [4032/50000]        3.9899              8.6700              4.1125              63             
1              [4096/50000]        4.0680              6.6600              4.1572              64             
1              [4160/50000]        4.3800              9.4400              4.0452              65             
1              [4224/50000]        4.0745              9.0700              4.0496              66             
1              [4288/50000]        3.9876              7.1000              4.2103              67             
1              [4352/50000]        4.1621              7.2300              4.1721              68             
1              [4416/50000]        3.9105              9.5200              4.1111              69             
1              [4480/50000]        4.0634              9.1300              4.0590              70             
1              [4544/50000]        4.1556              9.8700              4.0355              71             
1              [4608/50000]        4.1638              10.7100             4.0099              72             
1              [4672/50000]        4.1788              9.9700              4.0060              73             
1              [4736/50000]        3.9244              10.6100             4.0017              74             
1              [4800/50000]        3.7601              8.2400              4.0190              75             
1              [4864/50000]        3.9338              9.2600              4.0455              76             
1              [4928/50000]        4.1124              8.4200              4.0537              77             
1              [4992/50000]        4.1330              8.8800              4.0564              78             
1              [5056/50000]        4.3292              10.9700             3.9809              79             
1              [5120/50000]        3.8840              10.7600             3.9814              80             
1              [5184/50000]        3.9190              9.5300              3.9955              81             
1              [5248/50000]        3.7405              9.6000              4.0128              82             
1              [5312/50000]        4.0796              9.7600              4.0018              83             
1              [5376/50000]        3.8246              9.5500              3.9834              84             
1              [5440/50000]        4.1273              11.1600             3.9479              85             
1              [5504/50000]        4.1824              7.4300              4.0370              86             
1              [5568/50000]        4.2108              10.2400             3.9627              87             
1              [5632/50000]        3.8221              8.8400              4.0171              88             
1              [5696/50000]        4.0761              10.7700             3.9550              89             
1              [5760/50000]        3.8500              9.3100              3.9540              90             
1              [5824/50000]        4.2432              10.1900             3.9623              91             
1              [5888/50000]        3.7047              10.8800             3.9651              92             
1              [5952/50000]        4.2332              11.1900             3.9254              93             
1              [6016/50000]        4.1335              9.6000              3.9300              94             
1              [6080/50000]        3.6424              9.5400              4.0095              95             
1              [6144/50000]        3.9581              10.4700             3.9223              96             
1              [6208/50000]        3.7778              11.4400             3.9153              97             
1              [6272/50000]        3.9259              11.2600             3.9095              98             
1              [6336/50000]        3.9837              11.2200             3.8956              99             
1              [6400/50000]        3.8528              11.1400             3.9006              100            
1              [6464/50000]        3.9889              9.9200              3.9039              101            
1              [6528/50000]        4.0217              11.7300             3.8825              102            
1              [6592/50000]        4.0857              12.5200             3.8690              103            
1              [6656/50000]        3.8720              10.1200             3.9264              104            
1              [6720/50000]        3.8586              11.3200             3.8743              105            
1              [6784/50000]        4.0697              11.5600             3.8736              106            
1              [6848/50000]        4.0198              10.5100             3.8954              107            
1              [6912/50000]        3.9341              9.5900              3.9585              108            
1              [6976/50000]        3.9288              10.5500             3.9166              109            
1              [7040/50000]        4.0359              10.7800             3.9241              110            
1              [7104/50000]        4.1288              12.6700             3.8782              111            
1              [7168/50000]        4.2315              8.9500              3.9721              112            
1              [7232/50000]        4.0921              10.1800             3.9531              113            
1              [7296/50000]        4.0032              12.1800             3.8712              114            
1              [7360/50000]        4.0453              12.2100             3.8542              115            
1              [7424/50000]        3.8444              13.2500             3.8174              116            
1              [7488/50000]        3.8082              12.6500             3.8394              117            
1              [7552/50000]        3.9854              11.8000             3.8564              118            
1              [7616/50000]        3.7466              10.6700             3.8831              119            
1              [7680/50000]        4.0461              12.0100             3.8167              120            
1              [7744/50000]        3.9687              12.1700             3.8470              121            
1              [7808/50000]        3.5301              12.1600             3.8381              122            
1              [7872/50000]        3.8486              12.1700             3.8343              123            
1              [7936/50000]        3.8237              12.9600             3.8515              124            
1              [8000/50000]        3.9776              12.9100             3.8228              125            
1              [8064/50000]        3.6150              11.6600             3.8182              126            
1              [8128/50000]        3.9034              12.0300             3.8240              127            
1              [8192/50000]        3.9169              11.9600             3.8774              128            
1              [8256/50000]        3.7645              12.3900             3.8448              129            
1              [8320/50000]        3.6287              11.8800             3.8444              130            
1              [8384/50000]        3.6826              10.0600             3.9496              131            
1              [8448/50000]        3.8851              10.9800             3.9180              132            
1              [8512/50000]        3.7951              12.5000             3.8300              133            
1              [8576/50000]        3.6075              13.3200             3.8322              134            
1              [8640/50000]        3.7167              12.3300             3.8427              135            
1              [8704/50000]        3.8136              12.0500             3.8679              136            
1              [8768/50000]        3.9231              12.4800             3.8364              137            
1              [8832/50000]        3.8311              12.5200             3.8577              138            
1              [8896/50000]        3.9493              13.8000             3.7623              139            
1              [8960/50000]        3.8386              11.5100             3.8265              140            
1              [9024/50000]        3.8502              10.2800             3.9059              141            
1              [9088/50000]        4.0913              11.5700             3.8618              142            
1              [9152/50000]        3.8572              11.9500             3.8176              143            
1              [9216/50000]        4.2701              13.8100             3.7776              144            
1              [9280/50000]        3.5377              13.6800             3.7878              145            
1              [9344/50000]        3.8636              13.5200             3.8135              146            
1              [9408/50000]        3.9321              12.0700             3.8855              147            
1              [9472/50000]        3.6176              13.0000             3.8153              148            
1              [9536/50000]        3.5802              13.3400             3.7894              149            
1              [9600/50000]        3.4711              13.0000             3.8202              150            
1              [9664/50000]        4.0989              12.1200             3.8165              151            
1              [9728/50000]        3.8012              13.1600             3.7946              152            
1              [9792/50000]        3.9123              10.8200             3.8796              153            
1              [9856/50000]        3.8124              10.2000             3.9484              154            
1              [9920/50000]        3.9196              11.8000             3.8268              155            
1              [9984/50000]        3.6772              11.4500             3.8795              156            
1              [10048/50000]       3.7298              14.3100             3.7930              157            
1              [10112/50000]       3.9377              13.3800             3.7736              158            
1              [10176/50000]       3.4420              12.8800             3.8465              159            
