Current_Epoch  Batch/Total         CE_Train            Accuracy(%)         CE_TEST             Batch_Number   
0              [0/60000]           --                  9.020               2.2921              0
1              [64/60000]          2.2953              19.1000             4.1050              1              
1              [128/60000]         4.2612              41.0200             2.5497              2              
1              [192/60000]         2.2418              35.0900             3.7152              3              
1              [256/60000]         4.0942              23.4900             3.5985              4              
1              [320/60000]         4.4750              40.4600             2.7358              5              
1              [384/60000]         2.6998              23.6700             4.1726              6              
1              [448/60000]         4.2834              36.6000             3.6557              7              
1              [512/60000]         2.8600              42.7500             2.6113              8              
1              [576/60000]         2.7570              58.6600             1.5134              9              
1              [640/60000]         1.6539              71.3400             0.8835              10             
1              [704/60000]         0.9797              67.1300             0.8686              11             
1              [768/60000]         0.8634              74.3300             0.9590              12             
1              [832/60000]         1.2216              80.0400             0.6737              13             
1              [896/60000]         0.6903              75.2900             0.7345              14             
1              [960/60000]         0.4383              83.0600             0.5972              15             
1              [1024/60000]        0.6854              82.0000             0.5958              16             
1              [1088/60000]        0.5732              85.6200             0.5435              17             
1              [1152/60000]        0.5466              84.0100             0.5520              18             
1              [1216/60000]        0.6424              84.6000             0.5336              19             
1              [1280/60000]        0.5591              78.7800             0.5997              20             
1              [1344/60000]        0.6949              84.4400             0.5450              21             
1              [1408/60000]        0.5408              85.8300             0.4913              22             
1              [1472/60000]        0.6304              82.2500             0.5412              23             
1              [1536/60000]        0.6578              87.0100             0.4729              24             
1              [1600/60000]        0.4482              82.3100             0.5182              25             
1              [1664/60000]        0.4451              84.6800             0.4900              26             
1              [1728/60000]        0.4604              83.7600             0.5345              27             
1              [1792/60000]        0.7271              82.5600             0.5366              28             
1              [1856/60000]        0.4368              84.9500             0.5002              29             
1              [1920/60000]        0.5465              74.3700             0.7252              30             
1              [1984/60000]        0.8867              72.1400             0.9406              31             
1              [2048/60000]        1.1443              84.1500             0.4999              32             
1              [2112/60000]        0.4463              84.3600             0.4863              33             
1              [2176/60000]        0.5029              84.6200             0.4784              34             
1              [2240/60000]        0.4514              77.9600             0.5980              35             
1              [2304/60000]        0.5020              82.3200             0.5221              36             
1              [2368/60000]        0.5670              83.1000             0.5439              37             
1              [2432/60000]        0.4939              84.8000             0.4867              38             
1              [2496/60000]        0.5057              84.7600             0.4928              39             
1              [2560/60000]        0.5077              87.6300             0.4128              40             
1              [2624/60000]        0.4019              80.5700             0.5788              41             
1              [2688/60000]        0.5114              83.1100             0.5083              42             
1              [2752/60000]        0.4794              84.9700             0.4742              43             
1              [2816/60000]        0.3565              88.4600             0.3956              44             
1              [2880/60000]        0.3871              87.0200             0.4099              45             
1              [2944/60000]        0.5602              86.9600             0.4386              46             
1              [3008/60000]        0.7130              78.7400             0.6071              47             
1              [3072/60000]        0.6273              80.6700             0.6407              48             
1              [3136/60000]        0.5983              82.8600             0.5675              49             
1              [3200/60000]        0.6644              75.5200             0.7481              50             
1              [3264/60000]        0.6722              82.6900             0.5242              51             
1              [3328/60000]        0.6511              83.4600             0.5397              52             
1              [3392/60000]        0.4557              84.9100             0.4533              53             
1              [3456/60000]        0.4019              84.3600             0.4615              54             
1              [3520/60000]        0.4497              82.1400             0.5273              55             
1              [3584/60000]        0.7594              85.7200             0.4548              56             
1              [3648/60000]        0.7512              83.6700             0.5110              57             
1              [3712/60000]        0.5950              84.6400             0.4900              58             
1              [3776/60000]        0.6253              82.9500             0.5177              59             
1              [3840/60000]        0.5893              86.9100             0.4168              60             
1              [3904/60000]        0.5239              86.9100             0.4265              61             
1              [3968/60000]        0.3934              86.7200             0.4029              62             
1              [4032/60000]        0.4426              86.8300             0.4010              63             
1              [4096/60000]        0.3733              89.6100             0.3597              64             
1              [4160/60000]        0.3594              89.9500             0.3390              65             
1              [4224/60000]        0.3435              88.7800             0.3828              66             
1              [4288/60000]        0.5068              82.7500             0.5026              67             
1              [4352/60000]        0.5947              81.7300             0.5612              68             
1              [4416/60000]        0.5860              83.0500             0.5323              69             
1              [4480/60000]        0.3974              89.8000             0.3476              70             
1              [4544/60000]        0.4639              87.7300             0.3944              71             
1              [4608/60000]        0.3695              88.9200             0.3669              72             
1              [4672/60000]        0.3594              88.6600             0.3661              73             
1              [4736/60000]        0.4169              89.1800             0.3623              74             
1              [4800/60000]        0.3299              88.8300             0.3814              75             
1              [4864/60000]        0.2994              88.1900             0.3782              76             
1              [4928/60000]        0.2596              87.6400             0.4031              77             
1              [4992/60000]        0.3723              85.5900             0.4596              78             
1              [5056/60000]        0.2740              90.1300             0.3407              79             
1              [5120/60000]        0.3890              89.2500             0.3756              80             
1              [5184/60000]        0.3759              88.3700             0.3905              81             
1              [5248/60000]        0.5597              90.4200             0.3212              82             
1              [5312/60000]        0.3969              86.1600             0.4373              83             
1              [5376/60000]        0.4784              88.1300             0.3884              84             
1              [5440/60000]        0.2110              89.8500             0.3487              85             
1              [5504/60000]        0.1573              87.8700             0.3769              86             
1              [5568/60000]        0.2865              84.9800             0.4685              87             
1              [5632/60000]        0.5215              83.0100             0.4972              88             
1              [5696/60000]        0.4982              88.5600             0.3607              89             
1              [5760/60000]        0.3076              91.2700             0.3032              90             
1              [5824/60000]        0.3847              90.9700             0.3028              91             
1              [5888/60000]        0.3799              91.1800             0.2968              92             
1              [5952/60000]        0.3544              83.6200             0.4958              93             
1              [6016/60000]        0.4549              87.3600             0.4273              94             
1              [6080/60000]        0.4495              85.7100             0.4630              95             
1              [6144/60000]        0.7328              83.7200             0.4794              96             
1              [6208/60000]        0.3020              89.5500             0.3420              97             
1              [6272/60000]        0.5496              84.4400             0.5133              98             
1              [6336/60000]        0.4043              90.3900             0.3204              99             
1              [6400/60000]        0.6351              88.6600             0.3623              100            
1              [6464/60000]        0.4579              89.6200             0.3353              101            
1              [6528/60000]        0.8371              89.5800             0.3416              102            
1              [6592/60000]        0.1884              89.4100             0.3373              103            
1              [6656/60000]        0.4000              89.1700             0.3448              104            
1              [6720/60000]        0.4246              90.7900             0.3044              105            
1              [6784/60000]        0.1994              91.7500             0.2815              106            
1              [6848/60000]        0.3798              90.1100             0.3181              107            
1              [6912/60000]        0.2205              91.8400             0.2693              108            
1              [6976/60000]        0.3222              91.5300             0.2886              109            
1              [7040/60000]        0.2971              89.7000             0.3418              110            
1              [7104/60000]        0.3691              90.8300             0.3057              111            
1              [7168/60000]        0.3778              91.2900             0.2951              112            
1              [7232/60000]        0.3167              92.2800             0.2650              113            
1              [7296/60000]        0.3104              91.3600             0.2918              114            
1              [7360/60000]        0.1314              92.4000             0.2654              115            
1              [7424/60000]        0.2767              92.0100             0.2843              116            
1              [7488/60000]        0.3493              90.6200             0.3093              117            
1              [7552/60000]        0.3319              90.5600             0.3147              118            
1              [7616/60000]        0.3780              88.2700             0.3505              119            
1              [7680/60000]        0.5174              89.2800             0.3438              120            
1              [7744/60000]        0.3950              90.5800             0.3133              121            
1              [7808/60000]        0.3287              92.3100             0.2608              122            
1              [7872/60000]        0.3207              90.3900             0.3241              123            
1              [7936/60000]        0.3321              90.6500             0.3090              124            
1              [8000/60000]        0.3142              92.1800             0.2748              125            
1              [8064/60000]        0.4622              85.3300             0.4629              126            
1              [8128/60000]        0.3783              91.2800             0.2860              127            
1              [8192/60000]        0.1990              92.6200             0.2641              128            
1              [8256/60000]        0.4252              91.4600             0.2902              129            
1              [8320/60000]        0.1734              92.9300             0.2507              130            
1              [8384/60000]        0.1085              92.1100             0.2701              131            
1              [8448/60000]        0.2392              92.8400             0.2536              132            
1              [8512/60000]        0.2483              91.6900             0.2861              133            
1              [8576/60000]        0.1920              92.1500             0.2741              134            
1              [8640/60000]        0.1364              91.3900             0.2878              135            
1              [8704/60000]        0.2639              91.7900             0.2723              136            
1              [8768/60000]        0.2245              89.9500             0.3335              137            
1              [8832/60000]        0.3970              91.8900             0.2751              138            
1              [8896/60000]        0.3769              91.3400             0.3079              139            
1              [8960/60000]        0.4369              90.4300             0.3115              140            
1              [9024/60000]        0.1708              92.2600             0.2600              141            
1              [9088/60000]        0.1002              92.9100             0.2416              142            
1              [9152/60000]        0.1746              91.1200             0.2933              143            
1              [9216/60000]        0.2191              91.9600             0.2729              144            
1              [9280/60000]        0.4625              89.7500             0.3238              145            
1              [9344/60000]        0.3682              90.8300             0.3050              146            
1              [9408/60000]        0.3215              89.8100             0.3233              147            
1              [9472/60000]        0.3574              92.4400             0.2627              148            
1              [9536/60000]        0.4530              92.6800             0.2670              149            
1              [9600/60000]        0.2460              93.4500             0.2372              150            
1              [9664/60000]        0.2922              90.8600             0.2931              151            
1              [9728/60000]        0.1886              89.4600             0.3302              152            
1              [9792/60000]        0.5162              91.3600             0.2844              153            
1              [9856/60000]        0.1707              91.9700             0.2641              154            
1              [9920/60000]        0.1857              92.2700             0.2572              155            
1              [9984/60000]        0.2009              93.2500             0.2383              156            
1              [10048/60000]       0.3883              91.8200             0.2707              157            
1              [10112/60000]       0.2046              93.0000             0.2394              158            
1              [10176/60000]       0.2014              92.7200             0.2529              159            
1              [10240/60000]       0.1425              93.1700             0.2382              160            
1              [10304/60000]       0.1481              92.4900             0.2516              161            
1              [10368/60000]       0.2974              91.3800             0.2787              162            
1              [10432/60000]       0.2860              91.4200             0.2931              163            
1              [10496/60000]       0.2085              93.1600             0.2345              164            
1              [10560/60000]       0.5427              90.7500             0.2928              165            
1              [10624/60000]       0.3201              92.0400             0.2656              166            
1              [10688/60000]       0.3004              92.8500             0.2467              167            
1              [10752/60000]       0.3885              92.8200             0.2440              168            
1              [10816/60000]       0.1650              93.0300             0.2471              169            
1              [10880/60000]       0.1872              92.3200             0.2604              170            
1              [10944/60000]       0.4681              90.6000             0.2978              171            
1              [11008/60000]       0.2875              92.3600             0.2604              172            
1              [11072/60000]       0.2345              92.0500             0.2713              173            
1              [11136/60000]       0.3277              93.1500             0.2363              174            
1              [11200/60000]       0.1292              91.4800             0.2844              175            
1              [11264/60000]       0.1449              93.6800             0.2224              176            
1              [11328/60000]       0.3376              93.0200             0.2498              177            
1              [11392/60000]       0.2160              92.9500             0.2450              178            
1              [11456/60000]       0.0971              93.1500             0.2500              179            
1              [11520/60000]       0.1545              92.4600             0.2696              180            
1              [11584/60000]       0.3158              92.8600             0.2473              181            
1              [11648/60000]       0.2092              92.3000             0.2565              182            
1              [11712/60000]       0.3271              92.1700             0.2564              183            
1              [11776/60000]       0.1704              92.9500             0.2320              184            
1              [11840/60000]       0.2588              93.0400             0.2325              185            
1              [11904/60000]       0.1873              92.2900             0.2426              186            
1              [11968/60000]       0.1164              93.4900             0.2189              187            
1              [12032/60000]       0.4052              92.4600             0.2496              188            
1              [12096/60000]       0.1777              93.6400             0.2155              189            
1              [12160/60000]       0.2412              93.3300             0.2250              190            
1              [12224/60000]       0.1494              93.5300             0.2237              191            
1              [12288/60000]       0.3255              92.8500             0.2391              192            
1              [12352/60000]       0.2313              91.8200             0.2638              193            
1              [12416/60000]       0.4121              93.3500             0.2340              194            
1              [12480/60000]       0.3207              92.8000             0.2334              195            
1              [12544/60000]       0.2833              93.9700             0.2210              196            
1              [12608/60000]       0.1770              93.3500             0.2227              197            
1              [12672/60000]       0.2794              92.8000             0.2482              198            
1              [12736/60000]       0.2508              92.8600             0.2274              199            
1              [12800/60000]       0.2537              93.1400             0.2288              200            
1              [12864/60000]       0.2803              93.1800             0.2223              201            
1              [12928/60000]       0.2296              92.5300             0.2336              202            
1              [12992/60000]       0.2991              93.5900             0.2157              203            
1              [13056/60000]       0.2435              93.6000             0.2141              204            
1              [13120/60000]       0.2242              93.7100             0.2196              205            
1              [13184/60000]       0.1556              94.4000             0.1970              206            
1              [13248/60000]       0.2119              94.3700             0.1987              207            
1              [13312/60000]       0.2708              92.6500             0.2405              208            
1              [13376/60000]       0.4039              90.0500             0.3003              209            
1              [13440/60000]       0.1358              93.2200             0.2283              210            
1              [13504/60000]       0.1198              93.6000             0.2077              211            
1              [13568/60000]       0.4591              87.8100             0.3634              212            
1              [13632/60000]       0.2421              93.6300             0.2181              213            
1              [13696/60000]       0.2085              93.4100             0.2147              214            
1              [13760/60000]       0.2503              94.3900             0.1948              215            
1              [13824/60000]       0.2114              93.4400             0.2142              216            
1              [13888/60000]       0.3612              92.6100             0.2303              217            
1              [13952/60000]       0.2653              92.7800             0.2388              218            
1              [14016/60000]       0.1542              93.0000             0.2259              219            
1              [14080/60000]       0.2454              93.9300             0.2021              220            
1              [14144/60000]       0.2017              93.0000             0.2233              221            
1              [14208/60000]       0.2489              92.4600             0.2463              222            
1              [14272/60000]       0.1924              94.4000             0.1979              223            
1              [14336/60000]       0.2499              94.0200             0.2030              224            
1              [14400/60000]       0.4138              91.5700             0.2728              225            
1              [14464/60000]       0.3726              94.9300             0.1857              226            
1              [14528/60000]       0.1893              94.3800             0.1947              227            
1              [14592/60000]       0.2117              93.4300             0.2211              228            
1              [14656/60000]       0.1572              94.8200             0.1801              229            
1              [14720/60000]       0.1214              94.9200             0.1818              230            
1              [14784/60000]       0.0748              94.5900             0.1923              231            
1              [14848/60000]       0.2340              94.7700             0.1860              232            
1              [14912/60000]       0.1562              94.6700             0.1920              233            
1              [14976/60000]       0.2524              93.5600             0.2087              234            
1              [15040/60000]       0.1745              95.0000             0.1747              235            
1              [15104/60000]       0.1220              94.5200             0.1819              236            
1              [15168/60000]       0.0462              95.0600             0.1735              237            
1              [15232/60000]       0.0882              95.1700             0.1693              238            
1              [15296/60000]       0.1522              94.4000             0.1841              239            
1              [15360/60000]       0.1904              93.6400             0.1997              240            
1              [15424/60000]       0.3655              90.7800             0.2887              241            
1              [15488/60000]       0.3830              93.5000             0.2119              242            
1              [15552/60000]       0.2492              94.1700             0.1935              243            
1              [15616/60000]       0.2879              94.0400             0.1991              244            
1              [15680/60000]       0.1973              94.1800             0.2011              245            
1              [15744/60000]       0.2506              94.1700             0.2105              246            
1              [15808/60000]       0.3783              94.2400             0.1897              247            
1              [15872/60000]       0.1764              93.8400             0.2118              248            
1              [15936/60000]       0.2653              90.3700             0.2895              249            
1              [16000/60000]       0.3248              93.3300             0.2139              250            
1              [16064/60000]       0.3337              94.0700             0.1997              251            
1              [16128/60000]       0.2221              94.5300             0.1891              252            
1              [16192/60000]       0.0966              94.9100             0.1721              253            
1              [16256/60000]       0.1855              93.8500             0.1924              254            
1              [16320/60000]       0.1621              94.7400             0.1789              255            
1              [16384/60000]       0.1871              94.9700             0.1728              256            
1              [16448/60000]       0.2435              94.7800             0.1717              257            
1              [16512/60000]       0.2889              93.9200             0.1923              258            
1              [16576/60000]       0.2945              94.4200             0.1747              259            
1              [16640/60000]       0.1357              94.8600             0.1703              260            
1              [16704/60000]       0.1686              94.7600             0.1744              261            
1              [16768/60000]       0.2576              94.7200             0.1795              262            
1              [16832/60000]       0.0969              94.6700             0.1776              263            
1              [16896/60000]       0.4219              93.2800             0.2152              264            
1              [16960/60000]       0.1737              95.1000             0.1588              265            
1              [17024/60000]       0.1099              95.2000             0.1586              266            
1              [17088/60000]       0.1299              95.5100             0.1603              267            
1              [17152/60000]       0.1644              94.8200             0.1700              268            
1              [17216/60000]       0.2490              95.3400             0.1572              269            
1              [17280/60000]       0.1574              95.2200             0.1683              270            
1              [17344/60000]       0.1171              95.3300             0.1551              271            
1              [17408/60000]       0.1425              94.8400             0.1711              272            
1              [17472/60000]       0.1718              94.2700             0.1857              273            
1              [17536/60000]       0.1330              95.1700             0.1689              274            
1              [17600/60000]       0.2562              94.5100             0.1805              275            
1              [17664/60000]       0.0454              95.4400             0.1554              276            
1              [17728/60000]       0.1623              95.5400             0.1518              277            
1              [17792/60000]       0.1385              95.4800             0.1527              278            
1              [17856/60000]       0.1474              95.2600             0.1601              279            
1              [17920/60000]       0.2722              93.9900             0.1908              280            
1              [17984/60000]       0.4181              93.3900             0.2181              281            
1              [18048/60000]       0.1006              94.9900             0.1693              282            
1              [18112/60000]       0.3730              94.5600             0.1773              283            
1              [18176/60000]       0.2611              95.1500             0.1609              284            
1              [18240/60000]       0.2776              94.8000             0.1752              285            
1              [18304/60000]       0.1000              95.1500             0.1619              286            
1              [18368/60000]       0.2132              94.9700             0.1672              287            
1              [18432/60000]       0.2377              93.7500             0.1958              288            
1              [18496/60000]       0.2018              95.3100             0.1598              289            
1              [18560/60000]       0.0966              95.2400             0.1609              290            
1              [18624/60000]       0.1817              95.0100             0.1655              291            
1              [18688/60000]       0.0633              94.5000             0.1785              292            
1              [18752/60000]       0.2029              94.8500             0.1743              293            
1              [18816/60000]       0.1364              94.4700             0.1770              294            
1              [18880/60000]       0.1608              95.2800             0.1583              295            
1              [18944/60000]       0.2503              94.8800             0.1671              296            
1              [19008/60000]       0.0878              95.4700             0.1518              297            
1              [19072/60000]       0.2407              95.5800             0.1513              298            
1              [19136/60000]       0.1770              94.5300             0.1806              299            
1              [19200/60000]       0.1655              93.5100             0.1959              300            
1              [19264/60000]       0.0895              95.2100             0.1609              301            
1              [19328/60000]       0.2432              94.7300             0.1688              302            
1              [19392/60000]       0.1318              95.1700             0.1535              303            
1              [19456/60000]       0.0865              95.0800             0.1596              304            
1              [19520/60000]       0.1493              95.3400             0.1481              305            
1              [19584/60000]       0.3637              95.5500             0.1458              306            
1              [19648/60000]       0.1396              94.8800             0.1690              307            
1              [19712/60000]       0.0893              95.4100             0.1485              308            
1              [19776/60000]       0.0929              95.1800             0.1534              309            
1              [19840/60000]       0.0691              95.2400             0.1550              310            
1              [19904/60000]       0.0519              95.5700             0.1433              311            
1              [19968/60000]       0.1057              95.1900             0.1529              312            
1              [20032/60000]       0.0950              95.5200             0.1480              313            
1              [20096/60000]       0.0681              95.2000             0.1586              314            
1              [20160/60000]       0.1599              95.3900             0.1547              315            
1              [20224/60000]       0.0899              95.1400             0.1653              316            
1              [20288/60000]       0.1290              93.9100             0.1944              317            
1              [20352/60000]       0.1437              93.8600             0.1927              318            
1              [20416/60000]       0.1729              94.5000             0.1774              319            
1              [20480/60000]       0.1358              94.7700             0.1787              320            
1              [20544/60000]       0.1603              94.0900             0.1904              321            
1              [20608/60000]       0.2003              95.3400             0.1592              322            
1              [20672/60000]       0.0542              95.1600             0.1613              323            
1              [20736/60000]       0.2205              95.0300             0.1642              324            
1              [20800/60000]       0.0414              95.3200             0.1545              325            
1              [20864/60000]       0.1668              94.5400             0.1777              326            
1              [20928/60000]       0.0967              95.6300             0.1488              327            
1              [20992/60000]       0.0838              95.6700             0.1537              328            
1              [21056/60000]       0.0167              95.8300             0.1479              329            
1              [21120/60000]       0.2434              95.4600             0.1525              330            
1              [21184/60000]       0.2206              94.6900             0.1698              331            
1              [21248/60000]       0.0656              94.6000             0.1719              332            
1              [21312/60000]       0.1141              94.3700             0.1864              333            
1              [21376/60000]       0.1028              93.8800             0.1951              334            
1              [21440/60000]       0.1406              94.0100             0.1907              335            
1              [21504/60000]       0.0741              94.0500             0.1879              336            
1              [21568/60000]       0.1550              95.0000             0.1594              337            
1              [21632/60000]       0.0680              94.9900             0.1712              338            
1              [21696/60000]       0.1715              95.1300             0.1581              339            
1              [21760/60000]       0.0778              95.4500             0.1533              340            
1              [21824/60000]       0.0439              94.8000             0.1729              341            
1              [21888/60000]       0.0986              95.5600             0.1558              342            
1              [21952/60000]       0.0853              96.1500             0.1398              343            
1              [22016/60000]       0.3089              94.9300             0.1693              344            
1              [22080/60000]       0.2505              94.9300             0.1728              345            
1              [22144/60000]       0.1338              95.4400             0.1573              346            
1              [22208/60000]       0.0663              95.7600             0.1480              347            
1              [22272/60000]       0.1484              94.4500             0.1847              348            
1              [22336/60000]       0.1676              95.3700             0.1631              349            
1              [22400/60000]       0.2528              94.5600             0.1711              350            
1              [22464/60000]       0.2329              95.6800             0.1516              351            
1              [22528/60000]       0.2578              95.2900             0.1553              352            
1              [22592/60000]       0.2940              93.0900             0.2145              353            
1              [22656/60000]       0.4291              91.6500             0.2542              354            
1              [22720/60000]       0.3199              95.3000             0.1566              355            
1              [22784/60000]       0.1645              95.8400             0.1346              356            
1              [22848/60000]       0.1644              95.3400             0.1503              357            
1              [22912/60000]       0.1094              95.6600             0.1453              358            
1              [22976/60000]       0.2607              95.1000             0.1668              359            
1              [23040/60000]       0.1054              95.6100             0.1453              360            
1              [23104/60000]       0.1658              94.8900             0.1710              361            
1              [23168/60000]       0.1790              95.5000             0.1477              362            
1              [23232/60000]       0.1471              94.7900             0.1719              363            
1              [23296/60000]       0.1569              95.9400             0.1394              364            
1              [23360/60000]       0.2073              94.3900             0.1781              365            
1              [23424/60000]       0.0857              95.1600             0.1529              366            
1              [23488/60000]       0.0862              95.3600             0.1550              367            
1              [23552/60000]       0.1887              95.5400             0.1476              368            
1              [23616/60000]       0.1522              96.3100             0.1286              369            
1              [23680/60000]       0.0353              96.3000             0.1300              370            
1              [23744/60000]       0.1499              95.4600             0.1496              371            
1              [23808/60000]       0.3084              94.4000             0.1848              372            
1              [23872/60000]       0.1663              94.6700             0.1642              373            
1              [23936/60000]       0.4422              93.1800             0.2185              374            
1              [24000/60000]       0.1653              95.9600             0.1358              375            
1              [24064/60000]       0.1107              95.9400             0.1344              376            
1              [24128/60000]       0.0502              95.7600             0.1414              377            
1              [24192/60000]       0.1112              94.9700             0.1607              378            
1              [24256/60000]       0.2433              95.4100             0.1549              379            
1              [24320/60000]       0.0334              95.7700             0.1408              380            
1              [24384/60000]       0.1999              95.9200             0.1375              381            
1              [24448/60000]       0.1713              95.3400             0.1491              382            
1              [24512/60000]       0.4019              95.3700             0.1515              383            
1              [24576/60000]       0.1150              94.6000             0.1712              384            
1              [24640/60000]       0.1491              95.7000             0.1396              385            
1              [24704/60000]       0.1549              95.0900             0.1627              386            
1              [24768/60000]       0.1258              94.6200             0.1714              387            
1              [24832/60000]       0.2178              94.8600             0.1694              388            
1              [24896/60000]       0.0838              95.0900             0.1636              389            
1              [24960/60000]       0.2732              93.8600             0.2041              390            
1              [25024/60000]       0.1851              94.2800             0.1901              391            
1              [25088/60000]       0.2545              95.3700             0.1536              392            
1              [25152/60000]       0.1559              94.4400             0.1841              393            
1              [25216/60000]       0.0706              95.7500             0.1466              394            
1              [25280/60000]       0.1056              95.5900             0.1495              395            
1              [25344/60000]       0.1767              94.7700             0.1716              396            
1              [25408/60000]       0.3018              95.6200             0.1490              397            
1              [25472/60000]       0.1443              96.0600             0.1374              398            
1              [25536/60000]       0.1780              95.6200             0.1472              399            
1              [25600/60000]       0.0809              95.6500             0.1422              400            
1              [25664/60000]       0.1096              96.0400             0.1344              401            
1              [25728/60000]       0.0801              94.5100             0.1710              402            
1              [25792/60000]       0.1359              95.6400             0.1414              403            
1              [25856/60000]       0.1669              95.3800             0.1500              404            
1              [25920/60000]       0.3076              95.9600             0.1406              405            
1              [25984/60000]       0.2184              94.0700             0.1910              406            
1              [26048/60000]       0.2132              95.3500             0.1624              407            
1              [26112/60000]       0.1199              95.5600             0.1457              408            
1              [26176/60000]       0.1894              95.8500             0.1362              409            
1              [26240/60000]       0.1590              95.2600             0.1504              410            
1              [26304/60000]       0.2353              95.6700             0.1458              411            
1              [26368/60000]       0.2282              95.8600             0.1383              412            
1              [26432/60000]       0.1163              95.3500             0.1461              413            
1              [26496/60000]       0.1423              95.2000             0.1553              414            
1              [26560/60000]       0.1393              95.6000             0.1453              415            
1              [26624/60000]       0.1504              95.5400             0.1430              416            
1              [26688/60000]       0.1821              94.1800             0.1871              417            
1              [26752/60000]       0.2117              95.7700             0.1447              418            
1              [26816/60000]       0.0864              95.0200             0.1577              419            
1              [26880/60000]       0.0728              96.0700             0.1309              420            
1              [26944/60000]       0.0990              96.1900             0.1278              421            
1              [27008/60000]       0.1213              95.4100             0.1483              422            
1              [27072/60000]       0.0522              95.5800             0.1421              423            
1              [27136/60000]       0.2261              95.6500             0.1429              424            
1              [27200/60000]       0.1378              96.0500             0.1322              425            
1              [27264/60000]       0.5016              95.7600             0.1472              426            
1              [27328/60000]       0.1117              95.4000             0.1545              427            
1              [27392/60000]       0.2478              94.8400             0.1687              428            
1              [27456/60000]       0.3641              95.0800             0.1633              429            
1              [27520/60000]       0.2514              94.8500             0.1807              430            
1              [27584/60000]       0.1484              96.3200             0.1235              431            
1              [27648/60000]       0.1790              95.9900             0.1475              432            
1              [27712/60000]       0.0871              96.6200             0.1191              433            
1              [27776/60000]       0.1342              96.3100             0.1226              434            
1              [27840/60000]       0.0816              96.3500             0.1213              435            
1              [27904/60000]       0.1207              95.7000             0.1427              436            
1              [27968/60000]       0.0180              96.1200             0.1271              437            
1              [28032/60000]       0.1962              95.7600             0.1393              438            
1              [28096/60000]       0.1268              94.3700             0.1869              439            
1              [28160/60000]       0.1275              95.2000             0.1589              440            
1              [28224/60000]       0.1841              95.0600             0.1589              441            
1              [28288/60000]       0.1493              95.4800             0.1406              442            
1              [28352/60000]       0.2429              95.6400             0.1437              443            
1              [28416/60000]       0.1366              96.2000             0.1278              444            
1              [28480/60000]       0.1905              96.2500             0.1257              445            
1              [28544/60000]       0.0998              95.9400             0.1354              446            
1              [28608/60000]       0.1102              95.1100             0.1685              447            
1              [28672/60000]       0.1983              96.3300             0.1228              448            
1              [28736/60000]       0.0728              96.4100             0.1186              449            
1              [28800/60000]       0.1224              95.7500             0.1359              450            
1              [28864/60000]       0.1030              95.8500             0.1311              451            
1              [28928/60000]       0.0831              96.2500             0.1242              452            
1              [28992/60000]       0.0810              96.0600             0.1253              453            
1              [29056/60000]       0.1720              95.2300             0.1514              454            
1              [29120/60000]       0.0977              95.8600             0.1338              455            
1              [29184/60000]       0.1053              96.3000             0.1196              456            
1              [29248/60000]       0.1643              95.2500             0.1596              457            
1              [29312/60000]       0.1240              94.5000             0.1820              458            
1              [29376/60000]       0.3459              95.9700             0.1396              459            
1              [29440/60000]       0.1078              96.1600             0.1368              460            
1              [29504/60000]       0.2247              95.0700             0.1617              461            
1              [29568/60000]       0.0647              95.7800             0.1382              462            
1              [29632/60000]       0.2336              94.0900             0.1847              463            
1              [29696/60000]       0.2533              94.6800             0.1635              464            
1              [29760/60000]       0.1179              96.1500             0.1320              465            
1              [29824/60000]       0.2343              95.5700             0.1501              466            
1              [29888/60000]       0.0844              95.3500             0.1462              467            
1              [29952/60000]       0.1801              95.6700             0.1380              468            
1              [30016/60000]       0.0762              95.7400             0.1341              469            
1              [30080/60000]       0.1186              95.1900             0.1617              470            
1              [30144/60000]       0.1700              92.0700             0.2424              471            
1              [30208/60000]       0.1674              95.6400             0.1393              472            
1              [30272/60000]       0.2666              94.7900             0.1730              473            
1              [30336/60000]       0.1248              96.0000             0.1259              474            
1              [30400/60000]       0.0622              96.0800             0.1329              475            
1              [30464/60000]       0.1301              93.5700             0.1992              476            
1              [30528/60000]       0.1151              95.3000             0.1536              477            
1              [30592/60000]       0.1829              95.5800             0.1412              478            
1              [30656/60000]       0.3259              96.1000             0.1283              479            
1              [30720/60000]       0.1614              96.2800             0.1202              480            
1              [30784/60000]       0.0636              94.9900             0.1505              481            
1              [30848/60000]       0.3089              94.1400             0.1855              482            
1              [30912/60000]       0.2310              95.9500             0.1259              483            
1              [30976/60000]       0.0873              96.5700             0.1133              484            
1              [31040/60000]       0.1482              96.2000             0.1304              485            
1              [31104/60000]       0.0582              96.3900             0.1238              486            
1              [31168/60000]       0.1947              95.8400             0.1392              487            
1              [31232/60000]       0.1312              96.3500             0.1169              488            
1              [31296/60000]       0.3224              96.0800             0.1266              489            
1              [31360/60000]       0.1855              96.3700             0.1162              490            
1              [31424/60000]       0.0533              96.2800             0.1206              491            
1              [31488/60000]       0.3223              96.2900             0.1188              492            
1              [31552/60000]       0.1244              95.8100             0.1333              493            
1              [31616/60000]       0.0538              96.3300             0.1192              494            
1              [31680/60000]       0.1715              96.2100             0.1250              495            
1              [31744/60000]       0.0662              96.5400             0.1127              496            
1              [31808/60000]       0.0761              96.7400             0.1110              497            
1              [31872/60000]       0.0833              96.2200             0.1185              498            
1              [31936/60000]       0.1011              96.3500             0.1175              499            
1              [32000/60000]       0.0535              96.3800             0.1150              500            
1              [32064/60000]       0.0723              96.2500             0.1142              501            
1              [32128/60000]       0.1543              95.6800             0.1338              502            
1              [32192/60000]       0.3201              95.3100             0.1486              503            
1              [32256/60000]       0.1745              95.6900             0.1358              504            
1              [32320/60000]       0.0813              96.4700             0.1124              505            
1              [32384/60000]       0.0934              96.5000             0.1112              506            
1              [32448/60000]       0.0374              96.6600             0.1057              507            
1              [32512/60000]       0.0730              96.3700             0.1193              508            
1              [32576/60000]       0.0572              96.3900             0.1172              509            
1              [32640/60000]       0.0324              96.1600             0.1235              510            
1              [32704/60000]       0.0769              96.6300             0.1116              511            
1              [32768/60000]       0.1429              94.6400             0.1691              512            
1              [32832/60000]       0.3219              94.3700             0.1745              513            
1              [32896/60000]       0.0718              96.3700             0.1199              514            
1              [32960/60000]       0.1394              95.4600             0.1468              515            
1              [33024/60000]       0.1393              96.5100             0.1151              516            
1              [33088/60000]       0.2567              96.2300             0.1205              517            
1              [33152/60000]       0.1304              96.0400             0.1311              518            
1              [33216/60000]       0.1692              95.9900             0.1355              519            
1              [33280/60000]       0.0657              96.0000             0.1342              520            
1              [33344/60000]       0.2296              96.1000             0.1269              521            
1              [33408/60000]       0.0990              95.7100             0.1298              522            
1              [33472/60000]       0.1733              94.2000             0.1833              523            
1              [33536/60000]       0.3116              96.5900             0.1159              524            
1              [33600/60000]       0.0541              96.5500             0.1162              525            
1              [33664/60000]       0.0842              96.5700             0.1088              526            
1              [33728/60000]       0.1602              96.3000             0.1202              527            
1              [33792/60000]       0.1586              96.1300             0.1218              528            
1              [33856/60000]       0.0787              96.1100             0.1257              529            
1              [33920/60000]       0.2243              95.7500             0.1343              530            
1              [33984/60000]       0.2066              95.0100             0.1589              531            
1              [34048/60000]       0.1733              96.5800             0.1096              532            
1              [34112/60000]       0.3883              94.0700             0.1782              533            
1              [34176/60000]       0.1191              96.3200             0.1223              534            
1              [34240/60000]       0.2118              96.6000             0.1139              535            
1              [34304/60000]       0.1764              96.7000             0.1094              536            
1              [34368/60000]       0.1615              96.7500             0.1079              537            
1              [34432/60000]       0.0315              96.8500             0.1042              538            
1              [34496/60000]       0.1250              96.4600             0.1145              539            
1              [34560/60000]       0.1315              95.6300             0.1407              540            
1              [34624/60000]       0.3673              96.8400             0.1039              541            
1              [34688/60000]       0.1140              95.9400             0.1285              542            
1              [34752/60000]       0.2084              94.1300             0.1945              543            
1              [34816/60000]       0.2768              95.8500             0.1276              544            
1              [34880/60000]       0.2550              95.4500             0.1383              545            
1              [34944/60000]       0.1071              96.7100             0.1101              546            
1              [35008/60000]       0.0719              96.6400             0.1155              547            
1              [35072/60000]       0.0230              96.6800             0.1076              548            
1              [35136/60000]       0.0243              96.7200             0.1118              549            
1              [35200/60000]       0.0229              96.6900             0.1099              550            
1              [35264/60000]       0.2614              96.2600             0.1168              551            
1              [35328/60000]       0.1641              96.5500             0.1112              552            
1              [35392/60000]       0.1140              96.5700             0.1117              553            
1              [35456/60000]       0.0965              96.7300             0.1032              554            
1              [35520/60000]       0.1680              95.2600             0.1496              555            
1              [35584/60000]       0.1370              96.6700             0.1117              556            
1              [35648/60000]       0.1037              96.7000             0.1038              557            
1              [35712/60000]       0.1489              96.5500             0.1094              558            
1              [35776/60000]       0.0536              96.4800             0.1161              559            
1              [35840/60000]       0.0813              96.1800             0.1240              560            
1              [35904/60000]       0.1456              96.4600             0.1160              561            
1              [35968/60000]       0.1883              96.0000             0.1333              562            
1              [36032/60000]       0.0489              96.2500             0.1224              563            
1              [36096/60000]       0.1089              96.5700             0.1144              564            
1              [36160/60000]       0.0971              96.8600             0.1031              565            
1              [36224/60000]       0.0976              96.9700             0.1033              566            
1              [36288/60000]       0.0290              96.9100             0.1044              567            
1              [36352/60000]       0.0634              96.4700             0.1101              568            
1              [36416/60000]       0.2413              96.7600             0.1051              569            
1              [36480/60000]       0.0873              96.2600             0.1204              570            
1              [36544/60000]       0.1543              95.0000             0.1580              571            
1              [36608/60000]       0.0651              95.4600             0.1450              572            
1              [36672/60000]       0.3213              96.4800             0.1150              573            
1              [36736/60000]       0.0683              96.4600             0.1142              574            
1              [36800/60000]       0.1290              96.7600             0.1076              575            
1              [36864/60000]       0.0455              96.2500             0.1182              576            
1              [36928/60000]       0.0773              96.6800             0.1113              577            
1              [36992/60000]       0.1768              96.9800             0.1014              578            
1              [37056/60000]       0.1099              96.5500             0.1176              579            
1              [37120/60000]       0.0618              96.5600             0.1161              580            
1              [37184/60000]       0.1156              95.7500             0.1432              581            
1              [37248/60000]       0.1048              96.1600             0.1239              582            
1              [37312/60000]       0.1505              96.5400             0.1130              583            
1              [37376/60000]       0.0587              96.7900             0.1055              584            
1              [37440/60000]       0.1115              96.6800             0.1069              585            
1              [37504/60000]       0.1768              96.2200             0.1177              586            
1              [37568/60000]       0.0280              96.8200             0.1039              587            
1              [37632/60000]       0.0873              96.7100             0.1122              588            
1              [37696/60000]       0.1270              96.7100             0.1049              589            
1              [37760/60000]       0.1453              96.7500             0.1024              590            
1              [37824/60000]       0.2087              96.4900             0.1079              591            
1              [37888/60000]       0.1130              96.9200             0.1001              592            
1              [37952/60000]       0.0392              97.2300             0.0908              593            
1              [38016/60000]       0.4176              96.7700             0.1008              594            
1              [38080/60000]       0.1537              96.6000             0.1069              595            
1              [38144/60000]       0.1491              96.6200             0.1033              596            
1              [38208/60000]       0.0372              96.7700             0.0996              597            
1              [38272/60000]       0.0269              96.9300             0.0967              598            
1              [38336/60000]       0.0500              97.1000             0.0938              599            
1              [38400/60000]       0.1659              96.0300             0.1205              600            
1              [38464/60000]       0.0827              96.5800             0.1089              601            
1              [38528/60000]       0.2279              96.9900             0.0996              602            
1              [38592/60000]       0.1410              96.2300             0.1301              603            
1              [38656/60000]       0.1935              95.9200             0.1365              604            
1              [38720/60000]       0.1848              94.4600             0.1678              605            
1              [38784/60000]       0.2195              96.6400             0.1036              606            
1              [38848/60000]       0.0687              96.7600             0.1054              607            
1              [38912/60000]       0.1599              96.5500             0.1070              608            
1              [38976/60000]       0.1430              96.6000             0.1073              609            
1              [39040/60000]       0.1469              96.9300             0.0992              610            
1              [39104/60000]       0.0196              96.7900             0.1016              611            
1              [39168/60000]       0.1095              96.7000             0.1032              612            
1              [39232/60000]       0.1053              96.7500             0.0985              613            
1              [39296/60000]       0.1109              97.0000             0.0944              614            
1              [39360/60000]       0.1090              96.6800             0.1107              615            
1              [39424/60000]       0.1143              96.7200             0.0973              616            
1              [39488/60000]       0.0700              96.9100             0.0989              617            
1              [39552/60000]       0.1923              96.4000             0.1085              618            
1              [39616/60000]       0.2355              94.7100             0.1611              619            
1              [39680/60000]       0.1355              96.4800             0.1080              620            
1              [39744/60000]       0.1527              95.3300             0.1385              621            
1              [39808/60000]       0.1297              96.4000             0.1150              622            
1              [39872/60000]       0.0766              95.7600             0.1345              623            
1              [39936/60000]       0.2148              95.9500             0.1299              624            
1              [40000/60000]       0.2224              97.0600             0.0979              625            
1              [40064/60000]       0.1980              95.0700             0.1495              626            
1              [40128/60000]       0.0848              96.7900             0.1016              627            
1              [40192/60000]       0.0756              96.7000             0.1084              628            
1              [40256/60000]       0.1491              96.8100             0.1048              629            
1              [40320/60000]       0.1982              95.7800             0.1316              630            
1              [40384/60000]       0.2065              95.3800             0.1389              631            
1              [40448/60000]       0.3108              96.6800             0.1094              632            
1              [40512/60000]       0.1675              95.7800             0.1332              633            
1              [40576/60000]       0.1880              96.5400             0.1076              634            
1              [40640/60000]       0.0810              96.6700             0.1111              635            
1              [40704/60000]       0.0654              96.8600             0.1004              636            
1              [40768/60000]       0.0289              97.1500             0.0951              637            
1              [40832/60000]       0.0835              96.8300             0.1037              638            
1              [40896/60000]       0.0652              97.0300             0.0966              639            
1              [40960/60000]       0.3216              95.6400             0.1437              640            
1              [41024/60000]       0.3301              96.6100             0.1100              641            
1              [41088/60000]       0.1889              96.9200             0.1030              642            
1              [41152/60000]       0.1779              95.5400             0.1438              643            
1              [41216/60000]       0.0941              96.7100             0.1076              644            
1              [41280/60000]       0.1045              96.3300             0.1198              645            
1              [41344/60000]       0.2053              96.6600             0.1104              646            
1              [41408/60000]       0.0191              96.9700             0.0998              647            
1              [41472/60000]       0.2028              96.2900             0.1198              648            
1              [41536/60000]       0.1765              95.5400             0.1391              649            
1              [41600/60000]       0.2654              95.5900             0.1323              650            
1              [41664/60000]       0.1391              95.7000             0.1275              651            
1              [41728/60000]       0.1858              96.3400             0.1149              652            
1              [41792/60000]       0.1130              96.3200             0.1154              653            
1              [41856/60000]       0.1565              96.9300             0.0996              654            
1              [41920/60000]       0.0645              97.0100             0.0977              655            
1              [41984/60000]       0.0831              96.5800             0.1093              656            
1              [42048/60000]       0.3640              94.5400             0.1586              657            
1              [42112/60000]       0.2319              95.8800             0.1284              658            
1              [42176/60000]       0.1200              96.7000             0.1016              659            
