Current_Epoch  Batch/Total         CE_Train            Accuracy(%)         CE_TEST             Batch_Number   
0              [0/60000]           --                  9.020               2.3357              0
1              [60000/60000]       2.3353              13.0200             2.2687              1              
2              [60000/60000]       2.2698              23.0400             2.2053              2              
3              [60000/60000]       2.2078              31.3900             2.1446              3              
4              [60000/60000]       2.1482              38.4100             2.0864              4              
5              [60000/60000]       2.0911              44.6100             2.0308              5              
6              [60000/60000]       2.0365              49.7100             1.9778              6              
7              [60000/60000]       1.9843              53.3300             1.9272              7              
8              [60000/60000]       1.9346              55.8700             1.8792              8              
9              [60000/60000]       1.8874              57.5700             1.8335              9              
10             [60000/60000]       1.8424              59.1200             1.7901              10             
11             [60000/60000]       1.7997              60.8100             1.7489              11             
12             [60000/60000]       1.7591              62.3600             1.7099              12             
13             [60000/60000]       1.7206              63.3100             1.6728              13             
14             [60000/60000]       1.6840              64.1000             1.6376              14             
15             [60000/60000]       1.6493              65.0000             1.6042              15             
16             [60000/60000]       1.6164              65.7100             1.5724              16             
17             [60000/60000]       1.5851              66.3200             1.5423              17             
18             [60000/60000]       1.5553              67.0400             1.5137              18             
19             [60000/60000]       1.5270              67.3900             1.4864              19             
20             [60000/60000]       1.5001              67.8800             1.4605              20             
21             [60000/60000]       1.4744              68.3400             1.4358              21             
22             [60000/60000]       1.4500              68.6500             1.4122              22             
23             [60000/60000]       1.4268              68.9700             1.3898              23             
24             [60000/60000]       1.4046              69.3800             1.3683              24             
25             [60000/60000]       1.3834              69.6700             1.3479              25             
26             [60000/60000]       1.3631              69.9100             1.3283              26             
27             [60000/60000]       1.3437              70.1900             1.3096              27             
28             [60000/60000]       1.3252              70.4300             1.2916              28             
29             [60000/60000]       1.3074              70.6800             1.2745              29             
30             [60000/60000]       1.2904              70.9300             1.2580              30             
31             [60000/60000]       1.2741              71.2000             1.2422              31             
32             [60000/60000]       1.2584              71.4400             1.2270              32             
33             [60000/60000]       1.2433              71.6700             1.2124              33             
34             [60000/60000]       1.2289              71.8400             1.1983              34             
35             [60000/60000]       1.2149              71.9800             1.1848              35             
36             [60000/60000]       1.2015              72.0900             1.1717              36             
37             [60000/60000]       1.1885              72.3400             1.1591              37             
38             [60000/60000]       1.1761              72.4400             1.1470              38             
39             [60000/60000]       1.1640              72.6000             1.1353              39             
40             [60000/60000]       1.1524              72.6900             1.1240              40             
41             [60000/60000]       1.1411              72.9000             1.1130              41             
42             [60000/60000]       1.1302              73.1600             1.1024              42             
43             [60000/60000]       1.1197              73.3200             1.0922              43             
44             [60000/60000]       1.1095              73.4700             1.0822              44             
45             [60000/60000]       1.0996              73.5600             1.0726              45             
46             [60000/60000]       1.0900              73.6400             1.0632              46             
47             [60000/60000]       1.0807              73.6800             1.0542              47             
48             [60000/60000]       1.0717              73.8300             1.0454              48             
49             [60000/60000]       1.0629              73.9600             1.0368              49             
50             [60000/60000]       1.0544              74.1300             1.0285              50             
51             [60000/60000]       1.0461              74.2700             1.0204              51             
52             [60000/60000]       1.0380              74.3900             1.0125              52             
53             [60000/60000]       1.0302              74.4400             1.0048              53             
54             [60000/60000]       1.0225              74.5400             0.9973              54             
55             [60000/60000]       1.0151              74.6000             0.9900              55             
56             [60000/60000]       1.0078              74.6800             0.9829              56             
57             [60000/60000]       1.0007              74.7500             0.9760              57             
58             [60000/60000]       0.9938              74.8400             0.9692              58             
59             [60000/60000]       0.9870              74.9500             0.9626              59             
60             [60000/60000]       0.9804              75.1000             0.9562              60             
61             [60000/60000]       0.9740              75.1800             0.9499              61             
62             [60000/60000]       0.9677              75.2800             0.9437              62             
63             [60000/60000]       0.9616              75.3400             0.9377              63             
64             [60000/60000]       0.9555              75.4700             0.9318              64             
65             [60000/60000]       0.9497              75.5500             0.9260              65             
66             [60000/60000]       0.9439              75.6000             0.9204              66             
67             [60000/60000]       0.9383              75.6500             0.9148              67             
68             [60000/60000]       0.9327              75.7300             0.9094              68             
69             [60000/60000]       0.9273              75.8400             0.9041              69             
70             [60000/60000]       0.9220              75.9800             0.8989              70             
71             [60000/60000]       0.9168              76.1200             0.8938              71             
72             [60000/60000]       0.9118              76.2200             0.8888              72             
73             [60000/60000]       0.9068              76.3900             0.8839              73             
74             [60000/60000]       0.9019              76.4400             0.8791              74             
75             [60000/60000]       0.8971              76.4900             0.8743              75             
76             [60000/60000]       0.8923              76.5500             0.8697              76             
77             [60000/60000]       0.8877              76.6700             0.8651              77             
78             [60000/60000]       0.8832              76.7600             0.8607              78             
79             [60000/60000]       0.8787              76.7900             0.8563              79             
80             [60000/60000]       0.8743              76.8800             0.8520              80             
81             [60000/60000]       0.8700              76.9500             0.8477              81             
82             [60000/60000]       0.8658              77.1100             0.8436              82             
83             [60000/60000]       0.8617              77.1900             0.8395              83             
84             [60000/60000]       0.8576              77.2800             0.8355              84             
85             [60000/60000]       0.8536              77.3700             0.8315              85             
86             [60000/60000]       0.8496              77.4400             0.8277              86             
87             [60000/60000]       0.8457              77.4900             0.8238              87             
88             [60000/60000]       0.8419              77.5100             0.8201              88             
89             [60000/60000]       0.8382              77.5500             0.8164              89             
90             [60000/60000]       0.8345              77.6100             0.8128              90             
91             [60000/60000]       0.8309              77.7100             0.8092              91             
92             [60000/60000]       0.8273              77.8300             0.8057              92             
93             [60000/60000]       0.8238              77.8700             0.8023              93             
94             [60000/60000]       0.8204              77.9400             0.7989              94             
95             [60000/60000]       0.8170              78.0400             0.7955              95             
96             [60000/60000]       0.8136              78.0800             0.7923              96             
97             [60000/60000]       0.8103              78.1600             0.7890              97             
98             [60000/60000]       0.8071              78.2100             0.7859              98             
99             [60000/60000]       0.8039              78.3000             0.7827              99             
100            [60000/60000]       0.8008              78.3100             0.7797              100            
101            [60000/60000]       0.7977              78.3700             0.7766              101            
102            [60000/60000]       0.7947              78.4500             0.7737              102            
103            [60000/60000]       0.7917              78.5600             0.7707              103            
104            [60000/60000]       0.7888              78.6100             0.7679              104            
105            [60000/60000]       0.7859              78.6600             0.7650              105            
106            [60000/60000]       0.7830              78.6900             0.7622              106            
107            [60000/60000]       0.7802              78.7900             0.7595              107            
108            [60000/60000]       0.7775              78.8100             0.7568              108            
109            [60000/60000]       0.7747              78.8500             0.7541              109            
110            [60000/60000]       0.7721              78.9000             0.7515              110            
111            [60000/60000]       0.7694              78.9400             0.7489              111            
112            [60000/60000]       0.7668              78.9900             0.7464              112            
113            [60000/60000]       0.7643              79.0800             0.7439              113            
114            [60000/60000]       0.7618              79.1400             0.7415              114            
115            [60000/60000]       0.7593              79.2000             0.7390              115            
116            [60000/60000]       0.7569              79.2500             0.7367              116            
117            [60000/60000]       0.7545              79.2600             0.7343              117            
118            [60000/60000]       0.7521              79.3000             0.7320              118            
119            [60000/60000]       0.7498              79.3700             0.7297              119            
120            [60000/60000]       0.7475              79.4600             0.7275              120            
121            [60000/60000]       0.7452              79.4400             0.7253              121            
122            [60000/60000]       0.7430              79.4700             0.7231              122            
123            [60000/60000]       0.7408              79.5300             0.7210              123            
124            [60000/60000]       0.7386              79.5900             0.7189              124            
125            [60000/60000]       0.7365              79.6200             0.7168              125            
126            [60000/60000]       0.7344              79.6800             0.7148              126            
127            [60000/60000]       0.7324              79.7100             0.7128              127            
128            [60000/60000]       0.7303              79.7600             0.7108              128            
129            [60000/60000]       0.7283              79.7400             0.7089              129            
130            [60000/60000]       0.7263              79.7400             0.7069              130            
131            [60000/60000]       0.7244              79.7700             0.7050              131            
132            [60000/60000]       0.7225              79.7900             0.7032              132            
133            [60000/60000]       0.7206              79.7700             0.7013              133            
134            [60000/60000]       0.7187              79.8300             0.6995              134            
135            [60000/60000]       0.7169              79.8500             0.6978              135            
136            [60000/60000]       0.7151              79.8800             0.6960              136            
137            [60000/60000]       0.7133              79.9100             0.6943              137            
138            [60000/60000]       0.7116              79.9500             0.6926              138            
139            [60000/60000]       0.7098              80.0300             0.6909              139            
140            [60000/60000]       0.7081              80.0600             0.6892              140            
141            [60000/60000]       0.7065              80.0400             0.6876              141            
142            [60000/60000]       0.7048              80.0800             0.6860              142            
143            [60000/60000]       0.7032              80.0500             0.6844              143            
144            [60000/60000]       0.7016              80.0800             0.6828              144            
145            [60000/60000]       0.7000              80.1000             0.6813              145            
146            [60000/60000]       0.6984              80.1300             0.6798              146            
147            [60000/60000]       0.6969              80.1500             0.6783              147            
148            [60000/60000]       0.6954              80.1500             0.6768              148            
149            [60000/60000]       0.6939              80.1500             0.6754              149            
150            [60000/60000]       0.6924              80.1500             0.6739              150            
151            [60000/60000]       0.6909              80.2000             0.6725              151            
152            [60000/60000]       0.6895              80.1800             0.6711              152            
153            [60000/60000]       0.6881              80.2100             0.6697              153            
154            [60000/60000]       0.6867              80.2200             0.6684              154            
155            [60000/60000]       0.6853              80.2200             0.6670              155            
156            [60000/60000]       0.6840              80.2600             0.6657              156            
157            [60000/60000]       0.6826              80.2600             0.6644              157            
158            [60000/60000]       0.6813              80.2900             0.6631              158            
159            [60000/60000]       0.6800              80.2600             0.6619              159            
160            [60000/60000]       0.6787              80.2900             0.6606              160            
161            [60000/60000]       0.6775              80.3100             0.6594              161            
162            [60000/60000]       0.6762              80.3200             0.6582              162            
163            [60000/60000]       0.6750              80.3500             0.6570              163            
164            [60000/60000]       0.6738              80.3800             0.6558              164            
165            [60000/60000]       0.6726              80.4200             0.6547              165            
166            [60000/60000]       0.6714              80.4300             0.6535              166            
167            [60000/60000]       0.6702              80.4400             0.6524              167            
168            [60000/60000]       0.6691              80.4600             0.6513              168            
169            [60000/60000]       0.6680              80.4900             0.6502              169            
170            [60000/60000]       0.6668              80.5300             0.6491              170            
171            [60000/60000]       0.6657              80.5800             0.6480              171            
172            [60000/60000]       0.6647              80.6000             0.6469              172            
173            [60000/60000]       0.6636              80.6200             0.6459              173            
174            [60000/60000]       0.6625              80.6500             0.6449              174            
175            [60000/60000]       0.6615              80.6500             0.6439              175            
176            [60000/60000]       0.6605              80.6700             0.6429              176            
177            [60000/60000]       0.6594              80.6900             0.6419              177            
178            [60000/60000]       0.6584              80.7200             0.6409              178            
179            [60000/60000]       0.6574              80.7300             0.6399              179            
180            [60000/60000]       0.6565              80.7700             0.6390              180            
181            [60000/60000]       0.6555              80.7700             0.6380              181            
182            [60000/60000]       0.6546              80.8000             0.6371              182            
183            [60000/60000]       0.6536              80.7900             0.6362              183            
184            [60000/60000]       0.6527              80.7700             0.6353              184            
185            [60000/60000]       0.6518              80.7700             0.6344              185            
186            [60000/60000]       0.6509              80.8400             0.6335              186            
187            [60000/60000]       0.6500              80.8500             0.6327              187            
188            [60000/60000]       0.6491              80.8900             0.6318              188            
189            [60000/60000]       0.6482              80.9300             0.6310              189            
190            [60000/60000]       0.6474              80.9400             0.6302              190            
191            [60000/60000]       0.6465              80.9600             0.6293              191            
192            [60000/60000]       0.6457              81.0000             0.6285              192            
193            [60000/60000]       0.6449              81.0200             0.6277              193            
194            [60000/60000]       0.6441              81.0500             0.6269              194            
195            [60000/60000]       0.6433              81.0900             0.6262              195            
196            [60000/60000]       0.6425              81.1300             0.6254              196            
197            [60000/60000]       0.6417              81.1400             0.6246              197            
198            [60000/60000]       0.6409              81.1600             0.6239              198            
199            [60000/60000]       0.6402              81.2000             0.6231              199            
200            [60000/60000]       0.6394              81.1900             0.6224              200            
201            [60000/60000]       0.6387              81.2200             0.6217              201            
202            [60000/60000]       0.6379              81.2400             0.6210              202            
203            [60000/60000]       0.6372              81.2300             0.6203              203            
204            [60000/60000]       0.6365              81.2400             0.6196              204            
205            [60000/60000]       0.6358              81.2500             0.6189              205            
206            [60000/60000]       0.6351              81.3000             0.6182              206            
207            [60000/60000]       0.6344              81.3000             0.6175              207            
208            [60000/60000]       0.6337              81.3300             0.6169              208            
209            [60000/60000]       0.6330              81.3400             0.6162              209            
210            [60000/60000]       0.6324              81.3600             0.6156              210            
211            [60000/60000]       0.6317              81.3800             0.6150              211            
212            [60000/60000]       0.6311              81.4000             0.6143              212            
213            [60000/60000]       0.6304              81.4200             0.6137              213            
214            [60000/60000]       0.6298              81.4000             0.6131              214            
215            [60000/60000]       0.6292              81.4500             0.6125              215            
216            [60000/60000]       0.6286              81.4500             0.6119              216            
217            [60000/60000]       0.6280              81.4700             0.6113              217            
218            [60000/60000]       0.6274              81.4800             0.6107              218            
219            [60000/60000]       0.6268              81.4900             0.6101              219            
220            [60000/60000]       0.6262              81.5100             0.6096              220            
221            [60000/60000]       0.6256              81.5000             0.6090              221            
222            [60000/60000]       0.6250              81.5500             0.6085              222            
223            [60000/60000]       0.6245              81.5600             0.6079              223            
224            [60000/60000]       0.6239              81.6100             0.6074              224            
225            [60000/60000]       0.6233              81.6100             0.6068              225            
226            [60000/60000]       0.6228              81.6100             0.6063              226            
227            [60000/60000]       0.6223              81.6200             0.6058              227            
228            [60000/60000]       0.6217              81.6100             0.6053              228            
229            [60000/60000]       0.6212              81.6200             0.6048              229            
230            [60000/60000]       0.6207              81.6300             0.6043              230            
231            [60000/60000]       0.6202              81.6300             0.6038              231            
232            [60000/60000]       0.6197              81.6500             0.6033              232            
233            [60000/60000]       0.6192              81.6800             0.6028              233            
234            [60000/60000]       0.6187              81.7000             0.6023              234            
235            [60000/60000]       0.6182              81.7200             0.6018              235            
236            [60000/60000]       0.6177              81.6900             0.6014              236            
237            [60000/60000]       0.6172              81.6900             0.6009              237            
238            [60000/60000]       0.6167              81.7100             0.6004              238            
239            [60000/60000]       0.6163              81.6900             0.6000              239            
240            [60000/60000]       0.6158              81.7000             0.5995              240            
241            [60000/60000]       0.6153              81.7500             0.5991              241            
242            [60000/60000]       0.6149              81.7700             0.5987              242            
243            [60000/60000]       0.6145              81.7900             0.5982              243            
244            [60000/60000]       0.6140              81.7800             0.5978              244            
245            [60000/60000]       0.6136              81.7900             0.5974              245            
246            [60000/60000]       0.6131              81.8100             0.5970              246            
247            [60000/60000]       0.6127              81.8500             0.5966              247            
248            [60000/60000]       0.6123              81.8400             0.5962              248            
249            [60000/60000]       0.6119              81.8600             0.5958              249            
250            [60000/60000]       0.6115              81.8800             0.5954              250            
251            [60000/60000]       0.6111              81.9000             0.5950              251            
252            [60000/60000]       0.6107              81.9100             0.5946              252            
253            [60000/60000]       0.6103              81.9500             0.5942              253            
254            [60000/60000]       0.6099              81.9600             0.5938              254            
255            [60000/60000]       0.6095              81.9800             0.5935              255            
256            [60000/60000]       0.6091              82.0100             0.5931              256            
257            [60000/60000]       0.6087              82.0100             0.5927              257            
258            [60000/60000]       0.6084              82.0300             0.5924              258            
259            [60000/60000]       0.6080              82.0300             0.5920              259            
260            [60000/60000]       0.6076              82.0300             0.5917              260            
261            [60000/60000]       0.6073              82.0000             0.5913              261            
262            [60000/60000]       0.6069              81.9900             0.5910              262            
263            [60000/60000]       0.6066              81.9900             0.5906              263            
264            [60000/60000]       0.6062              81.9900             0.5903              264            
265            [60000/60000]       0.6059              81.9900             0.5900              265            
266            [60000/60000]       0.6055              82.0100             0.5896              266            
267            [60000/60000]       0.6052              82.0400             0.5893              267            
268            [60000/60000]       0.6049              82.0400             0.5890              268            
269            [60000/60000]       0.6045              82.0300             0.5887              269            
270            [60000/60000]       0.6042              82.0500             0.5884              270            
271            [60000/60000]       0.6039              82.1000             0.5880              271            
272            [60000/60000]       0.6036              82.1000             0.5877              272            
273            [60000/60000]       0.6033              82.0800             0.5874              273            
274            [60000/60000]       0.6029              82.0800             0.5871              274            
275            [60000/60000]       0.6026              82.0900             0.5868              275            
276            [60000/60000]       0.6023              82.1000             0.5865              276            
277            [60000/60000]       0.6020              82.1200             0.5863              277            
278            [60000/60000]       0.6017              82.1400             0.5860              278            
279            [60000/60000]       0.6014              82.1400             0.5857              279            
280            [60000/60000]       0.6012              82.1300             0.5854              280            
281            [60000/60000]       0.6009              82.1300             0.5851              281            
282            [60000/60000]       0.6006              82.1600             0.5849              282            
283            [60000/60000]       0.6003              82.1700             0.5846              283            
284            [60000/60000]       0.6000              82.2000             0.5843              284            
285            [60000/60000]       0.5998              82.2000             0.5841              285            
286            [60000/60000]       0.5995              82.1700             0.5838              286            
287            [60000/60000]       0.5992              82.1600             0.5835              287            
288            [60000/60000]       0.5989              82.1700             0.5833              288            
289            [60000/60000]       0.5987              82.1600             0.5830              289            
290            [60000/60000]       0.5984              82.1500             0.5828              290            
291            [60000/60000]       0.5982              82.1400             0.5825              291            
292            [60000/60000]       0.5979              82.1500             0.5823              292            
293            [60000/60000]       0.5977              82.1500             0.5820              293            
294            [60000/60000]       0.5974              82.1800             0.5818              294            
295            [60000/60000]       0.5972              82.2100             0.5816              295            
296            [60000/60000]       0.5969              82.2100             0.5813              296            
297            [60000/60000]       0.5967              82.2300             0.5811              297            
298            [60000/60000]       0.5965              82.2300             0.5809              298            
299            [60000/60000]       0.5962              82.2300             0.5806              299            
