Current_Epoch  Batch/Total         CE_Train            Accuracy(%)         CE_TEST             Batch_Number   
0              [0/50000]           --                  9.020               4.6059              0
1              [64/50000]          4.6076              1.9600              4.5987              1              
1              [128/50000]         4.6005              1.5200              4.5914              2              
1              [192/50000]         4.5744              1.9900              4.5930              3              
1              [256/50000]         4.6220              1.9900              4.5855              4              
1              [320/50000]         4.5945              3.0000              4.5761              5              
1              [384/50000]         4.5888              2.5200              4.5578              6              
1              [448/50000]         4.5690              3.2000              4.5527              7              
1              [512/50000]         4.5288              3.4700              4.5457              8              
1              [576/50000]         4.5752              2.7100              4.5488              9              
1              [640/50000]         4.5863              3.2700              4.5429              10             
1              [704/50000]         4.5047              2.0700              4.5406              11             
1              [768/50000]         4.5989              3.7000              4.5210              12             
1              [832/50000]         4.4599              3.5500              4.5174              13             
1              [896/50000]         4.6127              3.6600              4.5061              14             
1              [960/50000]         4.5239              3.8700              4.4965              15             
1              [1024/50000]        4.4760              3.1300              4.4958              16             
1              [1088/50000]        4.4971              3.0900              4.4854              17             
1              [1152/50000]        4.4832              4.5000              4.4780              18             
1              [1216/50000]        4.4564              2.8100              4.4809              19             
1              [1280/50000]        4.4903              3.3900              4.4647              20             
1              [1344/50000]        4.5279              3.8700              4.4555              21             
1              [1408/50000]        4.4477              3.7400              4.4573              22             
1              [1472/50000]        4.4621              3.3700              4.4421              23             
1              [1536/50000]        4.4850              3.8900              4.4279              24             
1              [1600/50000]        4.4761              4.0700              4.4142              25             
1              [1664/50000]        4.4207              4.5900              4.4028              26             
1              [1728/50000]        4.2905              4.4300              4.4002              27             
1              [1792/50000]        4.5722              4.7100              4.3858              28             
1              [1856/50000]        4.3604              4.9200              4.3654              29             
1              [1920/50000]        4.2566              5.7800              4.3428              30             
1              [1984/50000]        4.4349              5.3900              4.3246              31             
1              [2048/50000]        4.2037              4.5500              4.3551              32             
1              [2112/50000]        4.2509              4.8300              4.3184              33             
1              [2176/50000]        4.2714              5.0200              4.3241              34             
1              [2240/50000]        4.2946              4.8100              4.3412              35             
1              [2304/50000]        4.4336              5.3100              4.3198              36             
1              [2368/50000]        4.3948              5.3700              4.2985              37             
1              [2432/50000]        4.1812              5.5100              4.2958              38             
1              [2496/50000]        4.2560              6.2500              4.2690              39             
1              [2560/50000]        4.2991              5.7100              4.2852              40             
1              [2624/50000]        4.3153              5.4600              4.2815              41             
1              [2688/50000]        4.1115              6.3300              4.2611              42             
1              [2752/50000]        4.0918              6.0200              4.2723              43             
1              [2816/50000]        4.3175              6.6500              4.2408              44             
1              [2880/50000]        4.1311              6.2800              4.2608              45             
1              [2944/50000]        4.3208              6.3200              4.2347              46             
1              [3008/50000]        4.3789              6.8600              4.2216              47             
1              [3072/50000]        4.4220              7.2600              4.2137              48             
1              [3136/50000]        4.2087              6.7900              4.2025              49             
1              [3200/50000]        4.4354              7.4000              4.1895              50             
1              [3264/50000]        4.2478              6.8800              4.1851              51             
1              [3328/50000]        4.2317              7.4000              4.1834              52             
1              [3392/50000]        4.3261              6.3300              4.1869              53             
1              [3456/50000]        4.1839              5.6500              4.2045              54             
1              [3520/50000]        4.4193              5.8300              4.2008              55             
1              [3584/50000]        4.1858              6.6800              4.1975              56             
1              [3648/50000]        4.3710              7.4400              4.1761              57             
1              [3712/50000]        4.1909              6.7800              4.1688              58             
1              [3776/50000]        3.9912              5.9300              4.2355              59             
1              [3840/50000]        4.3224              7.6300              4.1552              60             
1              [3904/50000]        4.0694              7.2600              4.1663              61             
1              [3968/50000]        4.1197              7.1700              4.1845              62             
1              [4032/50000]        4.2459              6.6700              4.2036              63             
1              [4096/50000]        4.2992              7.8300              4.1535              64             
1              [4160/50000]        4.2471              7.6000              4.1313              65             
1              [4224/50000]        4.0675              6.5000              4.1260              66             
1              [4288/50000]        4.0501              7.0600              4.1290              67             
1              [4352/50000]        3.9596              7.7800              4.1221              68             
1              [4416/50000]        4.1118              7.5700              4.1232              69             
1              [4480/50000]        3.9017              6.8100              4.1701              70             
1              [4544/50000]        4.1712              8.1800              4.1150              71             
1              [4608/50000]        4.2042              7.7400              4.1069              72             
1              [4672/50000]        3.8796              8.7300              4.0879              73             
1              [4736/50000]        4.0596              7.9100              4.1177              74             
1              [4800/50000]        4.3096              8.2800              4.0947              75             
1              [4864/50000]        3.9828              8.0600              4.0961              76             
1              [4928/50000]        4.2441              8.8700              4.0699              77             
1              [4992/50000]        4.1342              7.8600              4.1128              78             
1              [5056/50000]        4.1553              7.9400              4.0911              79             
1              [5120/50000]        4.1117              8.2500              4.0617              80             
1              [5184/50000]        4.0057              7.3200              4.1041              81             
1              [5248/50000]        4.0195              7.2200              4.1006              82             
1              [5312/50000]        3.9190              7.3700              4.0943              83             
1              [5376/50000]        3.9385              8.5300              4.0632              84             
1              [5440/50000]        4.0023              8.8100              4.0525              85             
1              [5504/50000]        3.8062              8.4600              4.0619              86             
1              [5568/50000]        3.8555              8.6100              4.0744              87             
1              [5632/50000]        4.0019              8.0200              4.0607              88             
1              [5696/50000]        3.7433              7.7500              4.1496              89             
1              [5760/50000]        4.1195              7.7700              4.0907              90             
1              [5824/50000]        4.0735              8.1000              4.0783              91             
1              [5888/50000]        4.0447              8.2300              4.0562              92             
1              [5952/50000]        4.1874              9.0200              4.0564              93             
1              [6016/50000]        3.9192              9.1200              4.0474              94             
1              [6080/50000]        4.0814              8.4000              4.0776              95             
1              [6144/50000]        4.0830              9.0700              4.0303              96             
1              [6208/50000]        3.6978              8.0300              4.0548              97             
1              [6272/50000]        3.8952              8.2700              4.0922              98             
1              [6336/50000]        4.2002              9.1300              4.0206              99             
1              [6400/50000]        3.9556              9.0100              4.0267              100            
1              [6464/50000]        3.9696              9.9000              4.0166              101            
1              [6528/50000]        3.9804              10.4600             3.9818              102            
1              [6592/50000]        4.0546              9.7300              3.9980              103            
1              [6656/50000]        3.9304              8.4000              4.0412              104            
1              [6720/50000]        4.2076              10.2100             3.9883              105            
1              [6784/50000]        3.8149              10.3500             3.9856              106            
1              [6848/50000]        4.0365              9.7600              3.9809              107            
1              [6912/50000]        4.0195              10.2500             3.9770              108            
1              [6976/50000]        4.0165              10.3500             3.9650              109            
1              [7040/50000]        3.9556              8.4900              4.0254              110            
1              [7104/50000]        4.0574              8.1700              4.0473              111            
1              [7168/50000]        4.0367              9.4200              3.9657              112            
1              [7232/50000]        3.9567              10.1700             3.9645              113            
1              [7296/50000]        4.0739              9.9200              3.9710              114            
1              [7360/50000]        4.2067              10.0700             3.9676              115            
1              [7424/50000]        3.8193              9.5800              4.0017              116            
1              [7488/50000]        3.9958              9.8600              4.0221              117            
1              [7552/50000]        3.8693              9.9000              4.0027              118            
1              [7616/50000]        4.0123              9.8500              3.9907              119            
1              [7680/50000]        3.9920              10.6600             3.9705              120            
1              [7744/50000]        4.0573              10.4900             3.9603              121            
1              [7808/50000]        4.0733              10.3500             3.9659              122            
1              [7872/50000]        4.0405              10.1500             3.9613              123            
1              [7936/50000]        3.9476              11.8700             3.9297              124            
1              [8000/50000]        3.8919              9.0100              3.9913              125            
1              [8064/50000]        3.8975              10.8600             3.9400              126            
1              [8128/50000]        3.8946              9.6900              3.9843              127            
1              [8192/50000]        4.1274              9.8100              3.9825              128            
1              [8256/50000]        3.8729              8.8800              3.9975              129            
1              [8320/50000]        3.9129              10.1400             3.9652              130            
1              [8384/50000]        3.7745              9.7100              3.9812              131            
1              [8448/50000]        4.1041              10.0400             3.9885              132            
1              [8512/50000]        4.1731              11.0900             3.9698              133            
1              [8576/50000]        3.7714              10.5500             3.9647              134            
1              [8640/50000]        3.8174              10.7200             3.9592              135            
1              [8704/50000]        3.9469              12.0400             3.9152              136            
1              [8768/50000]        3.9332              11.5400             3.9293              137            
1              [8832/50000]        4.0452              10.3900             3.9451              138            
1              [8896/50000]        3.9419              11.2800             3.9239              139            
