Current_Epoch  Batch/Total         CE_Train            Accuracy(%)         CE_TEST             Batch_Number   
0              [0/60000]           --                  9.020               2.3465              0
1              [64/60000]          2.3448              14.5300             2.1505              1              
1              [128/60000]         2.1339              24.4900             2.0381              2              
1              [192/60000]         2.0283              36.5100             1.8769              3              
1              [256/60000]         1.8596              36.8800             1.7786              4              
1              [320/60000]         1.6726              47.2000             1.6724              5              
1              [384/60000]         1.5388              46.4300             1.6504              6              
1              [448/60000]         1.5697              52.0300             1.5344              7              
1              [512/60000]         1.5307              59.4400             1.4436              8              
1              [576/60000]         1.3972              61.7400             1.3793              9              
1              [640/60000]         1.4099              58.9200             1.3437              10             
1              [704/60000]         1.3611              59.2500             1.2940              11             
1              [768/60000]         1.3018              59.5500             1.2588              12             
1              [832/60000]         1.2239              58.7500             1.2329              13             
1              [896/60000]         1.3676              62.3600             1.1910              14             
1              [960/60000]         1.2065              64.6300             1.1648              15             
1              [1024/60000]        1.1157              61.8600             1.1710              16             
1              [1088/60000]        1.1178              65.4300             1.1196              17             
1              [1152/60000]        1.1485              63.3100             1.1314              18             
1              [1216/60000]        1.0822              67.3400             1.0754              19             
1              [1280/60000]        1.0686              68.3200             1.0526              20             
1              [1344/60000]        1.0465              63.8200             1.0904              21             
1              [1408/60000]        1.1436              68.5800             1.0453              22             
1              [1472/60000]        1.0271              68.1700             1.0175              23             
1              [1536/60000]        0.9560              68.1200             0.9990              24             
1              [1600/60000]        1.0504              69.8700             0.9780              25             
1              [1664/60000]        0.9462              64.3400             1.0397              26             
1              [1728/60000]        1.1445              70.3400             0.9520              27             
1              [1792/60000]        0.9129              70.6100             0.9340              28             
1              [1856/60000]        0.9899              71.4800             0.9230              29             
1              [1920/60000]        0.9734              67.8500             0.9411              30             
1              [1984/60000]        1.0598              68.8300             0.9409              31             
1              [2048/60000]        0.8075              71.2700             0.9064              32             
1              [2112/60000]        0.8996              71.3600             0.8998              33             
1              [2176/60000]        0.8721              70.7800             0.8925              34             
1              [2240/60000]        0.8417              68.4700             0.9083              35             
1              [2304/60000]        1.0089              70.9600             0.8824              36             
1              [2368/60000]        0.8943              70.1100             0.8988              37             
1              [2432/60000]        0.8708              71.4800             0.8731              38             
1              [2496/60000]        0.8720              69.6900             0.8907              39             
1              [2560/60000]        0.7000              70.3300             0.8621              40             
1              [2624/60000]        0.9186              72.1200             0.8622              41             
1              [2688/60000]        0.8125              72.1600             0.8460              42             
1              [2752/60000]        0.7654              72.6100             0.8296              43             
1              [2816/60000]        0.9562              72.7200             0.8278              44             
1              [2880/60000]        0.8971              72.1400             0.8375              45             
1              [2944/60000]        0.9336              72.3400             0.8345              46             
1              [3008/60000]        0.5805              72.3600             0.8248              47             
1              [3072/60000]        0.9058              70.8500             0.8321              48             
1              [3136/60000]        0.7812              71.0400             0.8351              49             
1              [3200/60000]        0.7467              72.4700             0.8120              50             
1              [3264/60000]        0.7403              71.7000             0.8199              51             
1              [3328/60000]        0.9152              70.0500             0.8224              52             
1              [3392/60000]        0.6927              72.0100             0.7996              53             
1              [3456/60000]        0.6140              73.4500             0.7838              54             
1              [3520/60000]        0.8802              71.9900             0.8160              55             
1              [3584/60000]        0.6818              73.7200             0.7765              56             
1              [3648/60000]        0.7742              72.3800             0.7917              57             
1              [3712/60000]        0.8510              72.0000             0.7862              58             
1              [3776/60000]        0.7693              74.3700             0.7670              59             
1              [3840/60000]        0.7635              72.3100             0.7781              60             
1              [3904/60000]        0.7371              73.0000             0.7736              61             
1              [3968/60000]        0.7983              74.0200             0.7685              62             
1              [4032/60000]        0.9165              71.6200             0.7849              63             
1              [4096/60000]        0.7887              74.1600             0.7633              64             
1              [4160/60000]        0.6655              74.1200             0.7551              65             
1              [4224/60000]        0.7652              74.5200             0.7493              66             
1              [4288/60000]        0.6645              73.5900             0.7624              67             
1              [4352/60000]        0.9567              72.8500             0.7587              68             
1              [4416/60000]        0.7448              72.6800             0.7675              69             
1              [4480/60000]        0.6514              71.9800             0.7607              70             
1              [4544/60000]        0.7278              74.5000             0.7424              71             
1              [4608/60000]        0.8313              74.8800             0.7322              72             
1              [4672/60000]        0.9044              75.1900             0.7313              73             
1              [4736/60000]        0.8493              75.8700             0.7174              74             
1              [4800/60000]        0.6961              75.0000             0.7370              75             
1              [4864/60000]        0.6719              74.9200             0.7394              76             
1              [4928/60000]        0.7400              75.4000             0.7188              77             
1              [4992/60000]        0.7809              75.0900             0.7275              78             
1              [5056/60000]        0.6611              74.8500             0.7261              79             
1              [5120/60000]        0.5783              74.3600             0.7244              80             
1              [5184/60000]        0.8079              73.2700             0.7363              81             
1              [5248/60000]        0.7299              74.4300             0.7295              82             
1              [5312/60000]        0.6576              75.5700             0.7165              83             
1              [5376/60000]        0.6441              75.9000             0.7059              84             
1              [5440/60000]        0.6792              75.1900             0.7113              85             
1              [5504/60000]        0.7820              76.1700             0.6967              86             
1              [5568/60000]        0.5704              74.8900             0.7195              87             
1              [5632/60000]        0.7733              75.1800             0.7047              88             
1              [5696/60000]        0.5747              75.3200             0.7019              89             
1              [5760/60000]        0.5345              75.7600             0.7009              90             
1              [5824/60000]        0.7243              75.8100             0.6971              91             
1              [5888/60000]        0.7294              75.8800             0.6981              92             
1              [5952/60000]        0.8785              75.5600             0.7040              93             
1              [6016/60000]        0.8004              76.1600             0.7023              94             
1              [6080/60000]        0.5598              76.5700             0.6851              95             
1              [6144/60000]        0.5754              75.6500             0.7053              96             
1              [6208/60000]        0.8525              75.5400             0.7001              97             
1              [6272/60000]        0.7373              76.2500             0.6878              98             
1              [6336/60000]        0.5820              76.4200             0.6810              99             
1              [6400/60000]        0.6997              76.5000             0.6859              100            
1              [6464/60000]        0.6910              75.4300             0.6970              101            
1              [6528/60000]        0.6421              76.8200             0.6790              102            
1              [6592/60000]        0.6034              77.0400             0.6722              103            
1              [6656/60000]        0.6378              76.3600             0.6856              104            
1              [6720/60000]        0.4908              77.0200             0.6780              105            
1              [6784/60000]        0.6337              77.7400             0.6647              106            
1              [6848/60000]        0.5864              76.9800             0.6814              107            
1              [6912/60000]        0.6688              76.5500             0.6809              108            
1              [6976/60000]        0.5201              76.3300             0.6813              109            
1              [7040/60000]        0.5122              74.8400             0.6958              110            
1              [7104/60000]        0.6916              76.2700             0.6923              111            
1              [7168/60000]        0.6598              76.4100             0.6836              112            
1              [7232/60000]        0.4869              77.0200             0.6667              113            
1              [7296/60000]        0.6695              77.3300             0.6590              114            
1              [7360/60000]        0.6811              76.7300             0.6769              115            
1              [7424/60000]        0.7866              76.9100             0.6702              116            
1              [7488/60000]        0.7472              76.3600             0.6803              117            
1              [7552/60000]        0.8287              77.1200             0.6686              118            
1              [7616/60000]        0.5902              77.5600             0.6528              119            
1              [7680/60000]        0.5483              76.3200             0.6679              120            
1              [7744/60000]        0.6197              76.3500             0.6694              121            
1              [7808/60000]        0.4993              75.3200             0.6923              122            
1              [7872/60000]        0.5309              77.0800             0.6561              123            
1              [7936/60000]        0.7048              76.9800             0.6574              124            
1              [8000/60000]        0.6922              75.4600             0.6803              125            
1              [8064/60000]        0.7419              75.9700             0.6793              126            
1              [8128/60000]        0.7935              76.1400             0.6738              127            
1              [8192/60000]        0.7481              76.6000             0.6698              128            
1              [8256/60000]        0.6467              77.1000             0.6645              129            
1              [8320/60000]        0.6290              76.9300             0.6546              130            
1              [8384/60000]        0.5621              75.0600             0.6918              131            
1              [8448/60000]        0.7140              76.8200             0.6603              132            
1              [8512/60000]        0.7042              75.6500             0.6808              133            
1              [8576/60000]        0.8825              76.5400             0.6627              134            
1              [8640/60000]        0.5473              77.2500             0.6490              135            
1              [8704/60000]        0.6079              77.3000             0.6476              136            
1              [8768/60000]        0.7658              76.9100             0.6541              137            
1              [8832/60000]        0.7331              77.1200             0.6508              138            
1              [8896/60000]        0.7320              76.7400             0.6553              139            
1              [8960/60000]        0.6370              78.1300             0.6384              140            
1              [9024/60000]        0.4816              78.3400             0.6353              141            
1              [9088/60000]        0.5570              77.3400             0.6579              142            
1              [9152/60000]        0.5394              77.5100             0.6351              143            
1              [9216/60000]        0.6330              78.4600             0.6288              144            
1              [9280/60000]        0.4630              77.9400             0.6299              145            
1              [9344/60000]        0.5204              77.5700             0.6356              146            
1              [9408/60000]        0.7652              78.2900             0.6285              147            
1              [9472/60000]        0.6441              75.9600             0.6655              148            
1              [9536/60000]        0.7185              76.2200             0.6590              149            
1              [9600/60000]        0.6752              77.9900             0.6381              150            
1              [9664/60000]        0.6207              77.9900             0.6395              151            
1              [9728/60000]        0.6137              77.7100             0.6384              152            
1              [9792/60000]        0.5521              76.5000             0.6649              153            
1              [9856/60000]        0.5353              77.7400             0.6345              154            
1              [9920/60000]        0.5403              76.0300             0.6643              155            
1              [9984/60000]        0.6659              77.1800             0.6366              156            
1              [10048/60000]       0.5921              78.1200             0.6285              157            
1              [10112/60000]       0.5924              78.1200             0.6267              158            
1              [10176/60000]       0.5051              76.8300             0.6405              159            
1              [10240/60000]       0.7007              76.1400             0.6565              160            
1              [10304/60000]       0.5359              75.7400             0.6594              161            
1              [10368/60000]       0.5670              77.5700             0.6302              162            
1              [10432/60000]       0.6946              75.8600             0.6632              163            
1              [10496/60000]       0.7968              74.5800             0.6728              164            
1              [10560/60000]       0.5137              76.0200             0.6569              165            
1              [10624/60000]       0.4700              76.8700             0.6507              166            
1              [10688/60000]       0.5750              77.5100             0.6338              167            
1              [10752/60000]       0.5927              77.9000             0.6253              168            
1              [10816/60000]       0.5726              77.5500             0.6259              169            
1              [10880/60000]       0.5558              78.0600             0.6219              170            
1              [10944/60000]       0.6767              75.5400             0.6644              171            
1              [11008/60000]       0.9274              77.9000             0.6234              172            
1              [11072/60000]       0.6247              77.9800             0.6234              173            
1              [11136/60000]       0.8268              77.8100             0.6344              174            
1              [11200/60000]       0.7741              77.7100             0.6298              175            
1              [11264/60000]       0.3461              76.6700             0.6477              176            
1              [11328/60000]       0.6664              77.9000             0.6235              177            
1              [11392/60000]       0.6853              78.2200             0.6142              178            
1              [11456/60000]       0.5692              78.9900             0.6098              179            
