Current_Epoch  Batch/Total         CE_Train            Accuracy(%)         CE_TEST             Batch_Number   
0              [0/60000]           --                  9.020               2.3036              0
1              [1024/60000]        2.3031              19.4000             6.3807              1              
1              [2048/60000]        6.1348              26.8400             11.4014             2              
1              [3072/60000]        12.0165             29.8200             16.7664             3              
1              [4096/60000]        16.6145             31.1400             19.7001             4              
1              [5120/60000]        19.3285             36.3900             19.3007             5              
1              [6144/60000]        19.6926             35.8200             17.0105             6              
1              [7168/60000]        16.2642             31.7700             10.3085             7              
1              [8192/60000]        10.2577             36.7300             8.6265              8              
1              [9216/60000]        8.5572              56.5500             5.4328              9              
1              [10240/60000]       5.6840              62.7000             2.1228              10             
1              [11264/60000]       2.1353              80.3700             0.7870              11             
1              [12288/60000]       0.6867              85.6200             0.5406              12             
1              [13312/60000]       0.4716              86.0400             0.5026              13             
1              [14336/60000]       0.5324              87.2800             0.4650              14             
1              [15360/60000]       0.4995              87.0900             0.4503              15             
1              [16384/60000]       0.4757              87.6100             0.4492              16             
1              [17408/60000]       0.4945              86.3500             0.4502              17             
1              [18432/60000]       0.4843              87.9000             0.4326              18             
1              [19456/60000]       0.4426              88.3200             0.3997              19             
1              [20480/60000]       0.4154              88.9000             0.3959              20             
1              [21504/60000]       0.4683              88.7600             0.3840              21             
1              [22528/60000]       0.4084              89.1800             0.3822              22             
1              [23552/60000]       0.4118              88.5500             0.3857              23             
1              [24576/60000]       0.4137              89.6200             0.3640              24             
1              [25600/60000]       0.4366              89.4900             0.3576              25             
1              [26624/60000]       0.3359              90.0800             0.3493              26             
1              [27648/60000]       0.4754              89.9300             0.3431              27             
1              [28672/60000]       0.4047              90.1200             0.3411              28             
1              [29696/60000]       0.3699              89.7100             0.3519              29             
1              [30720/60000]       0.3607              90.0900             0.3425              30             
1              [31744/60000]       0.3625              90.4700             0.3320              31             
1              [32768/60000]       0.3463              89.7900             0.3413              32             
1              [33792/60000]       0.3221              90.5600             0.3267              33             
1              [34816/60000]       0.3549              90.4700             0.3240              34             
1              [35840/60000]       0.4054              90.4100             0.3269              35             
1              [36864/60000]       0.2946              90.9700             0.3125              36             
1              [37888/60000]       0.3856              89.1500             0.3594              37             
1              [38912/60000]       0.3710              84.6700             0.4798              38             
1              [39936/60000]       0.4484              80.4100             0.9005              39             
1              [40960/60000]       0.8760              78.3800             1.0697              40             
1              [41984/60000]       0.9717              80.2600             0.9378              41             
1              [43008/60000]       0.8671              75.5800             0.9064              42             
1              [44032/60000]       0.8922              75.2800             1.2276              43             
1              [45056/60000]       1.1581              77.7100             0.8595              44             
1              [46080/60000]       0.9357              77.9600             0.9334              45             
1              [47104/60000]       0.9694              82.1000             0.6735              46             
1              [48128/60000]       0.6928              82.6800             0.5990              47             
1              [49152/60000]       0.5578              82.9600             0.5871              48             
1              [50176/60000]       0.5635              82.9400             0.8334              49             
1              [51200/60000]       0.8338              84.2600             0.5701              50             
1              [52224/60000]       0.5802              85.2800             0.5309              51             
1              [53248/60000]       0.5666              85.2600             0.4886              52             
1              [54272/60000]       0.4692              86.1700             0.4862              53             
1              [55296/60000]       0.4666              88.6900             0.3764              54             
1              [56320/60000]       0.4657              90.7800             0.3175              55             
1              [57344/60000]       0.3231              91.7800             0.2816              56             
1              [58368/60000]       0.2714              92.7000             0.2538              57             
1              [59392/60000]       0.2510              92.9100             0.2429              58             
1              [35872/60000]       0.3626              92.7200             0.2526              59             
2              [1024/60000]        0.2558              92.9700             0.2420              60             
2              [2048/60000]        0.2456              93.0600             0.2388              61             
2              [3072/60000]        0.2644              91.6500             0.2795              62             
2              [4096/60000]        0.3079              87.5100             0.4232              63             
2              [5120/60000]        0.3731              83.8900             0.5170              64             
2              [6144/60000]        0.5398              82.9500             1.2250              65             
2              [7168/60000]        1.2374              88.4700             0.3988              66             
2              [8192/60000]        0.3829              88.0000             0.4215              67             
2              [9216/60000]        0.4381              86.3900             0.4631              68             
2              [10240/60000]       0.4934              87.5200             0.4719              69             
2              [11264/60000]       0.4969              90.5600             0.3221              70             
2              [12288/60000]       0.2831              91.7200             0.2707              71             
2              [13312/60000]       0.2531              92.6400             0.2488              72             
2              [14336/60000]       0.3087              92.1900             0.2616              73             
2              [15360/60000]       0.3082              93.4000             0.2302              74             
2              [16384/60000]       0.2083              92.5100             0.2559              75             
2              [17408/60000]       0.2533              91.6500             0.2731              76             
2              [18432/60000]       0.2617              91.2200             0.3030              77             
2              [19456/60000]       0.3625              90.8700             0.2912              78             
2              [20480/60000]       0.3259              87.0100             0.4493              79             
2              [21504/60000]       0.4704              84.4200             0.5875              80             
2              [22528/60000]       0.5614              86.8200             0.5051              81             
2              [23552/60000]       0.5146              90.9900             0.2954              82             
2              [24576/60000]       0.3289              92.6800             0.2499              83             
2              [25600/60000]       0.2534              93.7800             0.2164              84             
2              [26624/60000]       0.1883              94.4200             0.1913              85             
2              [27648/60000]       0.2208              94.4600             0.1944              86             
2              [28672/60000]       0.2107              94.7400             0.1846              87             
2              [29696/60000]       0.2129              94.5500             0.1881              88             
2              [30720/60000]       0.1888              94.6000             0.1936              89             
2              [31744/60000]       0.2029              94.4100             0.1868              90             
2              [32768/60000]       0.2284              94.3700             0.1965              91             
2              [33792/60000]       0.1956              92.9500             0.2199              92             
2              [34816/60000]       0.2033              91.6900             0.2601              93             
2              [35840/60000]       0.2699              88.8000             0.3327              94             
2              [36864/60000]       0.3201              88.1300             0.3550              95             
2              [37888/60000]       0.3572              90.6900             0.2857              96             
2              [38912/60000]       0.2962              93.0200             0.2291              97             
2              [39936/60000]       0.2376              94.0700             0.1950              98             
2              [40960/60000]       0.2132              94.7500             0.1829              99             
2              [41984/60000]       0.1967              94.4300             0.1809              100            
2              [43008/60000]       0.1908              95.0500             0.1738              101            
2              [44032/60000]       0.2127              94.7500             0.1759              102            
2              [45056/60000]       0.2133              94.3700             0.1941              103            
2              [46080/60000]       0.1830              94.1000             0.2024              104            
2              [47104/60000]       0.2358              90.6700             0.3064              105            
2              [48128/60000]       0.2911              89.9500             0.3260              106            
2              [49152/60000]       0.2464              90.4500             0.3168              107            
2              [50176/60000]       0.3139              93.7000             0.2101              108            
2              [51200/60000]       0.2296              94.3900             0.1912              109            
2              [52224/60000]       0.2018              95.3800             0.1605              110            
2              [53248/60000]       0.1905              95.1500             0.1664              111            
2              [54272/60000]       0.1668              95.1900             0.1661              112            
2              [55296/60000]       0.1545              95.2500             0.1654              113            
2              [56320/60000]       0.1484              94.8300             0.1741              114            
2              [57344/60000]       0.1787              95.0300             0.1652              115            
2              [58368/60000]       0.1583              95.1200             0.1644              116            
2              [59392/60000]       0.1684              95.1800             0.1633              117            
2              [35872/60000]       0.1991              95.0300             0.1686              118            
3              [1024/60000]        0.2099              94.8300             0.1726              119            
3              [2048/60000]        0.1519              95.8300             0.1460              120            
3              [3072/60000]        0.1364              95.7000             0.1477              121            
3              [4096/60000]        0.1377              96.0600             0.1437              122            
3              [5120/60000]        0.1598              95.7500             0.1450              123            
3              [6144/60000]        0.1308              95.6400             0.1506              124            
3              [7168/60000]        0.1698              95.6800             0.1497              125            
3              [8192/60000]        0.1511              95.6100             0.1491              126            
3              [9216/60000]        0.1537              95.6300             0.1565              127            
3              [10240/60000]       0.1532              95.8000             0.1512              128            
3              [11264/60000]       0.1670              95.5800             0.1546              129            
3              [12288/60000]       0.1450              95.7800             0.1442              130            
3              [13312/60000]       0.1324              96.0000             0.1442              131            
3              [14336/60000]       0.1361              96.0400             0.1386              132            
3              [15360/60000]       0.1558              96.0200             0.1365              133            
3              [16384/60000]       0.1331              95.9700             0.1380              134            
3              [17408/60000]       0.1726              95.7800             0.1442              135            
3              [18432/60000]       0.1258              95.8800             0.1405              136            
3              [19456/60000]       0.1079              96.0200             0.1363              137            
3              [20480/60000]       0.1382              96.2200             0.1338              138            
3              [21504/60000]       0.1109              96.0700             0.1334              139            
3              [22528/60000]       0.1327              95.3900             0.1517              140            
3              [23552/60000]       0.1661              93.8100             0.1943              141            
3              [24576/60000]       0.1836              92.1200             0.2467              142            
3              [25600/60000]       0.2521              90.4200             0.2751              143            
3              [26624/60000]       0.3078              88.2100             0.3887              144            
3              [27648/60000]       0.3697              89.0900             0.3362              145            
3              [28672/60000]       0.3486              91.0700             0.2956              146            
3              [29696/60000]       0.2833              95.1100             0.1605              147            
3              [30720/60000]       0.1953              95.9100             0.1396              148            
3              [31744/60000]       0.1245              95.9400             0.1350              149            
3              [32768/60000]       0.1306              96.1400             0.1298              150            
3              [33792/60000]       0.1441              96.3200             0.1253              151            
3              [34816/60000]       0.1384              96.2300             0.1301              152            
3              [35840/60000]       0.1343              96.3200             0.1249              153            
3              [36864/60000]       0.1316              96.3300             0.1239              154            
3              [37888/60000]       0.1141              96.5100             0.1253              155            
3              [38912/60000]       0.1095              96.6000             0.1214              156            
3              [39936/60000]       0.1414              96.0100             0.1337              157            
3              [40960/60000]       0.1371              96.4400             0.1223              158            
3              [41984/60000]       0.1415              96.3700             0.1232              159            
3              [43008/60000]       0.1526              96.5200             0.1228              160            
3              [44032/60000]       0.1313              96.6500             0.1145              161            
3              [45056/60000]       0.1205              96.6700             0.1158              162            
3              [46080/60000]       0.1320              96.5600             0.1223              163            
3              [47104/60000]       0.0967              96.6200             0.1158              164            
3              [48128/60000]       0.1149              96.5700             0.1177              165            
3              [49152/60000]       0.1155              96.4300             0.1193              166            
3              [50176/60000]       0.1179              96.0400             0.1290              167            
3              [51200/60000]       0.1286              95.5000             0.1458              168            
3              [52224/60000]       0.1158              95.8600             0.1380              169            
3              [53248/60000]       0.1309              95.7200             0.1384              170            
3              [54272/60000]       0.1309              95.3700             0.1511              171            
3              [55296/60000]       0.1391              95.7000             0.1470              172            
3              [56320/60000]       0.1800              94.9100             0.1586              173            
3              [57344/60000]       0.1631              95.5300             0.1492              174            
3              [58368/60000]       0.1493              95.3500             0.1496              175            
3              [59392/60000]       0.1297              96.4500             0.1202              176            
3              [35872/60000]       0.1561              94.6600             0.1631              177            
4              [1024/60000]        0.1738              92.4700             0.2376              178            
4              [2048/60000]        0.2247              92.7000             0.2167              179            
4              [3072/60000]        0.2299              90.4100             0.3566              180            
4              [4096/60000]        0.4280              90.1400             0.3087              181            
4              [5120/60000]        0.2404              94.9300             0.1662              182            
4              [6144/60000]        0.2260              93.5000             0.1979              183            
4              [7168/60000]        0.2168              90.1800             0.3434              184            
4              [8192/60000]        0.2889              91.2200             0.2802              185            
4              [9216/60000]        0.3063              93.3800             0.2249              186            
4              [10240/60000]       0.2099              92.6200             0.2299              187            
4              [11264/60000]       0.2327              92.5300             0.2474              188            
4              [12288/60000]       0.2656              90.3800             0.3110              189            
4              [13312/60000]       0.2831              92.7900             0.2449              190            
4              [14336/60000]       0.2925              95.3700             0.1456              191            
4              [15360/60000]       0.1619              96.4200             0.1198              192            
4              [16384/60000]       0.1102              96.7700             0.1075              193            
4              [17408/60000]       0.1116              96.7900             0.1069              194            
4              [18432/60000]       0.0946              96.7300             0.1090              195            
4              [19456/60000]       0.0922              96.7800             0.1047              196            
4              [20480/60000]       0.0839              96.7000             0.1062              197            
4              [21504/60000]       0.1424              96.8400             0.1036              198            
4              [22528/60000]       0.1090              96.8000             0.1059              199            
4              [23552/60000]       0.1102              96.8900             0.1032              200            
4              [24576/60000]       0.0770              96.9800             0.1006              201            
4              [25600/60000]       0.0950              96.8200             0.1057              202            
4              [26624/60000]       0.1122              96.8000             0.1049              203            
4              [27648/60000]       0.0862              97.0300             0.1012              204            
4              [28672/60000]       0.0883              96.9500             0.0992              205            
4              [29696/60000]       0.0891              96.9000             0.0988              206            
4              [30720/60000]       0.0982              96.9500             0.0989              207            
4              [31744/60000]       0.0839              96.9900             0.1016              208            
4              [32768/60000]       0.0817              96.8100             0.1019              209            
4              [33792/60000]       0.1119              97.0000             0.1018              210            
4              [34816/60000]       0.0770              96.9700             0.0981              211            
4              [35840/60000]       0.1066              97.2600             0.0962              212            
4              [36864/60000]       0.0796              97.0000             0.0970              213            
4              [37888/60000]       0.1055              97.1800             0.0960              214            
4              [38912/60000]       0.1087              97.0600             0.0945              215            
4              [39936/60000]       0.1142              97.0200             0.0960              216            
4              [40960/60000]       0.0892              97.0000             0.0950              217            
4              [41984/60000]       0.0841              97.0700             0.0937              218            
4              [43008/60000]       0.0883              97.1400             0.0945              219            
4              [44032/60000]       0.1096              97.0500             0.0985              220            
4              [45056/60000]       0.1101              96.8700             0.0999              221            
4              [46080/60000]       0.1081              97.0100             0.1014              222            
4              [47104/60000]       0.0921              97.1400             0.0940              223            
4              [48128/60000]       0.0928              97.2500             0.0926              224            
4              [49152/60000]       0.0831              97.1100             0.0910              225            
4              [50176/60000]       0.1045              97.2300             0.0894              226            
4              [51200/60000]       0.0915              97.3200             0.0891              227            
4              [52224/60000]       0.0941              97.4300             0.0871              228            
4              [53248/60000]       0.0731              97.4000             0.0860              229            
4              [54272/60000]       0.0930              97.2800             0.0880              230            
4              [55296/60000]       0.0875              97.1700             0.0931              231            
4              [56320/60000]       0.0968              96.9900             0.0942              232            
4              [57344/60000]       0.1029              96.5000             0.1098              233            
4              [58368/60000]       0.1070              96.2500             0.1182              234            
4              [59392/60000]       0.0935              94.4700             0.1679              235            
4              [35872/60000]       0.2208              90.8800             0.2632              236            
5              [1024/60000]        0.2143              87.3200             0.7837              237            
5              [2048/60000]        0.7567              87.3200             0.4095              238            
5              [3072/60000]        0.3967              89.0600             0.4886              239            
5              [4096/60000]        0.5007              92.6600             0.2246              240            
5              [5120/60000]        0.2198              93.7100             0.2034              241            
5              [6144/60000]        0.1500              96.7000             0.1056              242            
5              [7168/60000]        0.1022              97.1100             0.0947              243            
5              [8192/60000]        0.0895              97.0900             0.0974              244            
5              [9216/60000]        0.0803              97.2800             0.0902              245            
5              [10240/60000]       0.0721              97.2000             0.0910              246            
5              [11264/60000]       0.0852              97.0100             0.0932              247            
5              [12288/60000]       0.0803              97.2000             0.0905              248            
5              [13312/60000]       0.0876              97.2700             0.0882              249            
5              [14336/60000]       0.0783              97.2400             0.0890              250            
5              [15360/60000]       0.0571              97.2600             0.0893              251            
5              [16384/60000]       0.0956              97.0500             0.0930              252            
5              [17408/60000]       0.1027              97.2800             0.0888              253            
5              [18432/60000]       0.0806              97.2200             0.0899              254            
5              [19456/60000]       0.1002              97.1800             0.0952              255            
5              [20480/60000]       0.0925              97.0200             0.0944              256            
5              [21504/60000]       0.0853              97.3700             0.0875              257            
5              [22528/60000]       0.0849              97.2900             0.0885              258            
5              [23552/60000]       0.0745              97.1800             0.0888              259            
5              [24576/60000]       0.0869              97.1500             0.0884              260            
5              [25600/60000]       0.0933              97.2600             0.0872              261            
5              [26624/60000]       0.0815              97.2600             0.0870              262            
5              [27648/60000]       0.0744              97.4200             0.0876              263            
5              [28672/60000]       0.1022              97.1300             0.0882              264            
5              [29696/60000]       0.0751              97.3600             0.0839              265            
5              [30720/60000]       0.0854              97.5400             0.0830              266            
5              [31744/60000]       0.1353              97.1500             0.0941              267            
5              [32768/60000]       0.0947              96.9200             0.0971              268            
5              [33792/60000]       0.1025              97.3300             0.0886              269            
5              [34816/60000]       0.1136              96.6200             0.1109              270            
5              [35840/60000]       0.1185              96.8300             0.1059              271            
5              [36864/60000]       0.1169              95.7200             0.1376              272            
5              [37888/60000]       0.1232              95.0300             0.1623              273            
5              [38912/60000]       0.1748              95.1600             0.1587              274            
5              [39936/60000]       0.1618              95.6000             0.1430              275            
5              [40960/60000]       0.1203              95.6700             0.1381              276            
5              [41984/60000]       0.1220              96.6000             0.1042              277            
5              [43008/60000]       0.1070              97.0100             0.0930              278            
5              [44032/60000]       0.1016              96.9300             0.0941              279            
5              [45056/60000]       0.0734              97.3400             0.0847              280            
5              [46080/60000]       0.0878              97.4300             0.0849              281            
5              [47104/60000]       0.0853              97.1000             0.0899              282            
5              [48128/60000]       0.0743              97.4100             0.0834              283            
5              [49152/60000]       0.0733              97.3900             0.0840              284            
5              [50176/60000]       0.0476              97.5900             0.0799              285            
5              [51200/60000]       0.0498              97.4800             0.0781              286            
5              [52224/60000]       0.0701              97.4600             0.0794              287            
5              [53248/60000]       0.0683              97.4000             0.0830              288            
5              [54272/60000]       0.0819              97.0400             0.0898              289            
5              [55296/60000]       0.0784              97.4700             0.0797              290            
5              [56320/60000]       0.0690              97.6200             0.0798              291            
5              [57344/60000]       0.0806              97.6000             0.0780              292            
5              [58368/60000]       0.0988              97.4900             0.0801              293            
5              [59392/60000]       0.0931              97.6200             0.0773              294            
5              [35872/60000]       0.0562              97.4400             0.0814              295            
6              [1024/60000]        0.0824              97.4800             0.0795              296            
6              [2048/60000]        0.0940              97.1900             0.0889              297            
6              [3072/60000]        0.1076              97.0000             0.0931              298            
6              [4096/60000]        0.0752              97.0200             0.0909              299            
6              [5120/60000]        0.0814              97.2200             0.0880              300            
6              [6144/60000]        0.0892              97.4300             0.0843              301            
6              [7168/60000]        0.0795              97.3300             0.0882              302            
6              [8192/60000]        0.0563              97.5900             0.0830              303            
6              [9216/60000]        0.0588              97.5200             0.0798              304            
6              [10240/60000]       0.0657              97.4400             0.0810              305            
6              [11264/60000]       0.0845              97.4800             0.0811              306            
6              [12288/60000]       0.0717              97.6400             0.0788              307            
6              [13312/60000]       0.0650              97.5100             0.0806              308            
6              [14336/60000]       0.0584              97.5100             0.0766              309            
6              [15360/60000]       0.0746              97.5500             0.0777              310            
6              [16384/60000]       0.0803              97.7000             0.0787              311            
6              [17408/60000]       0.0446              97.6200             0.0739              312            
6              [18432/60000]       0.0442              97.6800             0.0746              313            
6              [19456/60000]       0.0677              97.4400             0.0800              314            
6              [20480/60000]       0.0656              97.6900             0.0750              315            
6              [21504/60000]       0.0718              97.6700             0.0770              316            
6              [22528/60000]       0.0634              97.6400             0.0768              317            
6              [23552/60000]       0.0629              97.7300             0.0737              318            
6              [24576/60000]       0.0579              97.5600             0.0764              319            
6              [25600/60000]       0.0597              97.7700             0.0755              320            
6              [26624/60000]       0.0653              97.4700             0.0776              321            
6              [27648/60000]       0.0458              97.7100             0.0707              322            
6              [28672/60000]       0.0658              97.6400             0.0747              323            
6              [29696/60000]       0.0755              97.5400             0.0801              324            
6              [30720/60000]       0.0796              97.8500             0.0701              325            
6              [31744/60000]       0.0650              97.2300             0.0839              326            
6              [32768/60000]       0.0631              97.7700             0.0691              327            
6              [33792/60000]       0.0398              97.7500             0.0699              328            
6              [34816/60000]       0.0759              97.7700             0.0712              329            
6              [35840/60000]       0.0739              97.9700             0.0684              330            
6              [36864/60000]       0.0645              97.7200             0.0720              331            
6              [37888/60000]       0.0721              97.9400             0.0682              332            
6              [38912/60000]       0.0731              97.7000             0.0745              333            
6              [39936/60000]       0.0688              97.5300             0.0788              334            
6              [40960/60000]       0.0645              97.6100             0.0753              335            
6              [41984/60000]       0.0812              97.5200             0.0778              336            
6              [43008/60000]       0.0675              97.6500             0.0731              337            
6              [44032/60000]       0.0779              97.8000             0.0675              338            
6              [45056/60000]       0.0544              97.7200             0.0690              339            
6              [46080/60000]       0.0687              97.5600             0.0744              340            
6              [47104/60000]       0.0632              97.6700             0.0737              341            
6              [48128/60000]       0.0406              97.7900             0.0693              342            
6              [49152/60000]       0.0775              97.6300             0.0719              343            
6              [50176/60000]       0.0683              97.8000             0.0671              344            
6              [51200/60000]       0.0568              97.0900             0.0874              345            
6              [52224/60000]       0.1030              95.8200             0.1198              346            
6              [53248/60000]       0.1063              95.6500             0.1429              347            
6              [54272/60000]       0.1202              92.8700             0.2174              348            
6              [55296/60000]       0.1875              89.3700             0.3293              349            
6              [56320/60000]       0.3492              79.7600             1.0655              350            
6              [57344/60000]       1.0760              76.8700             1.2086              351            
6              [58368/60000]       1.2383              77.1200             0.9994              352            
6              [59392/60000]       0.8856              67.1500             3.0386              353            
6              [35872/60000]       3.1449              78.3700             2.2126              354            
7              [1024/60000]        2.1644              76.2200             1.9669              355            
7              [2048/60000]        2.1111              84.8700             0.8410              356            
7              [3072/60000]        0.7712              95.0100             0.1723              357            
7              [4096/60000]        0.1663              96.3700             0.1188              358            
7              [5120/60000]        0.1402              96.7200             0.1046              359            
7              [6144/60000]        0.1076              96.8300             0.1003              360            
7              [7168/60000]        0.0925              96.8500             0.1015              361            
7              [8192/60000]        0.0578              96.9600             0.0967              362            
7              [9216/60000]        0.0766              97.0600             0.0929              363            
7              [10240/60000]       0.0901              97.0600             0.0916              364            
7              [11264/60000]       0.0850              97.1500             0.0912              365            
7              [12288/60000]       0.0696              97.1000             0.0897              366            
7              [13312/60000]       0.0498              97.1900             0.0901              367            
7              [14336/60000]       0.0901              97.3500             0.0865              368            
7              [15360/60000]       0.0684              97.3600             0.0849              369            
7              [16384/60000]       0.0803              97.3500             0.0863              370            
7              [17408/60000]       0.0942              97.3300             0.0842              371            
7              [18432/60000]       0.0763              97.4500             0.0838              372            
7              [19456/60000]       0.0540              97.3500             0.0827              373            
7              [20480/60000]       0.0640              97.4800             0.0821              374            
7              [21504/60000]       0.0630              97.4300             0.0807              375            
7              [22528/60000]       0.0753              97.3800             0.0823              376            
7              [23552/60000]       0.0688              97.5200             0.0821              377            
7              [24576/60000]       0.0842              97.5300             0.0801              378            
7              [25600/60000]       0.0676              97.4200             0.0833              379            
7              [26624/60000]       0.0769              97.5000             0.0780              380            
7              [27648/60000]       0.0847              97.4000             0.0818              381            
7              [28672/60000]       0.0721              97.5600             0.0773              382            
7              [29696/60000]       0.0627              97.5900             0.0767              383            
7              [30720/60000]       0.0658              97.5100             0.0765              384            
7              [31744/60000]       0.0638              97.6000             0.0758              385            
7              [32768/60000]       0.0635              97.6000             0.0753              386            
7              [33792/60000]       0.0436              97.6300             0.0739              387            
7              [34816/60000]       0.0583              97.6300             0.0740              388            
7              [35840/60000]       0.1214              97.5700             0.0758              389            
7              [36864/60000]       0.0734              97.7200             0.0723              390            
7              [37888/60000]       0.0719              97.5700             0.0771              391            
7              [38912/60000]       0.0736              97.6200             0.0752              392            
7              [39936/60000]       0.0561              97.7400             0.0723              393            
7              [40960/60000]       0.0707              97.7300             0.0730              394            
7              [41984/60000]       0.0596              97.6600             0.0737              395            
7              [43008/60000]       0.0710              97.6600             0.0725              396            
7              [44032/60000]       0.0590              97.6300             0.0735              397            
7              [45056/60000]       0.0607              97.7600             0.0735              398            
7              [46080/60000]       0.0750              97.4300             0.0770              399            
7              [47104/60000]       0.0793              97.5700             0.0770              400            
7              [48128/60000]       0.0531              97.7100             0.0709              401            
7              [49152/60000]       0.0655              97.6300             0.0761              402            
7              [50176/60000]       0.0791              97.5500             0.0785              403            
7              [51200/60000]       0.0686              97.6300             0.0733              404            
7              [52224/60000]       0.0687              97.6900             0.0704              405            
7              [53248/60000]       0.0668              97.7100             0.0727              406            
7              [54272/60000]       0.0811              97.6700             0.0736              407            
7              [55296/60000]       0.0456              97.7600             0.0717              408            
7              [56320/60000]       0.0758              97.7300             0.0691              409            
7              [57344/60000]       0.0630              97.8100             0.0683              410            
7              [58368/60000]       0.0819              97.6600             0.0718              411            
7              [59392/60000]       0.0521              97.7300             0.0708              412            
7              [35872/60000]       0.0921              97.6300             0.0749              413            
8              [1024/60000]        0.0587              97.8200             0.0678              414            
8              [2048/60000]        0.0661              97.8500             0.0682              415            
8              [3072/60000]        0.0481              97.7500             0.0683              416            
8              [4096/60000]        0.0685              97.8200             0.0671              417            
8              [5120/60000]        0.0735              97.6800             0.0703              418            
8              [6144/60000]        0.0536              97.7500             0.0700              419            
8              [7168/60000]        0.0542              97.6200             0.0703              420            
8              [8192/60000]        0.0647              97.8400             0.0676              421            
8              [9216/60000]        0.0518              97.9700             0.0647              422            
8              [10240/60000]       0.0364              97.9400             0.0645              423            
8              [11264/60000]       0.0488              97.7200             0.0669              424            
8              [12288/60000]       0.0384              97.9100             0.0634              425            
8              [13312/60000]       0.0676              97.8000             0.0661              426            
8              [14336/60000]       0.0544              97.7500             0.0666              427            
8              [15360/60000]       0.0851              97.7400             0.0706              428            
8              [16384/60000]       0.0677              97.9200             0.0656              429            
8              [17408/60000]       0.0534              97.9000             0.0668              430            
8              [18432/60000]       0.0591              97.7200             0.0710              431            
8              [19456/60000]       0.0694              97.7900             0.0722              432            
8              [20480/60000]       0.0622              97.7400             0.0674              433            
8              [21504/60000]       0.0523              97.8700             0.0694              434            
8              [22528/60000]       0.0679              97.6100             0.0703              435            
8              [23552/60000]       0.0554              97.8200             0.0655              436            
8              [24576/60000]       0.0604              97.6900             0.0689              437            
8              [25600/60000]       0.0521              97.9300             0.0644              438            
8              [26624/60000]       0.0558              97.7100             0.0672              439            
8              [27648/60000]       0.0581              97.6400             0.0722              440            
8              [28672/60000]       0.0550              97.7400             0.0695              441            
8              [29696/60000]       0.0519              98.0200             0.0640              442            
8              [30720/60000]       0.0554              97.8400             0.0665              443            
8              [31744/60000]       0.0476              97.8200             0.0681              444            
8              [32768/60000]       0.0440              97.8300             0.0671              445            
8              [33792/60000]       0.0711              97.1800             0.0938              446            
8              [34816/60000]       0.0748              97.1600             0.0916              447            
8              [35840/60000]       0.0755              97.6400             0.0757              448            
8              [36864/60000]       0.0598              97.5600             0.0748              449            
8              [37888/60000]       0.0725              97.4400             0.0799              450            
8              [38912/60000]       0.0616              97.5100             0.0819              451            
8              [39936/60000]       0.0605              97.4200             0.0808              452            
8              [40960/60000]       0.0572              97.9300             0.0647              453            
8              [41984/60000]       0.0702              97.8300             0.0643              454            
8              [43008/60000]       0.0607              97.7400             0.0708              455            
8              [44032/60000]       0.0735              97.7300             0.0691              456            
8              [45056/60000]       0.0711              97.7400             0.0720              457            
8              [46080/60000]       0.0751              97.6000             0.0740              458            
8              [47104/60000]       0.0579              97.8300             0.0674              459            
8              [48128/60000]       0.0537              97.9900             0.0633              460            
8              [49152/60000]       0.0532              97.8100             0.0637              461            
8              [50176/60000]       0.0569              97.9600             0.0613              462            
8              [51200/60000]       0.0636              97.7400             0.0700              463            
8              [52224/60000]       0.0497              98.0300             0.0617              464            
8              [53248/60000]       0.0392              97.9400             0.0628              465            
8              [54272/60000]       0.0460              97.9800             0.0624              466            
8              [55296/60000]       0.0498              97.9700             0.0645              467            
8              [56320/60000]       0.0484              98.0400             0.0610              468            
8              [57344/60000]       0.0601              97.8600             0.0659              469            
8              [58368/60000]       0.0629              97.8100             0.0666              470            
8              [59392/60000]       0.0677              97.6200             0.0726              471            
8              [35872/60000]       0.0430              97.6400             0.0761              472            
9              [1024/60000]        0.0726              97.7500             0.0681              473            
9              [2048/60000]        0.0450              97.7200             0.0714              474            
9              [3072/60000]        0.0598              97.8000             0.0676              475            
9              [4096/60000]        0.0349              98.0300             0.0619              476            
9              [5120/60000]        0.0474              97.9400             0.0626              477            
9              [6144/60000]        0.0484              97.8800             0.0641              478            
9              [7168/60000]        0.0517              98.0400             0.0616              479            
9              [8192/60000]        0.0607              97.8700             0.0637              480            
9              [9216/60000]        0.0457              98.1500             0.0602              481            
9              [10240/60000]       0.0540              97.8500             0.0673              482            
9              [11264/60000]       0.0417              98.1300             0.0593              483            
9              [12288/60000]       0.0433              98.0200             0.0646              484            
9              [13312/60000]       0.0460              98.0500             0.0604              485            
9              [14336/60000]       0.0426              98.0500             0.0619              486            
9              [15360/60000]       0.0381              97.8600             0.0674              487            
9              [16384/60000]       0.0583              97.8800             0.0666              488            
9              [17408/60000]       0.0589              97.8000             0.0701              489            
9              [18432/60000]       0.0514              97.3400             0.0805              490            
9              [19456/60000]       0.0670              97.3200             0.0833              491            
9              [20480/60000]       0.0845              96.9200             0.0969              492            
9              [21504/60000]       0.0914              95.2900             0.1384              493            
9              [22528/60000]       0.1154              91.3000             0.3405              494            
9              [23552/60000]       0.3053              84.3900             0.6700              495            
9              [24576/60000]       0.6690              84.7300             1.7825              496            
9              [25600/60000]       1.6952              93.3500             0.2391              497            
9              [26624/60000]       0.2875              88.0700             0.4079              498            
9              [27648/60000]       0.4334              88.3400             0.5233              499            
9              [28672/60000]       0.6174              91.0400             0.3140              500            
9              [29696/60000]       0.3116              91.8000             0.3602              501            
9              [30720/60000]       0.3195              96.0800             0.1350              502            
9              [31744/60000]       0.1323              97.4600             0.0854              503            
9              [32768/60000]       0.0906              97.4300             0.0834              504            
9              [33792/60000]       0.0559              97.4800             0.0782              505            
9              [34816/60000]       0.0674              97.6300             0.0765              506            
9              [35840/60000]       0.0626              97.6000             0.0775              507            
9              [36864/60000]       0.0688              97.6300             0.0763              508            
9              [37888/60000]       0.0522              97.8300             0.0715              509            
9              [38912/60000]       0.0517              97.7300             0.0719              510            
9              [39936/60000]       0.0628              97.7800             0.0694              511            
9              [40960/60000]       0.0560              97.7200             0.0710              512            
9              [41984/60000]       0.0807              97.8400             0.0687              513            
9              [43008/60000]       0.0493              97.7800             0.0716              514            
9              [44032/60000]       0.0435              97.9000             0.0683              515            
9              [45056/60000]       0.0776              97.6300             0.0727              516            
9              [46080/60000]       0.0702              97.9500             0.0654              517            
9              [47104/60000]       0.0324              97.9300             0.0635              518            
9              [48128/60000]       0.0751              97.9600             0.0663              519            
9              [49152/60000]       0.0441              97.8500             0.0676              520            
9              [50176/60000]       0.0371              97.9600             0.0641              521            
9              [51200/60000]       0.0688              97.7300             0.0672              522            
9              [52224/60000]       0.0495              97.8900             0.0626              523            
9              [53248/60000]       0.0693              98.0600             0.0634              524            
9              [54272/60000]       0.0632              97.8400             0.0651              525            
9              [55296/60000]       0.0600              97.8700             0.0686              526            
9              [56320/60000]       0.0646              98.0200             0.0619              527            
9              [57344/60000]       0.0362              98.0000             0.0644              528            
9              [58368/60000]       0.0459              98.0100             0.0630              529            
9              [59392/60000]       0.0458              97.9800             0.0618              530            
9              [35872/60000]       0.0480              98.0300             0.0622              531            
10             [1024/60000]        0.0304              98.0700             0.0601              532            
10             [2048/60000]        0.0314              98.1300             0.0624              533            
10             [3072/60000]        0.0474              98.0700             0.0605              534            
10             [4096/60000]        0.0442              98.0600             0.0609              535            
10             [5120/60000]        0.0646              98.0100             0.0638              536            
10             [6144/60000]        0.0563              97.8400             0.0703              537            
10             [7168/60000]        0.0531              97.9900             0.0662              538            
10             [8192/60000]        0.0458              97.9800             0.0639              539            
10             [9216/60000]        0.0310              98.0900             0.0611              540            
10             [10240/60000]       0.0581              97.6400             0.0723              541            
10             [11264/60000]       0.0584              97.8300             0.0670              542            
10             [12288/60000]       0.0401              97.9700             0.0614              543            
10             [13312/60000]       0.0363              98.0300             0.0624              544            
10             [14336/60000]       0.0383              97.8900             0.0673              545            
10             [15360/60000]       0.0498              97.8900             0.0649              546            
10             [16384/60000]       0.0534              97.9800             0.0629              547            
10             [17408/60000]       0.0602              97.6600             0.0742              548            
10             [18432/60000]       0.0411              98.0200             0.0618              549            
10             [19456/60000]       0.0394              98.1400             0.0597              550            
10             [20480/60000]       0.0605              98.1600             0.0606              551            
10             [21504/60000]       0.0435              98.0700             0.0622              552            
10             [22528/60000]       0.0428              98.1000             0.0621              553            
10             [23552/60000]       0.0346              98.0900             0.0628              554            
10             [24576/60000]       0.0328              98.0600             0.0607              555            
10             [25600/60000]       0.0575              98.1500             0.0576              556            
10             [26624/60000]       0.0323              98.1900             0.0585              557            
10             [27648/60000]       0.0563              97.8400             0.0661              558            
10             [28672/60000]       0.0364              98.0400             0.0622              559            
