Current_Epoch  Batch/Total         CE_Train            Accuracy(%)         CE_TEST             Batch_Number   
0              [0/60000]           --                  9.020               2.5072              0
1              [60000/60000]       2.5058              37.1700             1.8201              1              
2              [60000/60000]       1.8135              55.1400             1.4465              2              
3              [60000/60000]       1.4397              52.1600             1.2797              3              
4              [60000/60000]       1.2692              59.3200             1.2274              4              
5              [60000/60000]       1.2171              57.5500             1.1911              5              
6              [60000/60000]       1.1807              59.8300             1.1725              6              
7              [60000/60000]       1.1615              60.5400             1.1703              7              
8              [60000/60000]       1.1568              64.6100             1.0219              8              
9              [60000/60000]       1.0103              63.7100             1.0581              9              
10             [60000/60000]       1.0415              67.4500             0.9834              10             
11             [60000/60000]       0.9703              66.6000             1.0182              11             
12             [60000/60000]       0.9980              69.8800             0.9800              12             
13             [60000/60000]       0.9662              68.6600             0.9465              13             
14             [60000/60000]       0.9245              70.3500             0.9558              14             
15             [60000/60000]       0.9416              69.1000             0.9653              15             
16             [60000/60000]       0.9400              72.0500             0.9235              16             
17             [60000/60000]       0.9087              70.4000             0.8920              17             
18             [60000/60000]       0.8671              72.1500             0.8823              18             
19             [60000/60000]       0.8673              70.4000             0.9094              19             
20             [60000/60000]       0.8822              73.2800             0.8820              20             
21             [60000/60000]       0.8665              71.4200             0.8423              21             
22             [60000/60000]       0.8162              73.5500             0.8400              22             
23             [60000/60000]       0.8240              71.3300             0.8615              23             
24             [60000/60000]       0.8332              74.3000             0.8494              24             
25             [60000/60000]       0.8330              72.2300             0.8042              25             
26             [60000/60000]       0.7770              74.4400             0.8095              26             
27             [60000/60000]       0.7926              71.8500             0.8227              27             
28             [60000/60000]       0.7934              74.9200             0.8252              28             
29             [60000/60000]       0.8080              72.8700             0.7763              29             
30             [60000/60000]       0.7481              75.1300             0.7883              30             
31             [60000/60000]       0.7706              72.5400             0.7936              31             
32             [60000/60000]       0.7635              75.5000             0.8069              32             
33             [60000/60000]       0.7890              73.3600             0.7563              33             
34             [60000/60000]       0.7271              75.6900             0.7735              34             
35             [60000/60000]       0.7552              73.0400             0.7720              35             
36             [60000/60000]       0.7411              75.8400             0.7923              36             
37             [60000/60000]       0.7738              73.8500             0.7417              37             
38             [60000/60000]       0.7116              76.1200             0.7624              38             
39             [60000/60000]       0.7436              73.4400             0.7549              39             
40             [60000/60000]       0.7234              76.2400             0.7792              40             
41             [60000/60000]       0.7602              74.1000             0.7303              41             
42             [60000/60000]       0.6994              76.4500             0.7532              42             
43             [60000/60000]       0.7339              73.7500             0.7409              43             
44             [60000/60000]       0.7087              76.4700             0.7671              44             
45             [60000/60000]       0.7475              74.3700             0.7218              45             
46             [60000/60000]       0.6900              76.6900             0.7460              46             
47             [60000/60000]       0.7260              74.1800             0.7300              47             
48             [60000/60000]       0.6972              76.7100             0.7564              48             
49             [60000/60000]       0.7362              74.5200             0.7166              49             
50             [60000/60000]       0.6839              76.9200             0.7408              50             
51             [60000/60000]       0.7202              74.4300             0.7224              51             
52             [60000/60000]       0.6889              77.0000             0.7474              52             
53             [60000/60000]       0.7266              74.7200             0.7140              53             
54             [60000/60000]       0.6804              77.1700             0.7370              54             
55             [60000/60000]       0.7157              74.6000             0.7174              55             
56             [60000/60000]       0.6831              77.1700             0.7399              56             
57             [60000/60000]       0.7183              74.8100             0.7126              57             
58             [60000/60000]       0.6780              77.3000             0.7332              58             
59             [60000/60000]       0.7112              74.9000             0.7135              59             
60             [60000/60000]       0.6783              77.4200             0.7332              60             
61             [60000/60000]       0.7108              74.9800             0.7104              61             
62             [60000/60000]       0.6749              77.5100             0.7287              62             
63             [60000/60000]       0.7059              75.1600             0.7094              63             
64             [60000/60000]       0.6735              77.5500             0.7269              64             
65             [60000/60000]       0.7037              75.3200             0.7068              65             
66             [60000/60000]       0.6705              77.6900             0.7234              66             
67             [60000/60000]       0.6998              75.4300             0.7048              67             
68             [60000/60000]       0.6681              77.8100             0.7210              68             
69             [60000/60000]       0.6970              75.5400             0.7024              69             
70             [60000/60000]       0.6654              77.8600             0.7182              70             
71             [60000/60000]       0.6938              75.6200             0.7002              71             
72             [60000/60000]       0.6629              77.9600             0.7159              72             
73             [60000/60000]       0.6911              75.7100             0.6982              73             
74             [60000/60000]       0.6605              78.0600             0.7136              74             
75             [60000/60000]       0.6885              75.8100             0.6965              75             
76             [60000/60000]       0.6584              78.1700             0.7116              76             
77             [60000/60000]       0.6861              75.9300             0.6951              77             
78             [60000/60000]       0.6566              78.2400             0.7098              78             
79             [60000/60000]       0.6840              76.0200             0.6940              79             
80             [60000/60000]       0.6552              78.2800             0.7082              80             
81             [60000/60000]       0.6820              76.0800             0.6933              81             
82             [60000/60000]       0.6542              78.4000             0.7068              82             
83             [60000/60000]       0.6802              76.1500             0.6929              83             
84             [60000/60000]       0.6534              78.4300             0.7055              84             
85             [60000/60000]       0.6786              76.2200             0.6928              85             
86             [60000/60000]       0.6529              78.4300             0.7043              86             
87             [60000/60000]       0.6771              76.2500             0.6929              87             
88             [60000/60000]       0.6526              78.4500             0.7032              88             
89             [60000/60000]       0.6757              76.3400             0.6930              89             
90             [60000/60000]       0.6523              78.5000             0.7022              90             
91             [60000/60000]       0.6743              76.4200             0.6931              91             
92             [60000/60000]       0.6521              78.5000             0.7012              92             
93             [60000/60000]       0.6730              76.4600             0.6931              93             
94             [60000/60000]       0.6518              78.6000             0.7002              94             
95             [60000/60000]       0.6717              76.5000             0.6930              95             
96             [60000/60000]       0.6513              78.6600             0.6993              96             
97             [60000/60000]       0.6704              76.5600             0.6927              97             
98             [60000/60000]       0.6508              78.7000             0.6984              98             
99             [60000/60000]       0.6692              76.5500             0.6924              99             
100            [60000/60000]       0.6501              78.7000             0.6976              100            
101            [60000/60000]       0.6680              76.6400             0.6919              101            
102            [60000/60000]       0.6494              78.7600             0.6968              102            
103            [60000/60000]       0.6670              76.7000             0.6914              103            
104            [60000/60000]       0.6486              78.8100             0.6961              104            
105            [60000/60000]       0.6660              76.7200             0.6908              105            
106            [60000/60000]       0.6477              78.8200             0.6956              106            
107            [60000/60000]       0.6652              76.7200             0.6901              107            
108            [60000/60000]       0.6468              78.9100             0.6952              108            
109            [60000/60000]       0.6645              76.7400             0.6893              109            
110            [60000/60000]       0.6457              78.8800             0.6950              110            
111            [60000/60000]       0.6641              76.7900             0.6882              111            
112            [60000/60000]       0.6443              78.9700             0.6951              112            
113            [60000/60000]       0.6640              76.8700             0.6861              113            
114            [60000/60000]       0.6419              79.0100             0.6958              114            
115            [60000/60000]       0.6647              76.9900             0.6817              115            
116            [60000/60000]       0.6374              79.0300             0.6979              116            
117            [60000/60000]       0.6668              77.0000             0.6717              117            
118            [60000/60000]       0.6276              79.1900             0.7023              118            
119            [60000/60000]       0.6716              77.1800             0.6521              119            
