Current_Epoch  Batch/Total         CE_Train            Accuracy(%)         CE_TEST             Batch_Number   
0              [0/50000]           --                  9.020               4.6042              0
1              [64/50000]          4.6028              2.4300              5.7326              1              
1              [128/50000]         5.8167              1.8400              5.6440              2              
1              [192/50000]         5.2858              1.3700              5.6472              3              
1              [256/50000]         5.4120              2.4300              4.9875              4              
1              [320/50000]         5.1295              2.8300              5.0115              5              
1              [384/50000]         4.8936              3.0500              4.6889              6              
1              [448/50000]         4.7534              2.1400              4.7920              7              
1              [512/50000]         4.5739              2.5900              4.7161              8              
1              [576/50000]         4.5505              3.6600              4.6094              9              
1              [640/50000]         4.5127              2.9700              4.7257              10             
1              [704/50000]         4.7071              3.5900              4.5135              11             
1              [768/50000]         4.4623              4.5200              4.4724              12             
1              [832/50000]         4.4574              3.8200              4.4749              13             
1              [896/50000]         4.4669              3.0800              4.4779              14             
1              [960/50000]         4.5433              4.5300              4.4205              15             
1              [1024/50000]        4.5188              3.3500              4.4391              16             
1              [1088/50000]        4.5556              3.7800              4.4087              17             
1              [1152/50000]        4.5030              4.7400              4.3767              18             
1              [1216/50000]        4.3074              4.4800              4.3716              19             
1              [1280/50000]        4.2842              3.9200              4.4503              20             
1              [1344/50000]        4.4540              4.1800              4.4296              21             
1              [1408/50000]        4.3549              3.7100              4.3892              22             
1              [1472/50000]        4.4560              5.0300              4.3337              23             
1              [1536/50000]        4.3693              4.6400              4.3460              24             
1              [1600/50000]        4.4342              6.5500              4.2982              25             
1              [1664/50000]        4.4097              4.3900              4.3214              26             
1              [1728/50000]        4.2470              6.7400              4.2926              27             
1              [1792/50000]        4.0882              6.0800              4.2799              28             
1              [1856/50000]        4.3709              5.3700              4.2519              29             
1              [1920/50000]        4.1117              5.8600              4.2858              30             
1              [1984/50000]        4.0861              5.0700              4.3528              31             
1              [2048/50000]        4.3972              6.6000              4.2807              32             
1              [2112/50000]        4.4480              6.6300              4.2251              33             
1              [2176/50000]        4.0874              6.4600              4.2345              34             
1              [2240/50000]        4.1542              6.9400              4.2307              35             
1              [2304/50000]        4.2019              6.0800              4.2961              36             
1              [2368/50000]        4.1781              5.9800              4.3064              37             
1              [2432/50000]        4.6147              5.9600              4.2343              38             
1              [2496/50000]        4.2881              7.1400              4.1974              39             
1              [2560/50000]        4.2911              7.1200              4.1898              40             
1              [2624/50000]        4.0873              6.5000              4.2165              41             
1              [2688/50000]        4.0946              6.4000              4.2281              42             
1              [2752/50000]        4.1604              5.9100              4.2234              43             
1              [2816/50000]        4.0317              7.8500              4.1645              44             
1              [2880/50000]        4.0236              6.4500              4.2106              45             
1              [2944/50000]        4.0906              8.3300              4.1528              46             
1              [3008/50000]        4.1725              6.8700              4.1570              47             
1              [3072/50000]        3.9916              6.8400              4.1819              48             
1              [3136/50000]        4.2622              8.3300              4.1447              49             
1              [3200/50000]        4.1429              8.1600              4.1081              50             
1              [3264/50000]        3.9138              8.1700              4.1243              51             
1              [3328/50000]        4.2035              7.5900              4.1139              52             
1              [3392/50000]        4.1454              7.7400              4.1712              53             
1              [3456/50000]        4.1087              8.8300              4.1032              54             
1              [3520/50000]        3.9834              7.7600              4.1075              55             
1              [3584/50000]        4.2532              7.5600              4.1290              56             
1              [3648/50000]        4.2807              7.9100              4.0961              57             
1              [3712/50000]        4.0302              8.0200              4.0833              58             
1              [3776/50000]        4.1761              8.1800              4.0877              59             
1              [3840/50000]        4.2711              8.5300              4.0906              60             
1              [3904/50000]        4.0564              8.3500              4.0576              61             
1              [3968/50000]        3.9453              6.0100              4.2542              62             
1              [4032/50000]        4.1957              8.6300              4.0955              63             
1              [4096/50000]        4.1401              8.8100              4.0624              64             
1              [4160/50000]        3.8437              7.4000              4.1370              65             
1              [4224/50000]        4.1986              9.2800              4.0403              66             
1              [4288/50000]        4.1096              9.2000              4.0157              67             
1              [4352/50000]        4.0393              9.0300              4.0100              68             
1              [4416/50000]        3.7779              9.3800              4.0446              69             
1              [4480/50000]        3.7861              8.2000              4.1339              70             
1              [4544/50000]        4.0180              7.5700              4.1215              71             
1              [4608/50000]        4.2525              9.0200              4.0620              72             
1              [4672/50000]        4.1037              8.2700              4.0502              73             
1              [4736/50000]        4.1305              9.4800              4.0259              74             
1              [4800/50000]        3.9885              9.5500              4.0232              75             
1              [4864/50000]        3.9054              8.2500              4.0221              76             
1              [4928/50000]        3.9484              9.5900              3.9946              77             
1              [4992/50000]        3.8053              9.9500              4.0198              78             
1              [5056/50000]        3.7073              8.6600              4.1037              79             
1              [5120/50000]        4.0789              9.0700              4.0343              80             
1              [5184/50000]        4.0486              10.2300             3.9922              81             
1              [5248/50000]        3.8030              8.3100              4.0787              82             
1              [5312/50000]        3.9550              8.1400              4.0523              83             
1              [5376/50000]        4.4506              10.7800             3.9470              84             
1              [5440/50000]        3.7416              7.7300              4.0840              85             
1              [5504/50000]        3.6914              9.2000              4.0355              86             
1              [5568/50000]        4.0854              9.9500              3.9890              87             
1              [5632/50000]        3.9269              9.0000              4.0835              88             
1              [5696/50000]        4.2173              10.6600             3.9465              89             
1              [5760/50000]        4.0092              10.0600             3.9781              90             
1              [5824/50000]        4.2942              7.7100              4.0376              91             
1              [5888/50000]        4.1036              10.3700             3.9713              92             
1              [5952/50000]        3.7873              10.6300             3.9601              93             
1              [6016/50000]        3.9557              9.6900              3.9682              94             
1              [6080/50000]        4.0883              10.2100             3.9707              95             
1              [6144/50000]        3.8930              11.1900             3.9228              96             
1              [6208/50000]        3.6724              11.3800             3.9306              97             
1              [6272/50000]        3.9062              10.3500             3.9668              98             
1              [6336/50000]        3.9095              11.5200             3.9331              99             
1              [6400/50000]        4.0233              12.1000             3.8947              100            
1              [6464/50000]        4.0693              9.1400              3.9934              101            
1              [6528/50000]        3.9062              9.9800              3.9544              102            
1              [6592/50000]        4.1634              11.2800             3.9197              103            
1              [6656/50000]        3.7786              10.3800             3.9673              104            
1              [6720/50000]        3.7507              11.6300             3.9165              105            
1              [6784/50000]        3.7036              12.3800             3.8819              106            
1              [6848/50000]        3.9462              10.9600             3.9230              107            
1              [6912/50000]        3.8590              10.6000             3.9473              108            
1              [6976/50000]        4.2400              11.4200             3.8921              109            
1              [7040/50000]        3.9001              9.3500              3.9529              110            
1              [7104/50000]        3.9136              10.4300             3.9207              111            
1              [7168/50000]        3.9674              11.3000             3.9001              112            
1              [7232/50000]        3.5910              10.1900             3.9009              113            
1              [7296/50000]        3.6029              9.7100              3.9675              114            
1              [7360/50000]        4.0639              11.2300             3.9093              115            
1              [7424/50000]        3.9731              12.2000             3.8660              116            
1              [7488/50000]        4.1838              11.4700             3.8818              117            
1              [7552/50000]        3.9771              12.7700             3.8368              118            
1              [7616/50000]        3.7739              11.2100             3.8997              119            
1              [7680/50000]        4.1269              12.7300             3.8933              120            
1              [7744/50000]        3.7009              11.7200             3.9032              121            
1              [7808/50000]        3.7923              12.0400             3.8523              122            
1              [7872/50000]        3.9337              10.1200             3.9510              123            
1              [7936/50000]        4.0960              11.6100             3.8559              124            
1              [8000/50000]        3.9274              11.5400             3.8684              125            
1              [8064/50000]        3.8512              9.7300              3.9070              126            
1              [8128/50000]        3.6323              10.7200             3.9034              127            
1              [8192/50000]        3.6093              11.0900             3.9074              128            
1              [8256/50000]        3.9685              10.8000             3.8832              129            
1              [8320/50000]        4.0696              12.2000             3.8318              130            
1              [8384/50000]        3.8698              11.9100             3.8566              131            
1              [8448/50000]        3.5889              10.5100             3.8846              132            
1              [8512/50000]        4.1687              11.2600             3.8739              133            
1              [8576/50000]        3.8526              11.9300             3.8313              134            
1              [8640/50000]        3.5542              11.6400             3.8466              135            
1              [8704/50000]        3.5363              11.5700             3.8827              136            
1              [8768/50000]        3.8877              12.5200             3.8228              137            
1              [8832/50000]        4.0181              11.6000             3.8521              138            
1              [8896/50000]        4.0060              10.5800             3.8707              139            
1              [8960/50000]        3.8318              12.3300             3.8195              140            
1              [9024/50000]        3.9234              12.4000             3.8257              141            
1              [9088/50000]        3.9508              11.8700             3.8723              142            
1              [9152/50000]        3.8129              12.5900             3.8341              143            
1              [9216/50000]        3.8922              11.6200             3.8756              144            
1              [9280/50000]        3.8911              11.2600             3.8616              145            
1              [9344/50000]        3.7468              11.7200             3.8478              146            
1              [9408/50000]        4.1026              12.2800             3.8483              147            
1              [9472/50000]        3.7920              10.4500             3.8659              148            
1              [9536/50000]        3.9549              12.7500             3.8269              149            
1              [9600/50000]        3.7766              13.0700             3.8159              150            
1              [9664/50000]        3.9998              12.9300             3.8104              151            
1              [9728/50000]        3.8393              11.7500             3.8550              152            
1              [9792/50000]        3.8998              12.6200             3.7898              153            
1              [9856/50000]        3.5465              11.8200             3.8298              154            
1              [9920/50000]        3.9741              12.1000             3.8563              155            
1              [9984/50000]        3.7942              13.1100             3.7720              156            
1              [10048/50000]       3.8292              13.0000             3.7619              157            
1              [10112/50000]       3.7961              13.9900             3.7565              158            
1              [10176/50000]       3.5675              10.8700             3.9008              159            
1              [10240/50000]       4.0731              14.7100             3.7553              160            
1              [10304/50000]       3.6950              13.3900             3.7574              161            
1              [10368/50000]       3.8568              13.7700             3.7778              162            
1              [10432/50000]       3.7253              12.6100             3.8141              163            
1              [10496/50000]       3.9159              12.9100             3.8043              164            
1              [10560/50000]       3.4372              12.6500             3.7981              165            
1              [10624/50000]       3.6149              13.4900             3.8319              166            
1              [10688/50000]       3.6906              13.3200             3.8264              167            
1              [10752/50000]       3.9791              13.1900             3.8017              168            
1              [10816/50000]       3.7186              12.7200             3.8031              169            
1              [10880/50000]       3.9490              12.8900             3.8371              170            
1              [10944/50000]       3.8878              13.4300             3.7718              171            
1              [11008/50000]       4.0954              14.3900             3.7531              172            
1              [11072/50000]       3.8471              12.0800             3.7969              173            
1              [11136/50000]       3.6101              13.0100             3.8000              174            
1              [11200/50000]       3.3990              11.3700             3.8858              175            
1              [11264/50000]       3.9639              11.5300             3.8138              176            
1              [11328/50000]       3.8230              13.0000             3.7498              177            
1              [11392/50000]       3.3847              13.6400             3.7670              178            
1              [11456/50000]       3.6381              14.1900             3.7480              179            
