Current_Epoch  Batch/Total         CE_Train            Accuracy(%)         CE_TEST             Batch_Number   
0              [0/60000]           --                  9.020               2.3127              0
1              [64/60000]          2.3145              14.7600             8.5643              1              
1              [128/60000]         7.3320              23.0200             8.2578              2              
1              [192/60000]         8.5881              12.1400             10.5193             3              
1              [256/60000]         11.3038             38.8700             6.8202              4              
1              [320/60000]         7.2110              28.2800             6.4630              5              
1              [384/60000]         7.7757              29.4100             5.6670              6              
1              [448/60000]         4.3549              38.4700             5.2850              7              
1              [512/60000]         6.2702              51.6300             3.2981              8              
1              [576/60000]         4.3122              36.3500             3.4527              9              
1              [640/60000]         3.6431              60.0500             2.2594              10             
1              [704/60000]         1.5386              68.4300             1.4721              11             
1              [768/60000]         1.9567              70.1200             1.0338              12             
1              [832/60000]         0.9681              72.5700             0.8344              13             
1              [896/60000]         0.7606              72.8100             0.7652              14             
1              [960/60000]         0.7069              79.1000             0.6541              15             
1              [1024/60000]        0.6559              80.8300             0.5769              16             
1              [1088/60000]        0.6372              81.0500             0.5804              17             
1              [1152/60000]        0.4796              83.5900             0.5167              18             
1              [1216/60000]        0.4085              85.7900             0.4594              19             
1              [1280/60000]        0.3124              79.7700             0.5766              20             
1              [1344/60000]        0.5986              85.1100             0.4624              21             
1              [1408/60000]        0.5178              81.3600             0.5554              22             
1              [1472/60000]        0.5496              85.4700             0.4741              23             
1              [1536/60000]        0.7148              85.3100             0.4745              24             
1              [1600/60000]        0.4667              80.3000             0.5684              25             
1              [1664/60000]        0.6782              80.4800             0.5789              26             
1              [1728/60000]        0.6349              86.0800             0.4351              27             
1              [1792/60000]        0.6407              77.8200             0.6824              28             
1              [1856/60000]        0.8273              84.4900             0.4711              29             
1              [1920/60000]        0.5603              84.8700             0.4583              30             
1              [1984/60000]        0.5660              83.1200             0.5358              31             
1              [2048/60000]        0.2826              83.5100             0.4961              32             
1              [2112/60000]        0.5157              77.4500             0.6235              33             
1              [2176/60000]        0.7021              80.0100             0.6155              34             
1              [2240/60000]        0.4289              82.7100             0.5345              35             
1              [2304/60000]        0.6495              81.6700             0.5322              36             
1              [2368/60000]        0.3238              87.8200             0.4002              37             
1              [2432/60000]        0.3761              86.9400             0.4072              38             
1              [2496/60000]        0.4731              87.0700             0.4110              39             
1              [2560/60000]        0.4781              87.2200             0.4059              40             
1              [2624/60000]        0.4168              87.1000             0.4080              41             
1              [2688/60000]        0.3242              89.2700             0.3610              42             
1              [2752/60000]        0.3461              87.3700             0.4082              43             
1              [2816/60000]        0.3266              85.2400             0.4689              44             
1              [2880/60000]        0.4667              88.1800             0.3768              45             
1              [2944/60000]        0.6854              87.0200             0.4246              46             
1              [3008/60000]        0.5154              86.6100             0.4301              47             
1              [3072/60000]        0.4681              85.4200             0.4528              48             
1              [3136/60000]        0.3492              88.7500             0.3800              49             
1              [3200/60000]        0.1641              89.9000             0.3367              50             
1              [3264/60000]        0.4444              89.4300             0.3623              51             
1              [3328/60000]        0.2717              89.7500             0.3413              52             
1              [3392/60000]        0.3402              84.5200             0.4886              53             
1              [3456/60000]        0.5847              82.1100             0.5315              54             
1              [3520/60000]        0.6671              80.1900             0.6981              55             
1              [3584/60000]        0.8195              80.4700             0.6483              56             
1              [3648/60000]        0.6683              69.6200             0.9300              57             
1              [3712/60000]        0.6486              83.2900             0.5467              58             
1              [3776/60000]        0.5592              84.7100             0.4721              59             
1              [3840/60000]        0.4628              88.6400             0.3495              60             
1              [3904/60000]        0.4810              80.3200             0.6417              61             
1              [3968/60000]        1.0048              77.5700             1.0345              62             
1              [4032/60000]        1.0529              89.0500             0.3590              63             
1              [4096/60000]        0.4994              88.7800             0.3623              64             
1              [4160/60000]        0.3226              90.0500             0.3258              65             
1              [4224/60000]        0.2738              86.1000             0.4069              66             
1              [4288/60000]        0.4423              83.6800             0.5002              67             
1              [4352/60000]        0.4031              87.4800             0.4138              68             
1              [4416/60000]        0.5663              87.2200             0.4265              69             
1              [4480/60000]        0.3829              87.3600             0.3992              70             
1              [4544/60000]        0.5339              85.5400             0.4664              71             
1              [4608/60000]        0.6616              82.7400             0.5310              72             
1              [4672/60000]        0.6913              80.4200             0.6280              73             
1              [4736/60000]        0.3568              87.8600             0.4097              74             
1              [4800/60000]        0.3251              90.5000             0.3153              75             
1              [4864/60000]        0.2157              90.0300             0.3380              76             
1              [4928/60000]        0.4099              89.4500             0.3572              77             
1              [4992/60000]        0.5364              89.2100             0.3492              78             
1              [5056/60000]        0.3984              89.0800             0.3482              79             
1              [5120/60000]        0.4693              90.6500             0.3086              80             
1              [5184/60000]        0.2436              90.5800             0.3061              81             
1              [5248/60000]        0.4605              90.0700             0.3222              82             
1              [5312/60000]        0.2389              91.3600             0.2922              83             
1              [5376/60000]        0.4954              88.3400             0.3737              84             
1              [5440/60000]        0.3250              90.4400             0.3158              85             
1              [5504/60000]        0.2180              90.4800             0.3093              86             
1              [5568/60000]        0.4035              88.4300             0.3716              87             
1              [5632/60000]        0.3134              91.2300             0.2944              88             
1              [5696/60000]        0.2239              91.3000             0.2835              89             
1              [5760/60000]        0.1893              88.1600             0.3878              90             
1              [5824/60000]        0.3045              91.4600             0.2769              91             
1              [5888/60000]        0.3932              89.2800             0.3216              92             
1              [5952/60000]        0.3510              88.5000             0.3667              93             
1              [6016/60000]        0.4818              89.5000             0.3466              94             
1              [6080/60000]        0.3993              91.8900             0.2659              95             
1              [6144/60000]        0.1729              91.5700             0.2804              96             
1              [6208/60000]        0.1641              91.7600             0.2672              97             
1              [6272/60000]        0.2009              89.9500             0.3185              98             
1              [6336/60000]        0.3136              91.1600             0.2966              99             
1              [6400/60000]        0.1422              91.7900             0.2691              100            
1              [6464/60000]        0.3745              90.0300             0.2978              101            
1              [6528/60000]        0.4152              92.5800             0.2538              102            
1              [6592/60000]        0.3422              89.8700             0.3281              103            
1              [6656/60000]        0.2724              91.3000             0.2900              104            
1              [6720/60000]        0.3227              90.1600             0.3195              105            
1              [6784/60000]        0.4109              84.8400             0.4312              106            
1              [6848/60000]        0.6478              83.4100             0.4659              107            
1              [6912/60000]        0.2022              85.8100             0.4014              108            
1              [6976/60000]        0.4083              91.2000             0.2853              109            
1              [7040/60000]        0.2782              90.3400             0.3053              110            
1              [7104/60000]        0.3206              91.6000             0.2728              111            
1              [7168/60000]        0.2349              92.1700             0.2551              112            
1              [7232/60000]        0.1818              89.7600             0.3213              113            
1              [7296/60000]        0.3123              91.9600             0.2619              114            
1              [7360/60000]        0.1870              91.8400             0.2704              115            
1              [7424/60000]        0.2354              91.8500             0.2657              116            
1              [7488/60000]        0.2396              88.8800             0.3451              117            
1              [7552/60000]        0.4127              83.5000             0.4769              118            
1              [7616/60000]        0.5568              85.8300             0.5105              119            
1              [7680/60000]        0.6224              87.7400             0.3691              120            
1              [7744/60000]        0.3649              90.6400             0.2993              121            
1              [7808/60000]        0.2559              90.9600             0.2839              122            
1              [7872/60000]        0.4643              89.6200             0.3165              123            
1              [7936/60000]        0.4753              90.1700             0.3085              124            
1              [8000/60000]        0.3758              90.9900             0.2956              125            
1              [8064/60000]        0.3843              92.4800             0.2533              126            
1              [8128/60000]        0.1789              91.9300             0.2549              127            
1              [8192/60000]        0.2608              92.4700             0.2492              128            
1              [8256/60000]        0.1846              91.5400             0.2723              129            
1              [8320/60000]        0.5415              92.2400             0.2647              130            
1              [8384/60000]        0.2656              92.9700             0.2336              131            
1              [8448/60000]        0.2965              91.1700             0.2791              132            
1              [8512/60000]        0.2390              92.0900             0.2587              133            
1              [8576/60000]        0.3363              92.0600             0.2663              134            
1              [8640/60000]        0.3545              92.0200             0.2607              135            
1              [8704/60000]        0.1900              92.5100             0.2450              136            
1              [8768/60000]        0.2397              92.1200             0.2537              137            
1              [8832/60000]        0.1212              92.9600             0.2352              138            
1              [8896/60000]        0.2192              93.3900             0.2159              139            
1              [8960/60000]        0.5258              90.7300             0.2967              140            
1              [9024/60000]        0.2758              91.7200             0.2600              141            
1              [9088/60000]        0.2049              92.8200             0.2461              142            
1              [9152/60000]        0.2249              93.8900             0.2188              143            
1              [9216/60000]        0.2067              91.2300             0.2745              144            
1              [9280/60000]        0.2535              92.4500             0.2481              145            
1              [9344/60000]        0.1636              93.4700             0.2255              146            
1              [9408/60000]        0.1938              91.3900             0.2795              147            
1              [9472/60000]        0.2139              91.9500             0.2607              148            
1              [9536/60000]        0.3605              88.2900             0.3644              149            
1              [9600/60000]        0.5554              83.7200             0.5002              150            
1              [9664/60000]        0.4979              90.6100             0.2875              151            
1              [9728/60000]        0.3090              93.1700             0.2302              152            
1              [9792/60000]        0.1900              93.6600             0.2150              153            
1              [9856/60000]        0.4012              92.0000             0.2561              154            
1              [9920/60000]        0.3119              91.5900             0.2543              155            
1              [9984/60000]        0.3358              93.7600             0.2098              156            
1              [10048/60000]       0.2776              92.2700             0.2459              157            
1              [10112/60000]       0.1510              92.7800             0.2300              158            
1              [10176/60000]       0.2773              93.3000             0.2171              159            
1              [10240/60000]       0.1431              93.8000             0.2082              160            
1              [10304/60000]       0.2919              92.4300             0.2496              161            
1              [10368/60000]       0.2831              92.6800             0.2348              162            
1              [10432/60000]       0.2296              92.6800             0.2362              163            
1              [10496/60000]       0.3543              92.8600             0.2358              164            
1              [10560/60000]       0.2184              93.3800             0.2244              165            
1              [10624/60000]       0.2369              93.8900             0.2077              166            
1              [10688/60000]       0.3552              89.9200             0.3177              167            
1              [10752/60000]       0.4467              92.3000             0.2627              168            
1              [10816/60000]       0.2703              93.4000             0.2248              169            
1              [10880/60000]       0.2259              93.7600             0.2120              170            
1              [10944/60000]       0.1138              93.7400             0.2146              171            
1              [11008/60000]       0.1525              94.1700             0.1972              172            
1              [11072/60000]       0.1651              94.1000             0.1941              173            
1              [11136/60000]       0.1395              93.8100             0.2128              174            
1              [11200/60000]       0.0586              93.7600             0.2099              175            
1              [11264/60000]       0.1548              94.0200             0.2029              176            
1              [11328/60000]       0.2244              93.2700             0.2208              177            
1              [11392/60000]       0.1758              92.9800             0.2365              178            
1              [11456/60000]       0.1125              93.9900             0.2047              179            
1              [11520/60000]       0.1872              92.7300             0.2428              180            
1              [11584/60000]       0.1905              93.2100             0.2284              181            
1              [11648/60000]       0.2715              94.0300             0.2031              182            
1              [11712/60000]       0.1561              93.6300             0.2160              183            
1              [11776/60000]       0.1726              93.9900             0.2022              184            
1              [11840/60000]       0.1456              93.5700             0.2193              185            
1              [11904/60000]       0.1230              93.3400             0.2213              186            
1              [11968/60000]       0.1753              93.7300             0.2098              187            
1              [12032/60000]       0.2803              93.0500             0.2240              188            
1              [12096/60000]       0.1918              93.9100             0.2061              189            
1              [12160/60000]       0.1317              92.9500             0.2318              190            
1              [12224/60000]       0.4308              92.3500             0.2494              191            
1              [12288/60000]       0.4056              90.6400             0.2893              192            
1              [12352/60000]       0.3971              93.5300             0.2056              193            
1              [12416/60000]       0.1758              94.1500             0.1966              194            
1              [12480/60000]       0.3668              94.0100             0.1948              195            
1              [12544/60000]       0.1828              94.3100             0.1929              196            
1              [12608/60000]       0.2151              94.2800             0.2045              197            
1              [12672/60000]       0.1512              93.7600             0.2164              198            
1              [12736/60000]       0.2356              93.2900             0.2239              199            
1              [12800/60000]       0.3174              92.8400             0.2234              200            
1              [12864/60000]       0.2334              92.7900             0.2393              201            
1              [12928/60000]       0.1483              94.6000             0.1811              202            
1              [12992/60000]       0.3083              93.0800             0.2138              203            
1              [13056/60000]       0.0885              94.2400             0.1846              204            
1              [13120/60000]       0.2308              94.4400             0.1954              205            
1              [13184/60000]       0.2064              93.1900             0.2142              206            
1              [13248/60000]       0.3406              94.2200             0.1889              207            
1              [13312/60000]       0.2576              92.5500             0.2522              208            
1              [13376/60000]       0.2217              93.9400             0.2043              209            
1              [13440/60000]       0.2521              92.4800             0.2353              210            
1              [13504/60000]       0.2185              93.5300             0.2036              211            
1              [13568/60000]       0.2471              94.0600             0.1968              212            
1              [13632/60000]       0.2792              92.3900             0.2367              213            
1              [13696/60000]       0.2822              94.8700             0.1752              214            
1              [13760/60000]       0.0804              94.1900             0.1933              215            
1              [13824/60000]       0.2360              93.6700             0.2109              216            
1              [13888/60000]       0.2266              93.5500             0.2066              217            
1              [13952/60000]       0.3248              93.9000             0.2124              218            
1              [14016/60000]       0.2128              92.9300             0.2250              219            
1              [14080/60000]       0.3585              94.3900             0.1910              220            
1              [14144/60000]       0.1413              91.8500             0.2501              221            
1              [14208/60000]       0.2060              93.9200             0.1988              222            
1              [14272/60000]       0.2146              93.9800             0.2071              223            
1              [14336/60000]       0.2326              93.6800             0.2084              224            
1              [14400/60000]       0.1940              94.9100             0.1871              225            
1              [14464/60000]       0.1765              93.0700             0.2256              226            
1              [14528/60000]       0.1546              94.2000             0.1968              227            
1              [14592/60000]       0.0556              94.2400             0.1975              228            
1              [14656/60000]       0.0646              94.7300             0.1865              229            
1              [14720/60000]       0.1788              94.6500             0.1848              230            
1              [14784/60000]       0.1429              92.1600             0.2608              231            
1              [14848/60000]       0.1959              94.6400             0.1918              232            
1              [14912/60000]       0.0813              94.0700             0.1980              233            
1              [14976/60000]       0.2113              93.0200             0.2284              234            
1              [15040/60000]       0.4797              94.1200             0.1940              235            
1              [15104/60000]       0.1051              94.1400             0.1979              236            
1              [15168/60000]       0.1854              94.1200             0.1983              237            
1              [15232/60000]       0.0671              95.0800             0.1632              238            
1              [15296/60000]       0.4280              93.7300             0.2103              239            
1              [15360/60000]       0.0619              94.5000             0.1882              240            
1              [15424/60000]       0.2757              90.8700             0.2851              241            
1              [15488/60000]       0.3699              92.8200             0.2329              242            
1              [15552/60000]       0.2364              93.7500             0.2051              243            
1              [15616/60000]       0.2129              93.4900             0.2144              244            
1              [15680/60000]       0.2199              93.4200             0.2175              245            
1              [15744/60000]       0.2100              93.8500             0.2028              246            
1              [15808/60000]       0.4262              85.7000             0.4361              247            
1              [15872/60000]       0.4076              92.8400             0.2347              248            
1              [15936/60000]       0.3146              94.1100             0.1980              249            
1              [16000/60000]       0.1122              92.9000             0.2266              250            
1              [16064/60000]       0.1880              95.1300             0.1692              251            
1              [16128/60000]       0.2342              93.8300             0.2092              252            
1              [16192/60000]       0.2205              95.2400             0.1641              253            
1              [16256/60000]       0.1377              95.5900             0.1575              254            
1              [16320/60000]       0.0436              95.5400             0.1572              255            
1              [16384/60000]       0.3193              93.6600             0.2010              256            
1              [16448/60000]       0.2312              94.5500             0.1841              257            
1              [16512/60000]       0.1744              95.3000             0.1630              258            
1              [16576/60000]       0.1741              93.1400             0.2205              259            
1              [16640/60000]       0.1690              95.3700             0.1645              260            
1              [16704/60000]       0.2629              94.6000             0.1860              261            
1              [16768/60000]       0.1110              95.1800             0.1598              262            
1              [16832/60000]       0.1225              94.0300             0.1888              263            
1              [16896/60000]       0.1392              94.4700             0.1802              264            
1              [16960/60000]       0.0833              95.6500             0.1487              265            
1              [17024/60000]       0.1095              93.9200             0.1980              266            
1              [17088/60000]       0.0340              94.7400             0.1772              267            
1              [17152/60000]       0.0609              94.8900             0.1696              268            
1              [17216/60000]       0.2274              95.1300             0.1643              269            
1              [17280/60000]       0.1716              94.6200             0.1778              270            
1              [17344/60000]       0.2020              94.7300             0.1801              271            
1              [17408/60000]       0.1830              95.1900             0.1679              272            
1              [17472/60000]       0.1474              93.6400             0.2067              273            
1              [17536/60000]       0.3122              93.7400             0.2126              274            
1              [17600/60000]       0.3026              94.9800             0.1732              275            
1              [17664/60000]       0.3369              94.7800             0.1723              276            
1              [17728/60000]       0.0666              95.2300             0.1636              277            
1              [17792/60000]       0.2603              95.2700             0.1568              278            
1              [17856/60000]       0.0767              96.0200             0.1395              279            
1              [17920/60000]       0.1492              94.7100             0.1709              280            
1              [17984/60000]       0.2933              93.0900             0.2190              281            
1              [18048/60000]       0.1358              95.4800             0.1534              282            
1              [18112/60000]       0.1782              93.3000             0.2287              283            
1              [18176/60000]       0.3643              95.1400             0.1602              284            
1              [18240/60000]       0.1468              95.5800             0.1475              285            
1              [18304/60000]       0.0927              95.6200             0.1423              286            
1              [18368/60000]       0.2274              94.0100             0.1881              287            
1              [18432/60000]       0.1766              94.7200             0.1640              288            
1              [18496/60000]       0.3459              94.8800             0.1664              289            
1              [18560/60000]       0.2178              95.6000             0.1522              290            
1              [18624/60000]       0.2574              94.0400             0.1975              291            
1              [18688/60000]       0.3349              91.9700             0.2494              292            
1              [18752/60000]       0.3377              95.0700             0.1643              293            
1              [18816/60000]       0.1257              95.0400             0.1565              294            
1              [18880/60000]       0.0581              95.3600             0.1457              295            
1              [18944/60000]       0.3027              94.8300             0.1654              296            
1              [19008/60000]       0.2190              95.1000             0.1579              297            
1              [19072/60000]       0.1533              95.0500             0.1674              298            
1              [19136/60000]       0.1192              95.3700             0.1528              299            
1              [19200/60000]       0.1553              95.0300             0.1625              300            
1              [19264/60000]       0.0799              95.1500             0.1580              301            
1              [19328/60000]       0.0532              95.8300             0.1435              302            
1              [19392/60000]       0.1348              92.3300             0.2315              303            
1              [19456/60000]       0.3357              94.6500             0.1830              304            
1              [19520/60000]       0.2233              95.2300             0.1727              305            
1              [19584/60000]       0.2358              95.8200             0.1399              306            
1              [19648/60000]       0.1650              95.3300             0.1506              307            
1              [19712/60000]       0.0795              95.5000             0.1451              308            
1              [19776/60000]       0.2510              93.6900             0.2005              309            
1              [19840/60000]       0.3888              87.8300             0.3639              310            
1              [19904/60000]       0.5172              93.5100             0.2023              311            
1              [19968/60000]       0.2028              95.5200             0.1448              312            
1              [20032/60000]       0.1830              95.8200             0.1388              313            
1              [20096/60000]       0.3464              94.4500             0.1673              314            
1              [20160/60000]       0.2262              95.7300             0.1421              315            
1              [20224/60000]       0.0870              95.4400             0.1540              316            
1              [20288/60000]       0.1303              95.4700             0.1500              317            
1              [20352/60000]       0.1236              95.5400             0.1439              318            
1              [20416/60000]       0.0773              95.6200             0.1439              319            
