Current_Epoch  Batch/Total         CE_Train            Accuracy(%)         CE_TEST             Batch_Number   
0              [0/50000]           --                  9.020               2.4794              0
1              [64/50000]          2.3380              21.1200             3.0583              1              
1              [128/50000]         2.7822              21.2500             3.3072              2              
1              [192/50000]         3.0376              16.7000             4.6571              3              
1              [256/50000]         4.3628              19.7500             3.5300              4              
1              [320/50000]         3.4476              22.2500             3.4255              5              
1              [384/50000]         3.3136              21.0700             3.0501              6              
1              [448/50000]         3.2421              22.1300             3.4658              7              
1              [512/50000]         3.7424              20.6100             3.6897              8              
1              [576/50000]         3.5684              20.8900             3.6405              9              
1              [640/50000]         3.6824              22.5200             3.0782              10             
1              [704/50000]         3.4286              23.3800             3.4968              11             
1              [768/50000]         3.1108              25.0100             2.7918              12             
1              [832/50000]         3.2943              22.9200             3.6261              13             
1              [896/50000]         4.1147              21.2000             3.5196              14             
1              [960/50000]         4.2263              19.8500             3.9857              15             
1              [1024/50000]        4.4136              20.9800             4.2944              16             
1              [1088/50000]        3.7981              24.0700             2.7848              17             
1              [1152/50000]        3.1426              22.6800             3.8771              18             
1              [1216/50000]        3.7027              24.9200             3.4619              19             
1              [1280/50000]        3.8388              22.4200             3.5251              20             
1              [1344/50000]        3.2996              25.8100             3.5094              21             
1              [1408/50000]        3.4661              25.9800             3.2978              22             
1              [1472/50000]        3.2972              22.5700             4.4427              23             
1              [1536/50000]        3.5633              24.6600             3.3259              24             
1              [1600/50000]        3.4004              24.1300             3.6676              25             
1              [1664/50000]        4.2747              22.7100             3.6810              26             
1              [1728/50000]        3.8438              25.5400             3.8114              27             
1              [1792/50000]        3.9575              25.8800             3.0222              28             
1              [1856/50000]        3.8257              20.5300             3.7640              29             
1              [1920/50000]        3.6497              27.3000             2.8975              30             
1              [1984/50000]        3.1070              24.7700             3.3149              31             
1              [2048/50000]        3.9400              23.2100             3.5723              32             
1              [2112/50000]        3.8556              26.5600             3.2412              33             
1              [2176/50000]        3.3120              24.2500             3.1372              34             
1              [2240/50000]        3.3154              26.4700             3.3903              35             
1              [2304/50000]        3.5359              23.8100             3.7741              36             
1              [2368/50000]        3.7244              27.5900             3.2355              37             
1              [2432/50000]        2.7475              25.2100             2.9380              38             
1              [2496/50000]        3.0595              21.5900             3.7236              39             
1              [2560/50000]        4.5252              24.4900             3.5839              40             
1              [2624/50000]        3.1296              24.6800             3.8856              41             
1              [2688/50000]        3.5396              24.2600             3.1148              42             
1              [2752/50000]        3.5514              23.5000             3.4680              43             
1              [2816/50000]        3.4740              26.6400             3.0893              44             
1              [2880/50000]        3.1928              26.6000             2.8970              45             
1              [2944/50000]        2.8786              27.4900             2.8903              46             
1              [3008/50000]        2.9906              27.6400             3.0631              47             
1              [3072/50000]        2.7134              28.6800             2.7897              48             
1              [3136/50000]        2.7926              23.9900             3.5209              49             
1              [3200/50000]        3.5878              25.9800             2.8232              50             
1              [3264/50000]        2.7727              28.7900             2.8879              51             
1              [3328/50000]        2.8504              26.4000             3.4591              52             
1              [3392/50000]        4.0535              26.3100             3.3920              53             
1              [3456/50000]        3.4325              26.1100             2.9337              54             
1              [3520/50000]        2.5764              28.9200             3.2797              55             
1              [3584/50000]        3.7140              26.9700             2.9693              56             
1              [3648/50000]        3.5490              26.6100             3.1959              57             
1              [3712/50000]        3.3208              27.8200             2.5420              58             
1              [3776/50000]        2.4068              25.8500             3.3917              59             
1              [3840/50000]        2.8081              26.6300             2.8211              60             
1              [3904/50000]        2.9185              25.0500             3.0270              61             
1              [3968/50000]        3.1050              23.3000             3.6644              62             
1              [4032/50000]        4.4038              23.3100             3.3030              63             
1              [4096/50000]        3.4141              26.7400             2.7842              64             
1              [4160/50000]        3.2376              27.8500             2.8420              65             
1              [4224/50000]        3.0953              26.6700             3.3586              66             
1              [4288/50000]        3.1368              27.3500             2.7395              67             
1              [4352/50000]        2.4630              30.9300             2.5671              68             
1              [4416/50000]        3.6015              23.4600             3.9183              69             
1              [4480/50000]        4.0402              29.0900             3.0797              70             
1              [4544/50000]        3.1136              28.9700             2.6865              71             
1              [4608/50000]        2.9920              27.3900             2.5270              72             
1              [4672/50000]        2.3185              30.7600             2.7644              73             
1              [4736/50000]        2.7045              29.2100             2.7638              74             
1              [4800/50000]        3.3718              26.6900             3.0000              75             
1              [4864/50000]        3.6524              24.7100             3.1176              76             
1              [4928/50000]        2.9847              25.9900             3.2060              77             
1              [4992/50000]        2.7278              28.9200             2.7111              78             
1              [5056/50000]        2.9938              25.8200             3.1512              79             
1              [5120/50000]        3.4677              27.8700             2.7617              80             
1              [5184/50000]        3.2705              25.5000             3.2409              81             
1              [5248/50000]        2.6268              27.6400             3.0779              82             
1              [5312/50000]        2.6447              31.2100             2.6697              83             
1              [5376/50000]        2.0594              28.0300             2.6931              84             
1              [5440/50000]        2.5737              28.5200             3.0823              85             
1              [5504/50000]        3.2269              23.7500             3.1578              86             
1              [5568/50000]        3.6519              27.0300             2.9274              87             
1              [5632/50000]        3.1176              25.4400             2.8238              88             
1              [5696/50000]        2.4612              26.7200             3.2943              89             
1              [5760/50000]        4.3187              24.3500             3.8137              90             
1              [5824/50000]        4.0060              30.3900             2.5922              91             
1              [5888/50000]        2.6302              28.6000             2.8025              92             
1              [5952/50000]        2.4361              25.6500             3.2360              93             
1              [6016/50000]        2.6636              29.3800             2.6166              94             
1              [6080/50000]        3.0666              22.3800             3.7907              95             
1              [6144/50000]        4.0675              29.6100             2.8218              96             
1              [6208/50000]        2.5494              26.5500             2.8088              97             
1              [6272/50000]        2.7973              26.3800             3.0989              98             
1              [6336/50000]        3.2247              32.1300             2.4908              99             
1              [6400/50000]        2.1437              28.6700             2.7729              100            
1              [6464/50000]        2.4307              29.7700             3.1810              101            
1              [6528/50000]        2.7164              31.4800             2.6742              102            
1              [6592/50000]        2.6090              25.8800             3.0372              103            
1              [6656/50000]        2.8634              23.6900             3.7770              104            
1              [6720/50000]        4.4090              29.2500             2.8945              105            
1              [6784/50000]        3.1511              30.6100             2.5826              106            
1              [6848/50000]        2.7834              25.7800             2.8257              107            
1              [6912/50000]        2.8026              26.2900             3.1391              108            
1              [6976/50000]        3.1342              28.7600             2.7993              109            
1              [7040/50000]        2.3846              27.9900             2.9158              110            
1              [7104/50000]        2.9209              31.8400             2.6408              111            
1              [7168/50000]        2.3141              30.0600             2.5035              112            
1              [7232/50000]        2.6622              28.5100             2.8643              113            
1              [7296/50000]        2.7070              26.9300             2.9795              114            
1              [7360/50000]        2.9991              27.2700             2.7965              115            
1              [7424/50000]        2.7316              26.7500             3.1331              116            
1              [7488/50000]        2.5570              25.7900             2.8495              117            
1              [7552/50000]        2.9647              26.4600             3.1005              118            
1              [7616/50000]        3.3047              27.0500             3.7505              119            
1              [7680/50000]        3.7673              31.9000             2.5223              120            
1              [7744/50000]        2.3829              25.2500             3.2093              121            
1              [7808/50000]        2.8662              30.4100             3.0074              122            
1              [7872/50000]        2.8201              31.4700             2.5599              123            
1              [7936/50000]        2.4370              27.7800             2.9019              124            
1              [8000/50000]        2.6776              28.0100             2.9101              125            
1              [8064/50000]        3.0179              28.6300             3.1849              126            
1              [8128/50000]        3.1732              29.4600             2.6714              127            
1              [8192/50000]        2.6137              30.1000             2.5642              128            
1              [8256/50000]        2.6642              22.9100             3.1767              129            
1              [8320/50000]        2.6782              28.5900             2.6681              130            
1              [8384/50000]        2.8412              24.7100             3.4429              131            
1              [8448/50000]        2.7196              29.4400             2.7560              132            
1              [8512/50000]        2.8608              28.6700             2.7618              133            
1              [8576/50000]        2.6695              28.6500             2.7663              134            
1              [8640/50000]        3.0597              28.1100             2.8088              135            
1              [8704/50000]        2.6215              24.0700             3.1715              136            
1              [8768/50000]        2.8725              28.5100             2.8608              137            
1              [8832/50000]        3.1268              26.6700             3.0179              138            
1              [8896/50000]        3.3016              26.9500             3.1540              139            
1              [8960/50000]        3.0596              29.2300             2.7894              140            
1              [9024/50000]        2.6900              26.2700             2.9621              141            
1              [9088/50000]        2.9885              28.5300             2.6814              142            
1              [9152/50000]        2.5255              27.7100             2.9251              143            
1              [9216/50000]        3.1115              28.2400             3.0511              144            
1              [9280/50000]        2.5733              29.7900             2.8532              145            
1              [9344/50000]        2.3081              27.8300             2.9928              146            
1              [9408/50000]        2.9318              28.7700             2.9142              147            
1              [9472/50000]        2.8175              28.0100             3.1554              148            
1              [9536/50000]        3.2434              26.3100             3.6187              149            
1              [9600/50000]        3.8025              32.5000             2.5845              150            
1              [9664/50000]        2.4299              27.9800             3.1758              151            
1              [9728/50000]        3.6343              29.3700             2.8790              152            
1              [9792/50000]        2.9001              29.2300             2.6874              153            
1              [9856/50000]        2.7286              28.2200             3.4124              154            
1              [9920/50000]        3.6584              29.4700             2.9060              155            
1              [9984/50000]        2.8584              29.6700             2.4512              156            
1              [10048/50000]       2.0207              27.9400             3.0453              157            
1              [10112/50000]       3.1245              28.4500             2.6772              158            
1              [10176/50000]       2.5879              26.0900             3.1141              159            
1              [10240/50000]       3.0496              27.4400             3.3740              160            
1              [10304/50000]       2.9309              30.1200             2.6229              161            
1              [10368/50000]       2.6418              28.0200             2.6156              162            
1              [10432/50000]       2.0214              29.7400             2.5312              163            
1              [10496/50000]       2.8430              28.6300             3.1917              164            
1              [10560/50000]       2.9627              30.9000             2.7443              165            
1              [10624/50000]       2.7792              28.3700             2.9220              166            
1              [10688/50000]       3.1555              29.7100             2.8273              167            
1              [10752/50000]       3.3464              24.7600             3.4561              168            
1              [10816/50000]       4.4451              24.6900             3.4431              169            
1              [10880/50000]       3.8662              24.7600             3.4281              170            
1              [10944/50000]       3.3592              29.2400             2.8904              171            
1              [11008/50000]       2.9201              29.8100             2.9936              172            
1              [11072/50000]       2.5456              32.9600             2.4584              173            
1              [11136/50000]       2.2026              30.9100             2.7375              174            
1              [11200/50000]       2.2182              27.1400             2.8697              175            
1              [11264/50000]       3.1348              31.3500             3.1398              176            
1              [11328/50000]       3.1134              29.4200             2.9357              177            
1              [11392/50000]       2.9910              30.6500             2.5414              178            
1              [11456/50000]       2.5263              29.0200             2.8558              179            
1              [11520/50000]       3.1717              29.7300             2.9612              180            
1              [11584/50000]       2.1825              28.6700             2.6935              181            
1              [11648/50000]       2.8322              28.1300             3.1055              182            
1              [11712/50000]       3.2358              24.3300             3.2146              183            
1              [11776/50000]       2.9083              27.9000             3.1244              184            
1              [11840/50000]       2.8405              28.5400             2.6907              185            
1              [11904/50000]       2.8856              27.1100             3.2182              186            
1              [11968/50000]       3.6658              27.0400             3.2613              187            
1              [12032/50000]       2.8198              30.3900             2.5355              188            
1              [12096/50000]       2.6488              31.8700             2.6600              189            
1              [12160/50000]       3.2842              27.4400             3.3097              190            
1              [12224/50000]       3.2312              28.0100             3.0391              191            
1              [12288/50000]       3.5723              27.8000             3.0136              192            
1              [12352/50000]       2.4862              30.5900             2.6606              193            
1              [12416/50000]       2.6466              28.6700             2.9320              194            
1              [12480/50000]       2.6438              32.3500             2.4276              195            
1              [12544/50000]       2.3503              32.2500             2.5840              196            
1              [12608/50000]       2.2076              29.8500             2.6883              197            
1              [12672/50000]       2.7379              29.8000             2.9866              198            
1              [12736/50000]       3.3895              31.7600             2.7969              199            
1              [12800/50000]       3.1049              27.8900             3.2513              200            
1              [12864/50000]       3.4700              29.8400             2.9774              201            
1              [12928/50000]       2.6087              29.8700             2.6293              202            
1              [12992/50000]       2.4655              25.9800             3.3584              203            
1              [13056/50000]       3.3161              28.6200             2.8635              204            
1              [13120/50000]       3.0401              26.4600             2.8250              205            
1              [13184/50000]       2.8298              27.4000             2.7339              206            
1              [13248/50000]       3.0014              27.2700             3.0060              207            
1              [13312/50000]       3.3135              26.6700             2.7452              208            
1              [13376/50000]       3.0489              27.0700             3.4779              209            
1              [13440/50000]       2.7743              26.5200             2.9096              210            
1              [13504/50000]       2.6320              26.2300             3.2248              211            
1              [13568/50000]       3.4083              30.7000             2.6811              212            
1              [13632/50000]       3.0132              29.4100             2.8953              213            
1              [13696/50000]       3.0269              27.1600             3.2248              214            
1              [13760/50000]       3.4760              29.9500             2.8831              215            
1              [13824/50000]       2.9874              29.5900             2.5892              216            
1              [13888/50000]       2.6944              27.9000             3.0019              217            
1              [13952/50000]       2.6577              29.4900             2.6974              218            
1              [14016/50000]       2.8351              26.0200             2.6440              219            
1              [14080/50000]       2.5722              28.2800             2.6525              220            
1              [14144/50000]       2.2212              29.5200             2.7057              221            
1              [14208/50000]       3.1534              28.5300             2.8496              222            
1              [14272/50000]       2.0882              26.9800             2.9579              223            
1              [14336/50000]       2.8164              28.4200             2.5928              224            
1              [14400/50000]       1.8695              31.6600             2.4224              225            
1              [14464/50000]       2.2410              31.1300             2.5313              226            
1              [14528/50000]       2.9004              27.4200             2.8728              227            
1              [14592/50000]       3.0422              27.4700             3.0818              228            
1              [14656/50000]       3.3080              27.4900             2.7473              229            
1              [14720/50000]       2.7602              27.7700             2.5931              230            
1              [14784/50000]       2.9418              27.0100             3.3535              231            
1              [14848/50000]       3.7364              27.0700             3.1519              232            
1              [14912/50000]       2.8294              30.1500             2.6788              233            
1              [14976/50000]       2.6800              28.3000             2.9772              234            
1              [15040/50000]       2.2944              30.8600             2.7057              235            
1              [15104/50000]       2.3133              28.0800             2.6163              236            
1              [15168/50000]       2.7497              28.8500             2.7827              237            
1              [15232/50000]       2.6961              28.6600             2.9265              238            
1              [15296/50000]       3.4369              28.5900             3.1780              239            
1              [15360/50000]       4.0859              30.4300             3.0187              240            
1              [15424/50000]       2.9532              30.7300             2.8018              241            
1              [15488/50000]       2.8102              32.4500             2.5041              242            
1              [15552/50000]       2.4206              26.4300             3.1673              243            
1              [15616/50000]       3.2235              28.2000             2.7425              244            
1              [15680/50000]       2.6254              26.9400             2.9887              245            
1              [15744/50000]       2.8390              26.6100             2.9477              246            
1              [15808/50000]       3.0441              26.8100             3.0725              247            
1              [15872/50000]       3.0715              31.1900             2.5565              248            
1              [15936/50000]       2.2022              25.6900             3.3152              249            
1              [16000/50000]       3.3516              31.6200             2.6487              250            
1              [16064/50000]       2.6163              28.3400             2.7934              251            
1              [16128/50000]       3.2124              27.7400             2.6382              252            
1              [16192/50000]       2.3331              30.3800             2.4575              253            
1              [16256/50000]       2.1780              30.3900             2.5661              254            
1              [16320/50000]       2.2227              30.7600             2.4206              255            
1              [16384/50000]       2.1404              28.3700             2.9884              256            
1              [16448/50000]       2.8151              30.4600             2.5569              257            
1              [16512/50000]       2.3396              30.6700             2.5477              258            
1              [16576/50000]       1.9884              31.2000             2.6508              259            
1              [16640/50000]       3.3635              28.6800             2.7708              260            
1              [16704/50000]       2.8329              30.6200             2.6979              261            
1              [16768/50000]       2.8910              27.5600             2.9471              262            
1              [16832/50000]       2.8904              30.7000             2.4871              263            
1              [16896/50000]       2.3392              26.5600             3.0333              264            
1              [16960/50000]       2.9026              27.9700             2.8459              265            
1              [17024/50000]       2.9799              28.6700             2.8254              266            
1              [17088/50000]       2.8991              31.2400             2.8258              267            
1              [17152/50000]       3.0724              25.2200             2.7649              268            
1              [17216/50000]       2.7993              26.8700             3.0095              269            
1              [17280/50000]       2.8298              29.2200             2.6271              270            
1              [17344/50000]       2.6916              30.8700             2.6483              271            
1              [17408/50000]       2.7488              29.8400             2.7453              272            
1              [17472/50000]       2.6047              29.5400             3.0243              273            
1              [17536/50000]       2.9811              29.3500             2.8912              274            
1              [17600/50000]       3.1452              24.1800             3.5352              275            
1              [17664/50000]       4.0561              24.3700             3.4930              276            
1              [17728/50000]       3.6711              29.3400             2.9969              277            
1              [17792/50000]       2.7920              27.1000             2.9917              278            
1              [17856/50000]       3.2439              28.4400             2.7293              279            
1              [17920/50000]       3.5883              24.4200             4.1118              280            
1              [17984/50000]       4.3394              29.0700             2.6696              281            
1              [18048/50000]       2.7622              31.2500             2.7187              282            
1              [18112/50000]       2.6582              28.2200             3.2492              283            
1              [18176/50000]       3.3051              27.8100             2.9287              284            
1              [18240/50000]       3.2347              27.4300             3.0025              285            
1              [18304/50000]       2.9001              30.5900             2.4566              286            
1              [18368/50000]       2.6966              29.8800             2.5868              287            
1              [18432/50000]       2.3209              29.7800             2.8077              288            
1              [18496/50000]       2.8875              26.7200             2.8148              289            
1              [18560/50000]       3.1402              27.4900             3.0847              290            
1              [18624/50000]       3.1269              25.0600             3.4287              291            
1              [18688/50000]       2.7337              26.2100             3.1471              292            
1              [18752/50000]       3.9193              27.2400             3.1688              293            
1              [18816/50000]       3.6978              27.7700             2.9134              294            
1              [18880/50000]       3.3767              29.2100             3.2252              295            
1              [18944/50000]       3.3782              27.9800             2.8240              296            
1              [19008/50000]       2.3843              27.8400             2.9692              297            
1              [19072/50000]       2.6361              29.2100             2.8767              298            
1              [19136/50000]       2.5722              27.5400             2.7945              299            
1              [19200/50000]       2.5518              32.3100             2.3864              300            
1              [19264/50000]       2.5296              27.4100             2.9120              301            
1              [19328/50000]       2.6266              29.3500             2.8635              302            
1              [19392/50000]       2.7042              27.6900             3.0179              303            
1              [19456/50000]       3.5874              28.0400             2.7888              304            
1              [19520/50000]       3.1121              28.6400             3.0111              305            
1              [19584/50000]       2.5380              26.9900             2.9921              306            
1              [19648/50000]       3.2094              27.1600             3.0702              307            
1              [19712/50000]       2.4840              30.3100             2.6058              308            
1              [19776/50000]       2.6188              28.4600             3.0512              309            
1              [19840/50000]       2.7582              29.9400             2.8027              310            
1              [19904/50000]       2.8546              29.3200             2.6234              311            
1              [19968/50000]       2.7733              29.6000             2.6118              312            
1              [20032/50000]       2.7221              28.6500             3.0245              313            
1              [20096/50000]       3.4074              29.4000             3.1532              314            
1              [20160/50000]       2.5184              30.5500             2.4778              315            
1              [20224/50000]       2.4410              32.1500             2.4587              316            
1              [20288/50000]       2.4772              29.6000             2.9599              317            
1              [20352/50000]       2.7924              32.0800             2.8671              318            
1              [20416/50000]       2.7984              30.8000             2.9271              319            
1              [20480/50000]       2.8126              30.3300             2.9336              320            
1              [20544/50000]       2.8233              29.7300             2.9604              321            
1              [20608/50000]       2.5245              31.3500             2.8413              322            
1              [20672/50000]       2.8790              26.6100             2.8894              323            
1              [20736/50000]       2.6788              30.5700             2.4666              324            
1              [20800/50000]       2.0611              27.8000             2.9831              325            
1              [20864/50000]       3.5451              30.2100             2.9543              326            
1              [20928/50000]       3.2486              30.6800             2.8789              327            
1              [20992/50000]       2.6428              27.6100             3.0166              328            
1              [21056/50000]       2.7145              25.2400             3.4250              329            
1              [21120/50000]       3.2183              29.4000             2.8794              330            
1              [21184/50000]       2.8224              27.2300             3.1539              331            
1              [21248/50000]       3.4882              26.9000             2.7517              332            
1              [21312/50000]       3.0554              23.5000             3.4954              333            
1              [21376/50000]       4.0805              27.7000             2.8706              334            
1              [21440/50000]       3.1769              29.0500             3.2255              335            
1              [21504/50000]       3.2909              28.5400             2.6686              336            
1              [21568/50000]       3.0134              31.8600             2.5022              337            
1              [21632/50000]       2.2300              28.5800             2.5235              338            
1              [21696/50000]       2.5027              27.7600             3.0544              339            
1              [21760/50000]       2.6631              30.0500             2.8623              340            
1              [21824/50000]       2.3837              27.2500             3.3868              341            
1              [21888/50000]       2.9679              28.8500             2.5890              342            
1              [21952/50000]       2.9382              29.2300             2.5867              343            
1              [22016/50000]       2.2428              30.5800             2.8252              344            
1              [22080/50000]       2.9050              29.3300             2.6241              345            
1              [22144/50000]       2.3759              27.6200             3.0887              346            
1              [22208/50000]       2.9285              29.1700             2.6894              347            
1              [22272/50000]       2.7832              30.4400             3.0956              348            
1              [22336/50000]       2.9112              31.0500             2.8321              349            
1              [22400/50000]       2.7822              26.1800             2.9807              350            
1              [22464/50000]       2.6152              28.5600             3.0051              351            
1              [22528/50000]       3.0324              27.5500             3.0621              352            
1              [22592/50000]       3.0808              25.5100             3.1445              353            
1              [22656/50000]       3.9362              25.9500             3.7023              354            
1              [22720/50000]       3.8065              30.2300             2.7749              355            
1              [22784/50000]       3.1036              24.9900             3.2076              356            
1              [22848/50000]       3.0373              28.9800             2.5780              357            
1              [22912/50000]       2.9631              31.8100             2.4530              358            
1              [22976/50000]       2.8040              29.0300             3.0499              359            
1              [23040/50000]       2.8447              31.3400             2.7187              360            
1              [23104/50000]       2.7108              29.8900             2.8526              361            
1              [23168/50000]       3.2578              29.0500             3.1487              362            
1              [23232/50000]       3.7286              29.4200             2.7563              363            
1              [23296/50000]       2.7191              28.6200             3.2461              364            
1              [23360/50000]       2.7936              32.5700             2.5067              365            
1              [23424/50000]       3.0438              28.1400             2.5870              366            
1              [23488/50000]       2.8590              27.2100             3.2681              367            
1              [23552/50000]       3.5494              28.3400             2.8391              368            
1              [23616/50000]       3.2532              26.0800             3.4817              369            
1              [23680/50000]       3.1218              31.2600             2.6410              370            
1              [23744/50000]       2.9042              27.1900             2.9677              371            
1              [23808/50000]       2.8980              28.9000             3.1180              372            
1              [23872/50000]       2.8750              28.3200             3.3231              373            
1              [23936/50000]       3.7850              29.1800             2.9398              374            
1              [24000/50000]       2.7485              31.7800             2.4380              375            
1              [24064/50000]       2.6506              26.9000             2.7269              376            
1              [24128/50000]       3.1077              27.5600             2.8821              377            
1              [24192/50000]       2.9667              27.4700             3.0442              378            
1              [24256/50000]       2.9867              24.2400             3.3316              379            
1              [24320/50000]       3.5093              31.1600             2.9355              380            
1              [24384/50000]       2.7816              28.2600             2.9728              381            
1              [24448/50000]       3.2113              27.6500             2.8386              382            
1              [24512/50000]       3.0028              29.3100             2.6427              383            
1              [24576/50000]       2.7638              31.9600             2.3576              384            
1              [24640/50000]       2.5804              27.5600             2.7725              385            
1              [24704/50000]       2.6522              29.7700             2.8204              386            
1              [24768/50000]       2.8783              27.8600             2.9669              387            
1              [24832/50000]       3.2851              26.1900             2.8388              388            
1              [24896/50000]       2.8883              32.0200             2.6401              389            
1              [24960/50000]       2.7448              25.1000             2.6876              390            
1              [25024/50000]       2.2901              28.4600             2.8590              391            
1              [25088/50000]       3.3615              26.9500             3.1976              392            
1              [25152/50000]       3.4959              27.5100             3.0686              393            
1              [25216/50000]       2.9335              30.9200             2.7042              394            
1              [25280/50000]       2.4335              27.6300             3.0707              395            
1              [25344/50000]       3.3928              29.2900             3.3644              396            
1              [25408/50000]       4.1242              29.0700             2.9454              397            
1              [25472/50000]       2.7433              28.2500             2.6839              398            
1              [25536/50000]       2.6444              29.5700             2.5427              399            
1              [25600/50000]       2.3050              29.7200             2.7468              400            
1              [25664/50000]       2.7982              31.4900             2.7039              401            
1              [25728/50000]       3.1842              30.2000             2.8234              402            
1              [25792/50000]       2.4152              31.2000             2.5093              403            
1              [25856/50000]       2.2886              28.5200             3.4080              404            
1              [25920/50000]       3.3375              28.8500             2.7148              405            
1              [25984/50000]       2.5181              27.7800             2.6875              406            
1              [26048/50000]       3.2569              29.4600             3.5142              407            
1              [26112/50000]       3.2789              31.6200             2.6035              408            
1              [26176/50000]       2.5845              30.2200             2.6458              409            
1              [26240/50000]       2.9312              29.7900             2.7756              410            
1              [26304/50000]       2.4398              28.9600             2.9966              411            
1              [26368/50000]       3.1537              25.2500             4.1314              412            
1              [26432/50000]       4.5335              31.2800             2.6129              413            
1              [26496/50000]       2.6822              31.3600             2.4536              414            
1              [26560/50000]       2.4909              27.1000             2.8587              415            
1              [26624/50000]       2.8717              33.0300             2.3969              416            
1              [26688/50000]       2.1644              32.5300             2.3705              417            
1              [26752/50000]       2.4115              26.7100             2.7156              418            
1              [26816/50000]       2.8953              29.3000             2.7619              419            
1              [26880/50000]       2.8777              27.5900             3.2751              420            
1              [26944/50000]       3.1341              32.8100             2.4761              421            
1              [27008/50000]       2.2340              30.6300             2.6342              422            
1              [27072/50000]       2.8794              26.1600             3.2083              423            
1              [27136/50000]       2.5329              32.6200             2.6519              424            
1              [27200/50000]       2.4108              30.3900             2.6519              425            
1              [27264/50000]       3.1284              28.3100             3.1036              426            
1              [27328/50000]       3.2602              31.4400             2.7408              427            
1              [27392/50000]       2.7255              29.2200             2.8970              428            
1              [27456/50000]       2.8846              29.2200             2.8380              429            
1              [27520/50000]       3.4185              25.7700             3.1604              430            
1              [27584/50000]       3.6048              29.6000             3.0811              431            
1              [27648/50000]       2.9358              27.1200             3.4132              432            
1              [27712/50000]       3.5501              29.2400             2.8561              433            
1              [27776/50000]       2.6943              32.2900             2.9048              434            
1              [27840/50000]       2.8225              31.4100             2.5981              435            
1              [27904/50000]       2.9007              27.2200             3.4923              436            
1              [27968/50000]       3.1857              27.9300             2.9738              437            
1              [28032/50000]       3.2579              28.1000             2.8401              438            
1              [28096/50000]       2.8235              32.6200             2.4474              439            
1              [28160/50000]       2.2792              31.9900             2.5905              440            
1              [28224/50000]       2.1908              32.4100             2.3814              441            
1              [28288/50000]       2.8030              28.1900             2.6227              442            
1              [28352/50000]       2.5030              28.0400             2.9884              443            
1              [28416/50000]       3.0507              30.0500             2.7222              444            
1              [28480/50000]       2.5601              28.3700             2.8253              445            
1              [28544/50000]       2.5688              31.4300             2.6443              446            
1              [28608/50000]       3.0104              25.8200             3.3632              447            
1              [28672/50000]       3.0966              30.5500             2.7162              448            
1              [28736/50000]       2.6769              32.5200             2.5960              449            
1              [28800/50000]       2.4836              26.4000             3.6397              450            
1              [28864/50000]       3.8289              28.8000             3.1242              451            
1              [28928/50000]       2.8577              28.4800             2.9315              452            
1              [28992/50000]       2.8390              29.0600             2.7532              453            
1              [29056/50000]       3.0555              30.4200             2.6629              454            
1              [29120/50000]       2.3670              28.3400             2.8088              455            
1              [29184/50000]       2.8642              31.7700             2.5537              456            
1              [29248/50000]       3.1825              28.5100             2.6764              457            
1              [29312/50000]       2.6733              32.6700             2.6376              458            
1              [29376/50000]       3.0324              31.1200             2.5551              459            
1              [29440/50000]       2.3501              28.2400             2.9368              460            
1              [29504/50000]       3.4290              30.4200             3.0114              461            
1              [29568/50000]       3.1179              26.9000             3.1861              462            
1              [29632/50000]       3.1917              32.1300             2.5156              463            
1              [29696/50000]       2.9106              28.9700             2.7585              464            
1              [29760/50000]       2.9065              29.8000             2.8485              465            
1              [29824/50000]       3.1987              31.8900             2.4634              466            
1              [29888/50000]       2.2185              32.8300             2.5087              467            
1              [29952/50000]       2.8421              29.4000             2.7191              468            
1              [30016/50000]       2.8934              30.9400             2.3952              469            
1              [30080/50000]       2.5921              31.4400             2.6326              470            
1              [30144/50000]       2.0946              28.5200             2.8396              471            
1              [30208/50000]       3.3453              25.4800             3.0726              472            
1              [30272/50000]       3.0863              29.4200             2.7889              473            
1              [30336/50000]       2.8405              30.2700             2.5607              474            
1              [30400/50000]       2.3438              29.8500             2.6186              475            
1              [30464/50000]       2.4004              28.3600             3.1246              476            
1              [30528/50000]       3.3463              30.8700             2.5306              477            
1              [30592/50000]       3.0905              28.6800             2.8714              478            
1              [30656/50000]       2.8535              27.5100             3.1424              479            
1              [30720/50000]       3.6987              27.7000             3.2210              480            
1              [30784/50000]       4.1121              31.2700             2.8679              481            
1              [30848/50000]       2.8357              30.0900             2.5505              482            
1              [30912/50000]       2.5381              25.5500             3.6141              483            
1              [30976/50000]       4.1437              30.6500             2.9227              484            
1              [31040/50000]       2.9553              26.3900             3.0533              485            
1              [31104/50000]       2.4202              26.2600             3.3115              486            
1              [31168/50000]       3.5419              29.1500             3.2894              487            
1              [31232/50000]       4.1310              28.5700             3.1807              488            
1              [31296/50000]       3.5706              29.4000             3.0939              489            
1              [31360/50000]       3.1320              30.1100             2.5682              490            
1              [31424/50000]       2.2102              32.2300             2.6751              491            
1              [31488/50000]       2.8568              30.2800             2.8981              492            
1              [31552/50000]       2.6527              30.0900             2.6647              493            
1              [31616/50000]       2.2534              28.0200             2.7907              494            
1              [31680/50000]       2.2939              27.8400             3.0136              495            
1              [31744/50000]       2.9409              27.6400             2.9581              496            
1              [31808/50000]       2.7315              27.6800             2.8170              497            
1              [31872/50000]       2.8189              29.8900             2.7434              498            
1              [31936/50000]       2.4430              30.5100             2.6848              499            
1              [32000/50000]       2.7363              27.1300             3.1670              500            
1              [32064/50000]       3.1131              33.1200             2.7165              501            
1              [32128/50000]       2.6357              28.2300             2.8639              502            
1              [32192/50000]       3.3665              27.8400             3.5159              503            
1              [32256/50000]       3.5911              30.3600             2.7702              504            
1              [32320/50000]       3.1316              26.5800             3.6614              505            
1              [32384/50000]       3.6077              28.0300             3.4508              506            
1              [32448/50000]       3.3044              29.6400             2.8530              507            
1              [32512/50000]       2.1978              29.8700             2.7657              508            
1              [32576/50000]       2.7977              30.3600             2.7698              509            
1              [32640/50000]       3.4930              26.1400             3.3262              510            
1              [32704/50000]       3.3087              27.8200             3.1507              511            
1              [32768/50000]       3.5027              27.8800             2.7264              512            
1              [32832/50000]       2.2801              31.4100             2.3936              513            
1              [32896/50000]       2.2508              31.0200             2.4796              514            
1              [32960/50000]       2.5542              29.8600             2.7595              515            
1              [33024/50000]       2.5333              29.3000             2.9870              516            
1              [33088/50000]       2.5911              32.2800             2.5767              517            
1              [33152/50000]       2.6028              28.9600             2.6273              518            
1              [33216/50000]       2.4076              30.5600             2.8373              519            
1              [33280/50000]       2.7168              28.9600             2.6704              520            
1              [33344/50000]       2.4457              28.0500             3.2113              521            
1              [33408/50000]       3.5397              27.5100             3.0528              522            
1              [33472/50000]       3.4505              28.8500             2.9443              523            
1              [33536/50000]       3.4077              27.0400             3.4647              524            
1              [33600/50000]       2.9531              27.2700             2.7750              525            
1              [33664/50000]       2.6822              31.2500             2.8473              526            
1              [33728/50000]       2.5439              29.1900             2.7420              527            
1              [33792/50000]       2.6891              27.5000             2.8096              528            
1              [33856/50000]       2.3874              27.2600             2.7598              529            
1              [33920/50000]       2.5760              32.2100             2.2338              530            
1              [33984/50000]       2.0260              30.2500             2.3479              531            
1              [34048/50000]       2.2151              25.8400             2.9031              532            
1              [34112/50000]       2.6292              29.7500             2.9157              533            
1              [34176/50000]       3.0483              27.2600             2.8499              534            
1              [34240/50000]       3.2344              27.9700             3.0286              535            
1              [34304/50000]       2.6813              29.6200             2.7811              536            
1              [34368/50000]       2.6467              30.0900             2.7895              537            
1              [34432/50000]       2.6772              29.0300             2.8449              538            
1              [34496/50000]       2.4486              31.7400             2.5685              539            
1              [34560/50000]       2.3321              29.1500             2.9571              540            
1              [34624/50000]       3.2044              26.6300             3.4968              541            
1              [34688/50000]       2.7409              31.8300             2.7389              542            
1              [34752/50000]       2.6584              31.3500             2.5247              543            
1              [34816/50000]       2.2153              30.2100             3.0081              544            
1              [34880/50000]       3.0106              29.4700             2.9394              545            
1              [34944/50000]       3.3187              27.6200             3.0584              546            
1              [35008/50000]       3.3259              30.1300             2.9141              547            
1              [35072/50000]       3.0611              31.0300             2.5019              548            
1              [35136/50000]       2.2583              31.2900             2.6396              549            
1              [35200/50000]       2.1528              27.6100             3.3788              550            
1              [35264/50000]       3.4606              30.5200             2.9455              551            
1              [35328/50000]       3.1024              29.4500             2.7600              552            
1              [35392/50000]       2.3801              31.9400             2.6721              553            
1              [35456/50000]       2.5719              28.5500             3.1885              554            
1              [35520/50000]       3.4043              30.9800             2.8751              555            
1              [35584/50000]       2.8978              30.7900             2.5626              556            
1              [35648/50000]       2.4957              26.7600             3.3353              557            
1              [35712/50000]       3.2661              30.1200             2.7770              558            
1              [35776/50000]       3.0450              25.8500             3.1506              559            
1              [35840/50000]       2.5986              27.8000             2.9376              560            
1              [35904/50000]       2.6695              30.6000             2.8727              561            
1              [35968/50000]       3.2841              29.1400             3.2145              562            
1              [36032/50000]       3.3540              28.8300             3.2605              563            
1              [36096/50000]       3.9337              28.3200             3.3066              564            
1              [36160/50000]       3.0365              29.8600             2.6611              565            
1              [36224/50000]       2.2363              29.1100             2.8122              566            
1              [36288/50000]       2.7332              29.9200             2.8936              567            
1              [36352/50000]       2.7656              30.1200             2.8213              568            
1              [36416/50000]       3.1345              31.1700             2.4691              569            
1              [36480/50000]       2.4203              31.0500             2.4318              570            
1              [36544/50000]       2.3498              29.9700             2.4755              571            
1              [36608/50000]       3.0200              26.6400             3.0542              572            
1              [36672/50000]       3.0122              29.4200             2.8621              573            
1              [36736/50000]       2.3837              31.2100             2.5945              574            
1              [36800/50000]       2.5017              29.7900             3.2163              575            
1              [36864/50000]       2.6972              30.5500             2.4977              576            
1              [36928/50000]       2.4920              29.5300             3.0939              577            
1              [36992/50000]       3.0234              31.0200             2.4067              578            
1              [37056/50000]       2.6023              30.9000             2.5810              579            
1              [37120/50000]       2.2602              30.5700             2.4066              580            
1              [37184/50000]       2.7578              24.9100             3.3093              581            
1              [37248/50000]       4.2397              21.5500             3.7980              582            
1              [37312/50000]       3.7691              27.0000             3.2431              583            
1              [37376/50000]       3.3186              26.7100             2.9070              584            
1              [37440/50000]       3.2128              30.4800             2.9719              585            
1              [37504/50000]       3.0725              29.8800             2.8416              586            
1              [37568/50000]       2.8936              29.4400             3.1819              587            
1              [37632/50000]       3.3828              31.0500             2.7920              588            
1              [37696/50000]       2.7529              31.1700             2.7409              589            
1              [37760/50000]       3.0220              27.6200             3.3293              590            
1              [37824/50000]       2.8135              28.5700             3.2579              591            
1              [37888/50000]       3.2786              28.1200             3.0161              592            
1              [37952/50000]       3.9412              29.4500             3.2376              593            
1              [38016/50000]       3.6755              27.7100             3.0803              594            
1              [38080/50000]       2.8835              29.4600             2.6913              595            
1              [38144/50000]       2.1277              32.3400             2.4827              596            
1              [38208/50000]       2.5429              28.0700             3.0015              597            
1              [38272/50000]       2.9625              28.6600             2.7265              598            
1              [38336/50000]       2.9034              26.4000             3.4547              599            
1              [38400/50000]       2.8816              26.5700             3.0725              600            
1              [38464/50000]       3.1337              28.4200             3.2003              601            
1              [38528/50000]       3.6710              27.7300             2.8747              602            
1              [38592/50000]       3.1018              27.3700             3.2728              603            
1              [38656/50000]       3.2290              29.0700             2.8781              604            
1              [38720/50000]       3.1037              25.5600             3.2234              605            
1              [38784/50000]       3.1249              29.9600             2.7930              606            
1              [38848/50000]       2.3207              31.5800             2.5964              607            
1              [38912/50000]       2.4563              29.5400             2.5725              608            
1              [38976/50000]       3.3275              27.5900             3.3023              609            
1              [39040/50000]       3.2145              28.2700             3.2293              610            
1              [39104/50000]       3.3755              31.6700             2.6830              611            
1              [39168/50000]       2.4167              30.5600             2.5082              612            
1              [39232/50000]       2.8777              27.3200             3.1905              613            
1              [39296/50000]       2.9866              27.0000             2.7034              614            
1              [39360/50000]       2.8108              26.8900             2.8945              615            
1              [39424/50000]       2.7368              30.1000             2.7735              616            
1              [39488/50000]       2.3488              28.7800             3.0883              617            
1              [39552/50000]       3.0739              29.6600             2.8308              618            
1              [39616/50000]       3.1596              29.7500             2.6407              619            
1              [39680/50000]       2.2860              30.4100             3.0709              620            
1              [39744/50000]       3.0605              32.5300             2.5369              621            
1              [39808/50000]       2.8412              25.0700             3.0909              622            
1              [39872/50000]       2.7706              28.5200             2.7879              623            
1              [39936/50000]       2.5959              31.6000             2.5578              624            
1              [40000/50000]       2.3896              29.5300             2.8585              625            
1              [40064/50000]       3.1180              26.2000             3.3904              626            
1              [40128/50000]       3.3100              29.4700             2.8364              627            
1              [40192/50000]       2.4761              27.5100             3.1626              628            
1              [40256/50000]       3.4361              27.1900             2.8832              629            
1              [40320/50000]       2.7311              28.1500             3.0864              630            
1              [40384/50000]       3.0099              31.1400             2.8677              631            
1              [40448/50000]       2.8539              32.3300             2.5153              632            
1              [40512/50000]       2.5446              30.3400             2.8590              633            
1              [40576/50000]       2.5916              31.0000             2.4888              634            
1              [40640/50000]       2.2686              31.5900             2.6170              635            
1              [40704/50000]       2.7893              29.4500             2.7561              636            
1              [40768/50000]       3.0649              27.4400             2.9491              637            
1              [40832/50000]       2.8645              29.2800             2.8391              638            
1              [40896/50000]       2.7207              29.4400             2.8353              639            
1              [40960/50000]       2.9545              25.7300             3.1432              640            
1              [41024/50000]       3.0501              29.3500             2.9411              641            
1              [41088/50000]       2.8350              28.7500             2.7733              642            
1              [41152/50000]       2.8535              28.3300             2.8221              643            
1              [41216/50000]       2.8038              29.4400             3.2134              644            
1              [41280/50000]       3.4273              24.4700             3.5630              645            
1              [41344/50000]       3.8765              32.2100             2.5998              646            
1              [41408/50000]       2.6234              27.8700             2.8604              647            
1              [41472/50000]       2.6277              28.6600             2.9226              648            
1              [41536/50000]       2.9406              30.6000             3.3248              649            
1              [41600/50000]       3.4342              30.8300             2.8141              650            
1              [41664/50000]       2.9306              27.5900             3.4632              651            
1              [41728/50000]       3.0006              30.9100             2.9126              652            
1              [41792/50000]       2.7624              29.2700             3.1056              653            
1              [41856/50000]       2.5455              29.6400             2.9443              654            
1              [41920/50000]       3.5039              25.8400             3.4992              655            
1              [41984/50000]       3.2826              32.8300             2.4442              656            
1              [42048/50000]       2.2215              29.5700             2.5644              657            
1              [42112/50000]       2.6344              28.6600             2.8025              658            
1              [42176/50000]       2.8604              27.5800             2.7624              659            
1              [42240/50000]       2.8272              25.8700             3.8007              660            
1              [42304/50000]       3.9762              27.0600             3.5886              661            
1              [42368/50000]       3.2849              31.3300             2.5689              662            
1              [42432/50000]       2.6950              30.8000             3.0987              663            
1              [42496/50000]       3.4434              29.5100             3.0349              664            
1              [42560/50000]       2.7502              29.9100             3.1714              665            
1              [42624/50000]       2.8767              31.1800             2.8269              666            
1              [42688/50000]       2.7513              31.6500             2.5741              667            
1              [42752/50000]       2.9379              26.8700             3.0227              668            
1              [42816/50000]       2.9982              34.2000             2.5410              669            
1              [42880/50000]       2.8958              31.3100             2.6365              670            
1              [42944/50000]       2.5763              26.4600             3.3884              671            
1              [43008/50000]       3.2518              29.1800             2.9248              672            
1              [43072/50000]       3.1499              30.5100             2.8743              673            
1              [43136/50000]       3.0527              31.0100             2.6691              674            
1              [43200/50000]       3.1293              27.2700             3.7125              675            
1              [43264/50000]       3.2070              29.7700             2.4642              676            
1              [43328/50000]       2.1772              30.6600             2.6660              677            
1              [43392/50000]       2.3906              31.6400             2.4136              678            
1              [43456/50000]       2.5872              27.8800             2.7360              679            
1              [43520/50000]       2.6955              28.9400             3.3743              680            
1              [43584/50000]       3.1697              29.2700             3.0300              681            
1              [43648/50000]       2.7470              26.8500             2.9034              682            
1              [43712/50000]       2.5520              29.6000             3.0487              683            
1              [43776/50000]       2.9613              28.5900             2.9834              684            
1              [43840/50000]       2.6550              29.9200             2.8518              685            
1              [43904/50000]       2.3503              32.2500             2.4737              686            
1              [43968/50000]       2.6201              28.5900             2.7316              687            
1              [44032/50000]       2.4910              29.3600             2.9989              688            
1              [44096/50000]       2.8239              28.1200             3.3261              689            
1              [44160/50000]       3.1957              30.3300             2.8994              690            
1              [44224/50000]       2.8193              27.9400             2.8021              691            
1              [44288/50000]       2.9138              29.4900             2.6107              692            
1              [44352/50000]       2.4531              27.4600             3.0202              693            
1              [44416/50000]       3.0532              29.2400             2.9047              694            
1              [44480/50000]       3.2876              25.7400             3.5768              695            
1              [44544/50000]       3.6476              30.7300             2.8750              696            
1              [44608/50000]       2.1584              29.8600             2.7382              697            
1              [44672/50000]       2.6165              32.0900             2.5228              698            
1              [44736/50000]       2.8346              28.4300             2.6947              699            
1              [44800/50000]       2.6694              27.7500             3.0743              700            
1              [44864/50000]       3.1461              28.3000             2.8645              701            
1              [44928/50000]       2.9438              29.6400             2.9700              702            
1              [44992/50000]       2.4990              32.7600             2.3952              703            
1              [45056/50000]       1.9495              31.4000             2.7795              704            
1              [45120/50000]       3.2100              30.9100             2.6972              705            
1              [45184/50000]       2.6733              31.7100             2.5438              706            
1              [45248/50000]       2.5970              32.6400             2.5539              707            
1              [45312/50000]       2.4016              27.7700             2.9424              708            
1              [45376/50000]       3.1582              30.5400             2.9356              709            
1              [45440/50000]       2.3670              31.8900             2.7076              710            
1              [45504/50000]       2.2140              29.6400             2.5864              711            
1              [45568/50000]       2.3395              30.8500             2.6828              712            
1              [45632/50000]       2.7472              29.9300             2.6084              713            
1              [45696/50000]       2.3766              31.3700             2.4995              714            
1              [45760/50000]       2.9066              30.6500             2.9669              715            
1              [45824/50000]       2.9538              30.9700             2.6175              716            
1              [45888/50000]       2.5421              31.1300             2.6181              717            
1              [45952/50000]       2.7144              27.7300             2.7486              718            
1              [46016/50000]       2.6179              28.6300             3.0377              719            
1              [46080/50000]       2.5380              29.8100             2.9138              720            
1              [46144/50000]       3.4866              28.4000             3.0082              721            
1              [46208/50000]       2.9182              31.7100             2.5493              722            
1              [46272/50000]       2.2554              31.9800             2.6882              723            
1              [46336/50000]       2.4858              27.1300             2.9696              724            
1              [46400/50000]       2.3967              31.6300             2.6920              725            
1              [46464/50000]       2.4575              30.9900             2.5603              726            
1              [46528/50000]       2.2698              27.2300             3.0014              727            
1              [46592/50000]       2.7977              30.9900             2.7825              728            
1              [46656/50000]       2.8455              31.2900             2.5457              729            
1              [46720/50000]       2.4475              29.3600             2.9389              730            
1              [46784/50000]       3.1927              27.2900             2.9742              731            
1              [46848/50000]       3.5027              29.8800             3.0402              732            
1              [46912/50000]       3.3220              30.1000             2.7586              733            
1              [46976/50000]       2.5123              30.8700             3.0582              734            
1              [47040/50000]       2.9549              29.7400             3.1147              735            
1              [47104/50000]       3.3226              27.3100             3.7084              736            
1              [47168/50000]       3.4037              27.1200             3.2576              737            
1              [47232/50000]       3.5856              28.6900             3.0454              738            
1              [47296/50000]       3.3386              30.1200             2.8787              739            
1              [47360/50000]       2.9439              30.8800             2.8605              740            
1              [47424/50000]       3.4528              28.4200             3.4066              741            
1              [47488/50000]       3.5686              28.9500             3.1880              742            
1              [47552/50000]       3.3151              30.7300             3.2281              743            
1              [47616/50000]       3.6070              29.2800             3.2316              744            
1              [47680/50000]       3.2349              32.1400             2.6779              745            
1              [47744/50000]       2.9196              26.7400             3.2000              746            
1              [47808/50000]       3.3491              29.9700             3.0011              747            
1              [47872/50000]       3.1087              29.9300             2.7394              748            
1              [47936/50000]       2.7791              29.4300             2.7717              749            
1              [48000/50000]       2.5983              28.2300             2.9010              750            
1              [48064/50000]       2.6972              30.0900             2.8229              751            
1              [48128/50000]       3.0728              29.0200             2.6013              752            
1              [48192/50000]       2.6261              30.0900             2.7799              753            
1              [48256/50000]       2.7669              25.8400             3.1918              754            
1              [48320/50000]       3.0493              27.5400             2.8379              755            
1              [48384/50000]       2.9933              32.1000             2.4304              756            
1              [48448/50000]       2.4362              28.2900             2.8222              757            
1              [48512/50000]       2.7407              29.6300             3.1576              758            
1              [48576/50000]       3.0813              29.3100             2.9454              759            
1              [48640/50000]       2.4448              29.9100             2.9040              760            
1              [48704/50000]       3.3352              28.7400             3.0853              761            
1              [48768/50000]       2.9548              26.6700             3.0343              762            
1              [48832/50000]       2.9406              30.2500             2.5915              763            
1              [48896/50000]       2.3767              32.0700             2.4074              764            
1              [48960/50000]       2.4537              30.8400             2.8153              765            
1              [49024/50000]       2.7127              26.9300             2.7547              766            
1              [49088/50000]       2.5728              30.2400             2.8541              767            
1              [49152/50000]       2.6917              26.6500             2.9353              768            
1              [49216/50000]       3.0932              28.8800             3.0832              769            
1              [49280/50000]       3.4339              27.3500             2.7907              770            
1              [49344/50000]       2.3892              29.4600             2.5350              771            
1              [49408/50000]       2.4955              28.9400             2.6365              772            
1              [49472/50000]       3.0941              24.9300             3.3319              773            
1              [49536/50000]       3.3503              28.7400             2.8683              774            
1              [49600/50000]       2.8339              26.7400             3.2751              775            
1              [49664/50000]       3.1380              31.6800             2.5340              776            
1              [49728/50000]       2.3065              31.2600             2.4757              777            
1              [49792/50000]       2.7048              28.8200             3.0171              778            
1              [49856/50000]       2.3576              30.1400             2.7056              779            
1              [49920/50000]       3.0061              29.3300             3.1042              780            
1              [49984/50000]       2.7461              32.5400             2.5157              781            
1              [12512/50000]       1.8422              25.3100             4.1344              782            
