Current_Epoch  Batch/Total         CE_Train            Accuracy(%)         CE_TEST             Batch_Number   
0              [0/60000]           --                  9.020               2.4913              0
1              [60000/60000]       2.4913              18.4300             2.3846              1              
2              [60000/60000]       2.3935              23.1900             2.1674              2              
3              [60000/60000]       2.1755              34.9900             2.0624              3              
4              [60000/60000]       2.0787              39.6200             1.9062              4              
5              [60000/60000]       1.9180              41.5300             1.7604              5              
6              [60000/60000]       1.7832              47.5300             1.7021              6              
7              [60000/60000]       1.7208              50.5000             1.5634              7              
8              [60000/60000]       1.5866              52.6700             1.5267              8              
9              [60000/60000]       1.5465              57.3300             1.4049              9              
10             [60000/60000]       1.4298              54.6500             1.4398              10             
11             [60000/60000]       1.4615              64.3700             1.2976              11             
12             [60000/60000]       1.3226              59.8400             1.2755              12             
13             [60000/60000]       1.2989              65.9300             1.1967              13             
14             [60000/60000]       1.2234              62.5300             1.1831              14             
15             [60000/60000]       1.2073              68.3300             1.1206              15             
16             [60000/60000]       1.1478              66.5400             1.0799              16             
17             [60000/60000]       1.1050              69.5900             1.0457              17             
18             [60000/60000]       1.0736              69.0200             1.0058              18             
19             [60000/60000]       1.0315              70.9400             0.9904              19             
20             [60000/60000]       1.0183              71.4700             0.9404              20             
21             [60000/60000]       0.9672              71.7400             0.9398              21             
22             [60000/60000]       0.9675              72.9300             0.8920              22             
23             [60000/60000]       0.9199              72.1700             0.9058              23             
24             [60000/60000]       0.9327              73.7800             0.8581              24             
25             [60000/60000]       0.8873              72.4200             0.8815              25             
26             [60000/60000]       0.9076              74.4900             0.8321              26             
27             [60000/60000]       0.8623              72.8600             0.8617              27             
28             [60000/60000]       0.8874              75.3900             0.8036              28             
29             [60000/60000]       0.8341              73.6900             0.8361              29             
30             [60000/60000]       0.8620              76.3600             0.7753              30             
31             [60000/60000]       0.8060              74.6600             0.8081              31             
32             [60000/60000]       0.8342              77.1200             0.7501              32             
33             [60000/60000]       0.7808              75.3300             0.7819              33             
34             [60000/60000]       0.8083              77.8700             0.7272              34             
35             [60000/60000]       0.7579              76.2800             0.7575              35             
36             [60000/60000]       0.7841              78.5500             0.7063              36             
37             [60000/60000]       0.7371              77.0600             0.7350              37             
38             [60000/60000]       0.7617              79.1900             0.6871              38             
39             [60000/60000]       0.7179              77.7700             0.7142              39             
40             [60000/60000]       0.7409              79.6000             0.6695              40             
41             [60000/60000]       0.7002              78.4400             0.6951              41             
42             [60000/60000]       0.7218              80.0000             0.6532              42             
43             [60000/60000]       0.6841              79.0500             0.6776              43             
44             [60000/60000]       0.7042              80.5400             0.6383              44             
45             [60000/60000]       0.6693              79.7700             0.6616              45             
46             [60000/60000]       0.6881              80.8800             0.6247              46             
47             [60000/60000]       0.6559              80.2100             0.6473              47             
48             [60000/60000]       0.6736              81.3100             0.6125              48             
49             [60000/60000]       0.6441              80.6100             0.6348              49             
50             [60000/60000]       0.6608              81.4900             0.6020              50             
51             [60000/60000]       0.6341              81.0800             0.6243              51             
52             [60000/60000]       0.6500              81.5700             0.5934              52             
53             [60000/60000]       0.6263              81.4600             0.6157              53             
54             [60000/60000]       0.6411              81.7700             0.5865              54             
55             [60000/60000]       0.6203              81.7500             0.6082              55             
56             [60000/60000]       0.6332              81.9700             0.5804              56             
57             [60000/60000]       0.6149              81.9400             0.6007              57             
58             [60000/60000]       0.6255              82.2100             0.5740              58             
59             [60000/60000]       0.6090              82.1800             0.5928              59             
60             [60000/60000]       0.6175              82.3900             0.5669              60             
61             [60000/60000]       0.6023              82.4100             0.5845              61             
62             [60000/60000]       0.6091              82.6500             0.5592              62             
63             [60000/60000]       0.5947              82.6700             0.5760              63             
64             [60000/60000]       0.6006              82.9200             0.5512              64             
65             [60000/60000]       0.5866              82.8800             0.5678              65             
66             [60000/60000]       0.5923              83.1100             0.5433              66             
67             [60000/60000]       0.5785              83.0500             0.5599              67             
68             [60000/60000]       0.5843              83.2800             0.5356              68             
69             [60000/60000]       0.5705              83.1400             0.5526              69             
70             [60000/60000]       0.5770              83.4200             0.5285              70             
71             [60000/60000]       0.5631              83.3000             0.5460              71             
72             [60000/60000]       0.5703              83.5700             0.5220              72             
73             [60000/60000]       0.5564              83.4500             0.5401              73             
74             [60000/60000]       0.5643              83.7100             0.5161              74             
75             [60000/60000]       0.5503              83.6100             0.5348              75             
76             [60000/60000]       0.5590              83.8600             0.5110              76             
77             [60000/60000]       0.5449              83.7200             0.5301              77             
78             [60000/60000]       0.5542              84.0700             0.5064              78             
79             [60000/60000]       0.5402              83.7900             0.5260              79             
80             [60000/60000]       0.5499              84.2100             0.5023              80             
81             [60000/60000]       0.5360              83.9200             0.5223              81             
82             [60000/60000]       0.5461              84.3100             0.4987              82             
83             [60000/60000]       0.5324              83.9800             0.5190              83             
84             [60000/60000]       0.5426              84.3300             0.4955              84             
85             [60000/60000]       0.5292              84.0700             0.5161              85             
86             [60000/60000]       0.5395              84.3900             0.4926              86             
87             [60000/60000]       0.5264              84.1400             0.5135              87             
88             [60000/60000]       0.5367              84.4200             0.4900              88             
89             [60000/60000]       0.5240              84.2000             0.5111              89             
90             [60000/60000]       0.5342              84.4500             0.4877              90             
91             [60000/60000]       0.5218              84.2000             0.5090              91             
92             [60000/60000]       0.5320              84.4900             0.4856              92             
93             [60000/60000]       0.5199              84.3200             0.5071              93             
94             [60000/60000]       0.5299              84.4800             0.4837              94             
95             [60000/60000]       0.5182              84.3500             0.5053              95             
96             [60000/60000]       0.5279              84.5400             0.4818              96             
97             [60000/60000]       0.5165              84.4200             0.5036              97             
98             [60000/60000]       0.5261              84.5500             0.4799              98             
99             [60000/60000]       0.5149              84.4800             0.5018              99             
100            [60000/60000]       0.5242              84.6100             0.4780              100            
101            [60000/60000]       0.5131              84.5500             0.5000              101            
102            [60000/60000]       0.5223              84.7100             0.4760              102            
103            [60000/60000]       0.5113              84.5400             0.4982              103            
104            [60000/60000]       0.5203              84.7500             0.4740              104            
105            [60000/60000]       0.5093              84.6200             0.4963              105            
106            [60000/60000]       0.5182              84.7800             0.4719              106            
107            [60000/60000]       0.5072              84.6900             0.4943              107            
108            [60000/60000]       0.5162              84.8200             0.4698              108            
109            [60000/60000]       0.5051              84.7400             0.4924              109            
110            [60000/60000]       0.5141              84.8800             0.4678              110            
111            [60000/60000]       0.5030              84.7900             0.4906              111            
112            [60000/60000]       0.5121              84.9300             0.4658              112            
113            [60000/60000]       0.5010              84.8700             0.4888              113            
114            [60000/60000]       0.5102              84.9900             0.4639              114            
115            [60000/60000]       0.4991              84.8700             0.4871              115            
116            [60000/60000]       0.5084              85.0300             0.4621              116            
117            [60000/60000]       0.4973              84.9100             0.4856              117            
118            [60000/60000]       0.5068              85.1000             0.4605              118            
119            [60000/60000]       0.4957              84.9600             0.4842              119            
120            [60000/60000]       0.5052              85.1800             0.4591              120            
121            [60000/60000]       0.4942              84.9900             0.4829              121            
122            [60000/60000]       0.5038              85.2000             0.4578              122            
123            [60000/60000]       0.4929              84.9900             0.4817              123            
124            [60000/60000]       0.5025              85.2100             0.4566              124            
125            [60000/60000]       0.4917              85.0200             0.4807              125            
126            [60000/60000]       0.5013              85.2900             0.4555              126            
127            [60000/60000]       0.4906              85.0300             0.4798              127            
128            [60000/60000]       0.5002              85.3200             0.4545              128            
129            [60000/60000]       0.4896              85.0500             0.4789              129            
130            [60000/60000]       0.4993              85.3100             0.4536              130            
131            [60000/60000]       0.4888              85.1100             0.4782              131            
132            [60000/60000]       0.4984              85.3100             0.4528              132            
133            [60000/60000]       0.4880              85.1100             0.4775              133            
134            [60000/60000]       0.4976              85.3500             0.4520              134            
135            [60000/60000]       0.4872              85.1300             0.4769              135            
136            [60000/60000]       0.4968              85.3500             0.4513              136            
137            [60000/60000]       0.4865              85.1600             0.4764              137            
138            [60000/60000]       0.4962              85.4000             0.4506              138            
139            [60000/60000]       0.4859              85.1500             0.4759              139            
140            [60000/60000]       0.4955              85.4300             0.4500              140            
141            [60000/60000]       0.4852              85.1500             0.4754              141            
142            [60000/60000]       0.4949              85.4500             0.4493              142            
143            [60000/60000]       0.4846              85.1300             0.4749              143            
144            [60000/60000]       0.4944              85.4700             0.4487              144            
145            [60000/60000]       0.4839              85.1400             0.4745              145            
146            [60000/60000]       0.4938              85.4500             0.4481              146            
147            [60000/60000]       0.4833              85.1600             0.4741              147            
148            [60000/60000]       0.4933              85.5000             0.4475              148            
149            [60000/60000]       0.4828              85.1600             0.4737              149            
150            [60000/60000]       0.4928              85.5300             0.4470              150            
151            [60000/60000]       0.4822              85.1900             0.4734              151            
152            [60000/60000]       0.4923              85.5300             0.4465              152            
153            [60000/60000]       0.4817              85.1900             0.4730              153            
154            [60000/60000]       0.4918              85.5400             0.4460              154            
155            [60000/60000]       0.4812              85.2600             0.4727              155            
156            [60000/60000]       0.4913              85.5600             0.4455              156            
157            [60000/60000]       0.4807              85.2400             0.4724              157            
158            [60000/60000]       0.4909              85.5800             0.4451              158            
159            [60000/60000]       0.4803              85.2400             0.4722              159            
160            [60000/60000]       0.4905              85.6000             0.4448              160            
161            [60000/60000]       0.4799              85.2400             0.4719              161            
162            [60000/60000]       0.4901              85.5900             0.4445              162            
163            [60000/60000]       0.4796              85.2600             0.4717              163            
164            [60000/60000]       0.4898              85.5800             0.4442              164            
165            [60000/60000]       0.4793              85.3200             0.4715              165            
166            [60000/60000]       0.4895              85.5800             0.4439              166            
167            [60000/60000]       0.4790              85.3300             0.4714              167            
168            [60000/60000]       0.4892              85.5600             0.4437              168            
169            [60000/60000]       0.4787              85.3200             0.4713              169            
170            [60000/60000]       0.4890              85.5800             0.4435              170            
171            [60000/60000]       0.4785              85.3300             0.4712              171            
172            [60000/60000]       0.4888              85.6100             0.4433              172            
173            [60000/60000]       0.4783              85.3200             0.4711              173            
174            [60000/60000]       0.4886              85.5700             0.4431              174            
175            [60000/60000]       0.4781              85.3100             0.4711              175            
176            [60000/60000]       0.4884              85.5800             0.4429              176            
177            [60000/60000]       0.4779              85.3100             0.4711              177            
178            [60000/60000]       0.4883              85.5800             0.4428              178            
179            [60000/60000]       0.4777              85.3300             0.4711              179            
