Current_Epoch  Batch/Total         CE_Train            Accuracy(%)         CE_TEST             Batch_Number   
0              [0/60000]           --                  9.020               2.3005              0
1              [64/60000]          2.2991              19.4200             2.2283              1              
1              [128/60000]         2.3267              35.1000             2.0774              2              
1              [192/60000]         2.0790              41.3000             1.9670              3              
1              [256/60000]         1.9912              42.4700             1.8435              4              
1              [320/60000]         1.8127              48.2600             1.7135              5              
1              [384/60000]         1.6884              62.3000             1.4950              6              
1              [448/60000]         1.4565              51.7900             1.4578              7              
1              [512/60000]         1.5197              56.8200             1.3069              8              
1              [576/60000]         1.1807              55.6800             1.2555              9              
1              [640/60000]         1.3889              62.0600             1.1801              10             
1              [704/60000]         1.0595              61.8100             1.1242              11             
1              [768/60000]         1.3733              52.0900             1.3579              12             
1              [832/60000]         1.3939              51.9200             1.2126              13             
1              [896/60000]         1.1136              65.7400             1.0304              14             
1              [960/60000]         1.0007              65.9500             1.0118              15             
1              [1024/60000]        0.7730              65.8300             0.9661              16             
1              [1088/60000]        0.9151              64.2100             0.9896              17             
1              [1152/60000]        1.0786              64.5000             0.9504              18             
1              [1216/60000]        1.0765              64.1500             0.9186              19             
1              [1280/60000]        0.7853              58.5600             0.9851              20             
1              [1344/60000]        0.9795              61.1000             1.0172              21             
1              [1408/60000]        0.9082              66.2000             0.9736              22             
1              [1472/60000]        0.7848              69.0700             0.8559              23             
1              [1536/60000]        0.9545              64.1800             0.9171              24             
1              [1600/60000]        0.9950              67.8600             0.8997              25             
1              [1664/60000]        0.8609              67.3000             0.8749              26             
1              [1728/60000]        0.8610              69.0200             0.9952              27             
1              [1792/60000]        1.2445              69.6000             0.8883              28             
1              [1856/60000]        0.7467              68.9000             0.8586              29             
1              [1920/60000]        0.8659              61.0700             0.9246              30             
1              [1984/60000]        1.0626              64.2200             1.0433              31             
1              [2048/60000]        1.3171              65.6200             0.9195              32             
1              [2112/60000]        1.0355              70.4200             0.7982              33             
1              [2176/60000]        0.8059              72.3100             0.7582              34             
1              [2240/60000]        0.6282              71.6100             0.7924              35             
1              [2304/60000]        0.8676              64.2700             0.9129              36             
1              [2368/60000]        0.7056              70.1700             0.8278              37             
1              [2432/60000]        0.8449              73.9400             0.7326              38             
1              [2496/60000]        0.7377              70.2200             0.8141              39             
1              [2560/60000]        0.9010              66.1200             0.8096              40             
1              [2624/60000]        0.9550              70.6300             0.8746              41             
1              [2688/60000]        0.7488              73.0600             0.7715              42             
1              [2752/60000]        0.9220              73.6700             0.7325              43             
1              [2816/60000]        0.7152              75.1400             0.6970              44             
1              [2880/60000]        0.7097              71.2700             0.7504              45             
1              [2944/60000]        0.6109              73.8000             0.7060              46             
1              [3008/60000]        0.6042              68.7800             0.7557              47             
1              [3072/60000]        1.0316              75.2200             0.6778              48             
1              [3136/60000]        0.7529              72.9400             0.7186              49             
1              [3200/60000]        0.6928              74.4800             0.7119              50             
1              [3264/60000]        0.6565              73.3000             0.7138              51             
1              [3328/60000]        0.6460              75.6200             0.6551              52             
1              [3392/60000]        0.5187              76.0400             0.6739              53             
1              [3456/60000]        0.6843              75.9200             0.6665              54             
1              [3520/60000]        0.5196              73.7000             0.6878              55             
1              [3584/60000]        0.6449              75.5800             0.6614              56             
1              [3648/60000]        0.8233              74.6600             0.6798              57             
1              [3712/60000]        0.5065              75.6000             0.6485              58             
1              [3776/60000]        0.6544              74.4300             0.7074              59             
1              [3840/60000]        0.6905              75.6600             0.6749              60             
1              [3904/60000]        0.6916              74.3600             0.6981              61             
1              [3968/60000]        0.6088              77.0700             0.6374              62             
1              [4032/60000]        0.9269              73.3400             0.7009              63             
1              [4096/60000]        0.8296              76.8800             0.6463              64             
1              [4160/60000]        0.5766              76.4000             0.6466              65             
1              [4224/60000]        0.5892              78.2700             0.6194              66             
1              [4288/60000]        0.4554              72.2200             0.7187              67             
1              [4352/60000]        0.7075              76.5700             0.6538              68             
1              [4416/60000]        0.4872              74.5000             0.6649              69             
1              [4480/60000]        0.6299              75.7400             0.6330              70             
1              [4544/60000]        0.6295              78.7400             0.5978              71             
1              [4608/60000]        0.6217              78.5300             0.5914              72             
1              [4672/60000]        0.6299              74.6000             0.6714              73             
1              [4736/60000]        0.4753              74.6900             0.6647              74             
1              [4800/60000]        0.6013              77.3400             0.6613              75             
1              [4864/60000]        0.6322              77.4700             0.6235              76             
1              [4928/60000]        0.6128              69.5300             0.7289              77             
1              [4992/60000]        0.6029              75.2800             0.6735              78             
1              [5056/60000]        0.4008              78.1300             0.6069              79             
1              [5120/60000]        0.6492              74.9500             0.6783              80             
1              [5184/60000]        0.8133              77.4900             0.6238              81             
1              [5248/60000]        0.6196              74.0100             0.6498              82             
1              [5312/60000]        0.6781              77.7900             0.6172              83             
1              [5376/60000]        0.6406              74.4700             0.6768              84             
1              [5440/60000]        0.5885              75.5500             0.6667              85             
1              [5504/60000]        0.6403              75.1100             0.6545              86             
1              [5568/60000]        0.7223              76.1200             0.6392              87             
1              [5632/60000]        0.3777              77.4100             0.6162              88             
1              [5696/60000]        0.6009              75.1100             0.6104              89             
1              [5760/60000]        0.4659              79.1000             0.6005              90             
1              [5824/60000]        0.5380              78.5300             0.5939              91             
1              [5888/60000]        0.4242              79.4700             0.5689              92             
1              [5952/60000]        0.6486              75.3400             0.6675              93             
1              [6016/60000]        0.6391              77.8300             0.6100              94             
1              [6080/60000]        0.6512              77.9200             0.6093              95             
1              [6144/60000]        0.5709              80.6100             0.5500              96             
1              [6208/60000]        0.4933              77.8800             0.6061              97             
1              [6272/60000]        0.5054              78.7200             0.5949              98             
1              [6336/60000]        0.4645              80.0100             0.5671              99             
1              [6400/60000]        0.4083              77.4500             0.6057              100            
1              [6464/60000]        0.6329              78.6400             0.6245              101            
1              [6528/60000]        0.6166              75.8000             0.6911              102            
1              [6592/60000]        0.6730              79.6400             0.5618              103            
1              [6656/60000]        0.4607              78.5500             0.6090              104            
1              [6720/60000]        0.8207              72.1500             0.7202              105            
1              [6784/60000]        0.3827              78.6100             0.6072              106            
1              [6848/60000]        0.5678              78.2000             0.6271              107            
1              [6912/60000]        0.9711              78.1800             0.5943              108            
1              [6976/60000]        0.4955              79.9600             0.5527              109            
1              [7040/60000]        0.5115              80.7600             0.5469              110            
1              [7104/60000]        0.5437              78.8200             0.5917              111            
1              [7168/60000]        0.3828              80.5000             0.5477              112            
1              [7232/60000]        0.4837              80.5600             0.5268              113            
1              [7296/60000]        0.4723              76.6400             0.6366              114            
1              [7360/60000]        0.6759              77.2500             0.5945              115            
1              [7424/60000]        0.5481              81.0800             0.5346              116            
1              [7488/60000]        0.3492              80.2100             0.5489              117            
1              [7552/60000]        0.3777              78.9000             0.6057              118            
1              [7616/60000]        0.7870              78.9500             0.5842              119            
1              [7680/60000]        0.8947              81.4100             0.5216              120            
1              [7744/60000]        0.4465              78.8400             0.5508              121            
1              [7808/60000]        0.6111              80.5300             0.5414              122            
1              [7872/60000]        0.5497              79.7300             0.5397              123            
1              [7936/60000]        0.4242              82.2900             0.5078              124            
1              [8000/60000]        0.7230              78.9100             0.5682              125            
1              [8064/60000]        0.4931              80.2700             0.5401              126            
1              [8128/60000]        0.4554              81.4600             0.5174              127            
1              [8192/60000]        0.4677              79.9100             0.5755              128            
1              [8256/60000]        0.5129              76.1400             0.6124              129            
1              [8320/60000]        0.7734              80.6000             0.5476              130            
1              [8384/60000]        0.5600              81.7200             0.5180              131            
1              [8448/60000]        0.5787              81.0800             0.5263              132            
1              [8512/60000]        0.4962              81.5700             0.5125              133            
1              [8576/60000]        0.4567              81.3400             0.5263              134            
1              [8640/60000]        0.5976              76.6800             0.5966              135            
1              [8704/60000]        0.5744              81.1800             0.5278              136            
1              [8768/60000]        0.5215              82.0100             0.5056              137            
1              [8832/60000]        0.4289              79.8400             0.5464              138            
1              [8896/60000]        0.6391              79.7500             0.5570              139            
1              [8960/60000]        0.4435              80.3100             0.5441              140            
1              [9024/60000]        0.5038              78.8400             0.5859              141            
1              [9088/60000]        0.5597              81.6100             0.5069              142            
1              [9152/60000]        0.7110              75.9600             0.6169              143            
1              [9216/60000]        0.6746              81.2900             0.5266              144            
1              [9280/60000]        0.5191              79.1400             0.5434              145            
1              [9344/60000]        0.4394              80.9900             0.5339              146            
1              [9408/60000]        0.5582              82.0800             0.4966              147            
1              [9472/60000]        0.4521              78.9800             0.5727              148            
1              [9536/60000]        0.7678              80.7100             0.5442              149            
1              [9600/60000]        0.8248              79.6300             0.5547              150            
1              [9664/60000]        0.5900              81.9000             0.5065              151            
1              [9728/60000]        0.4864              81.8900             0.5111              152            
1              [9792/60000]        0.4845              81.4500             0.5272              153            
1              [9856/60000]        0.4864              81.0900             0.5271              154            
1              [9920/60000]        0.3885              81.7000             0.5050              155            
1              [9984/60000]        0.7232              81.4900             0.5097              156            
1              [10048/60000]       0.5148              80.8600             0.5156              157            
1              [10112/60000]       0.4004              80.5400             0.5166              158            
1              [10176/60000]       0.5338              81.3700             0.5168              159            
1              [10240/60000]       0.3170              79.3700             0.5679              160            
1              [10304/60000]       0.6572              81.5800             0.5033              161            
1              [10368/60000]       0.4866              75.5400             0.6555              162            
1              [10432/60000]       0.4638              80.3100             0.5358              163            
1              [10496/60000]       0.2910              81.9200             0.4989              164            
1              [10560/60000]       0.5600              79.7100             0.5595              165            
1              [10624/60000]       0.5932              80.9000             0.5086              166            
1              [10688/60000]       0.4222              82.0100             0.4976              167            
1              [10752/60000]       0.4237              80.4500             0.5243              168            
1              [10816/60000]       0.4574              81.4000             0.5085              169            
1              [10880/60000]       0.4127              82.1200             0.4953              170            
1              [10944/60000]       0.3783              82.1300             0.4924              171            
1              [11008/60000]       0.3319              82.1300             0.4949              172            
1              [11072/60000]       0.4827              83.1200             0.4822              173            
1              [11136/60000]       0.5279              81.0600             0.5198              174            
1              [11200/60000]       0.3837              81.2600             0.5110              175            
1              [11264/60000]       0.4015              82.6200             0.4931              176            
1              [11328/60000]       0.4525              83.0600             0.4733              177            
1              [11392/60000]       0.4347              82.1400             0.4944              178            
1              [11456/60000]       0.5316              80.9500             0.5338              179            
1              [11520/60000]       0.3711              81.1100             0.5191              180            
1              [11584/60000]       0.3900              82.2700             0.5008              181            
1              [11648/60000]       0.4794              81.7200             0.5044              182            
1              [11712/60000]       0.5606              78.7300             0.6206              183            
1              [11776/60000]       0.8353              81.7600             0.4922              184            
1              [11840/60000]       0.4697              81.4300             0.5116              185            
1              [11904/60000]       0.6355              79.5300             0.5451              186            
1              [11968/60000]       0.3050              82.5900             0.4755              187            
1              [12032/60000]       0.4520              82.8300             0.4772              188            
1              [12096/60000]       0.4488              81.1200             0.4963              189            
1              [12160/60000]       0.4341              82.8500             0.4831              190            
1              [12224/60000]       0.5044              80.4700             0.5326              191            
1              [12288/60000]       0.4085              82.4700             0.4926              192            
1              [12352/60000]       0.4895              81.7100             0.4998              193            
1              [12416/60000]       0.5372              82.2600             0.4841              194            
1              [12480/60000]       0.4734              81.8600             0.5016              195            
1              [12544/60000]       0.4603              80.5200             0.5513              196            
1              [12608/60000]       0.4431              83.0600             0.4661              197            
1              [12672/60000]       0.5027              81.9500             0.4939              198            
1              [12736/60000]       0.3365              82.3400             0.4874              199            
1              [12800/60000]       0.4572              82.8100             0.4736              200            
1              [12864/60000]       0.3980              81.8000             0.4964              201            
1              [12928/60000]       0.4432              83.2400             0.4677              202            
1              [12992/60000]       0.4621              81.9500             0.5138              203            
1              [13056/60000]       0.4053              80.4700             0.5242              204            
1              [13120/60000]       0.6318              80.0300             0.5456              205            
1              [13184/60000]       0.6157              82.0200             0.4868              206            
1              [13248/60000]       0.4634              82.8200             0.4809              207            
1              [13312/60000]       0.5877              82.1900             0.4901              208            
1              [13376/60000]       0.6878              79.6800             0.5403              209            
1              [13440/60000]       0.5472              81.9600             0.4857              210            
1              [13504/60000]       0.4024              83.1500             0.4641              211            
1              [13568/60000]       0.5566              82.0400             0.4796              212            
1              [13632/60000]       0.6624              83.5500             0.4648              213            
1              [13696/60000]       0.5757              82.9900             0.4756              214            
1              [13760/60000]       0.4381              82.6300             0.4898              215            
1              [13824/60000]       0.7122              80.2800             0.5265              216            
1              [13888/60000]       0.5090              83.0300             0.4641              217            
1              [13952/60000]       0.5067              83.3300             0.4704              218            
1              [14016/60000]       0.4303              81.3400             0.4980              219            
1              [14080/60000]       0.4139              82.1100             0.4758              220            
1              [14144/60000]       0.4664              82.2100             0.5097              221            
1              [14208/60000]       0.4803              82.8300             0.4807              222            
1              [14272/60000]       0.4248              82.9200             0.4722              223            
1              [14336/60000]       0.3676              81.4800             0.4986              224            
1              [14400/60000]       0.4471              80.5700             0.5051              225            
1              [14464/60000]       0.4928              82.5700             0.4823              226            
1              [14528/60000]       0.3426              82.7100             0.4814              227            
1              [14592/60000]       0.6931              82.8400             0.4661              228            
1              [14656/60000]       0.4248              83.9700             0.4462              229            
1              [14720/60000]       0.4412              83.6800             0.4634              230            
1              [14784/60000]       0.4196              83.2300             0.4596              231            
1              [14848/60000]       0.6245              82.6500             0.4926              232            
1              [14912/60000]       0.6587              81.7600             0.4967              233            
1              [14976/60000]       0.5101              82.6200             0.4698              234            
1              [15040/60000]       0.4833              83.2900             0.4770              235            
1              [15104/60000]       0.5105              81.3600             0.5062              236            
1              [15168/60000]       0.4317              82.8500             0.4641              237            
1              [15232/60000]       0.5488              81.6700             0.5059              238            
1              [15296/60000]       0.4880              83.2700             0.4601              239            
1              [15360/60000]       0.3446              83.5400             0.4617              240            
1              [15424/60000]       0.4905              83.5500             0.4543              241            
1              [15488/60000]       0.4428              82.5700             0.4703              242            
1              [15552/60000]       0.4427              83.9700             0.4530              243            
1              [15616/60000]       0.3986              83.0600             0.4725              244            
1              [15680/60000]       0.4125              83.9200             0.4516              245            
1              [15744/60000]       0.4330              84.2100             0.4599              246            
1              [15808/60000]       0.4333              84.1100             0.4570              247            
1              [15872/60000]       0.5252              83.4600             0.4684              248            
1              [15936/60000]       0.2713              83.4500             0.4660              249            
1              [16000/60000]       0.2652              84.2000             0.4533              250            
1              [16064/60000]       0.3863              84.3000             0.4507              251            
1              [16128/60000]       0.4952              84.4100             0.4547              252            
1              [16192/60000]       0.4569              83.8400             0.4601              253            
1              [16256/60000]       0.4475              80.1300             0.5198              254            
1              [16320/60000]       0.5769              84.6900             0.4455              255            
1              [16384/60000]       0.4400              83.1100             0.4653              256            
1              [16448/60000]       0.4405              84.2700             0.4512              257            
1              [16512/60000]       0.2336              83.3000             0.4675              258            
1              [16576/60000]       0.3657              84.3400             0.4598              259            
1              [16640/60000]       0.3216              81.5500             0.5331              260            
1              [16704/60000]       0.4373              84.6600             0.4412              261            
1              [16768/60000]       0.4525              79.2700             0.5430              262            
1              [16832/60000]       0.5763              83.6300             0.4701              263            
1              [16896/60000]       0.4070              82.1100             0.4767              264            
1              [16960/60000]       0.4661              83.3700             0.4680              265            
1              [17024/60000]       0.3324              83.4000             0.4531              266            
1              [17088/60000]       0.3790              83.1700             0.4767              267            
1              [17152/60000]       0.4460              84.4600             0.4400              268            
1              [17216/60000]       0.3752              84.0700             0.4418              269            
1              [17280/60000]       0.4621              81.6500             0.4889              270            
1              [17344/60000]       0.3701              82.4600             0.4805              271            
1              [17408/60000]       0.3523              81.0100             0.4978              272            
1              [17472/60000]       0.4168              83.8600             0.4581              273            
1              [17536/60000]       0.5575              84.4100             0.4459              274            
1              [17600/60000]       0.3080              84.6400             0.4432              275            
1              [17664/60000]       0.5364              83.4200             0.4747              276            
1              [17728/60000]       0.5420              82.8500             0.4782              277            
1              [17792/60000]       0.4881              84.5300             0.4332              278            
1              [17856/60000]       0.3789              84.4600             0.4350              279            
