Current_Epoch  Batch/Total         CE_Train            Accuracy(%)         CE_TEST             Batch_Number   
0              [0/50000]           --                  9.020               2.3050              0
1              [1024/50000]        2.3070              17.0200             8.8283              1              
1              [2048/50000]        8.8620              18.3100             14.6136             2              
1              [3072/50000]        14.9419             10.0000             21.6013             3              
1              [4096/50000]        20.2905             14.1300             21.2366             4              
1              [5120/50000]        20.8756             10.9500             17.4246             5              
1              [6144/50000]        17.2856             12.9400             14.8056             6              
1              [7168/50000]        15.1436             14.5500             13.9220             7              
1              [8192/50000]        13.4959             14.7100             12.7647             8              
1              [9216/50000]        12.2678             18.7300             9.6334              9              
1              [10240/50000]       10.0843             18.7700             4.7955              10             
1              [11264/50000]       4.6245              15.3900             4.3820              11             
1              [12288/50000]       4.2516              15.3600             4.3442              12             
1              [13312/50000]       4.3838              21.5700             4.4419              13             
1              [14336/50000]       4.5881              22.2900             4.0498              14             
1              [15360/50000]       4.1239              22.2900             2.7495              15             
1              [16384/50000]       2.7562              24.9700             2.4614              16             
1              [17408/50000]       2.5303              31.1200             2.3394              17             
1              [18432/50000]       2.4578              33.7700             1.9646              18             
1              [19456/50000]       1.9306              33.4600             1.9759              19             
1              [20480/50000]       1.9231              31.8400             2.0503              20             
1              [21504/50000]       2.0834              29.1000             2.1439              21             
1              [22528/50000]       2.2415              28.2400             2.2183              22             
1              [23552/50000]       2.2153              33.8700             2.1289              23             
1              [24576/50000]       2.1334              38.4600             1.7498              24             
1              [25600/50000]       1.7648              36.8000             1.8577              25             
1              [26624/50000]       1.8510              38.0800             1.8478              26             
1              [27648/50000]       1.8588              36.4700             1.8361              27             
1              [28672/50000]       1.8394              32.1900             1.9382              28             
1              [29696/50000]       1.9613              32.1000             2.0033              29             
1              [30720/50000]       2.0174              32.0100             2.0673              30             
1              [31744/50000]       2.0638              35.1600             1.9253              31             
1              [32768/50000]       1.9457              32.1800             1.9734              32             
1              [33792/50000]       1.9958              33.8800             2.0379              33             
1              [34816/50000]       2.1125              32.1700             2.0393              34             
1              [35840/50000]       2.0092              35.6400             2.0224              35             
1              [36864/50000]       2.0330              35.5700             1.9353              36             
1              [37888/50000]       1.9497              35.5000             1.9806              37             
1              [38912/50000]       1.9720              31.7200             2.0420              38             
1              [39936/50000]       2.1393              37.3200             2.0801              39             
1              [40960/50000]       2.1030              36.3700             1.8317              40             
1              [41984/50000]       1.8531              36.7500             1.8697              41             
1              [43008/50000]       1.8934              38.0400             1.8591              42             
1              [44032/50000]       1.8201              37.9900             1.8109              43             
1              [45056/50000]       1.8561              38.5500             1.7899              44             
1              [46080/50000]       1.7862              41.0400             1.6930              45             
1              [47104/50000]       1.6905              38.3700             1.7358              46             
1              [48128/50000]       1.7044              38.1400             1.8424              47             
1              [49152/50000]       1.8481              38.0900             1.7605              48             
1              [41552/50000]       1.8110              36.9100             1.8005              49             
2              [1024/50000]        1.7719              39.7700             1.7739              50             
2              [2048/50000]        1.7230              39.1000             1.7812              51             
2              [3072/50000]        1.8021              37.5500             1.8330              52             
2              [4096/50000]        1.8217              38.9000             1.8630              53             
2              [5120/50000]        1.8998              32.6500             2.0185              54             
2              [6144/50000]        2.0919              37.3200             2.1053              55             
2              [7168/50000]        2.0353              34.8700             1.7882              56             
2              [8192/50000]        1.7825              40.7800             1.7155              57             
2              [9216/50000]        1.7547              40.8200             1.6527              58             
2              [10240/50000]       1.6171              41.4900             1.6871              59             
2              [11264/50000]       1.6857              40.3700             1.7387              60             
2              [12288/50000]       1.7134              36.4600             1.8876              61             
2              [13312/50000]       1.9311              39.4600             1.9160              62             
2              [14336/50000]       1.8971              38.2700             1.8208              63             
2              [15360/50000]       1.8553              38.2300             1.8798              64             
2              [16384/50000]       1.8855              43.2900             1.7333              65             
2              [17408/50000]       1.6851              42.9900             1.5956              66             
2              [18432/50000]       1.5934              38.9800             1.7118              67             
2              [19456/50000]       1.7920              37.7400             1.8747              68             
2              [20480/50000]       1.8436              41.1600             1.7124              69             
2              [21504/50000]       1.6835              42.8900             1.6923              70             
2              [22528/50000]       1.6599              44.3000             1.6656              71             
2              [23552/50000]       1.7059              41.8700             1.6375              72             
2              [24576/50000]       1.6629              39.7700             1.7050              73             
2              [25600/50000]       1.7022              37.2300             1.7473              74             
2              [26624/50000]       1.6962              39.7000             1.7948              75             
2              [27648/50000]       1.7941              41.7700             1.7230              76             
2              [28672/50000]       1.7684              43.4300             1.6409              77             
2              [29696/50000]       1.6121              40.6100             1.6541              78             
2              [30720/50000]       1.6163              43.2500             1.6132              79             
2              [31744/50000]       1.6318              43.2500             1.5967              80             
2              [32768/50000]       1.6016              44.0400             1.5906              81             
2              [33792/50000]       1.5989              42.2800             1.6217              82             
2              [34816/50000]       1.5982              41.3300             1.7117              83             
2              [35840/50000]       1.7620              43.1300             1.6445              84             
2              [36864/50000]       1.6347              42.6000             1.6328              85             
2              [37888/50000]       1.6030              45.1000             1.5621              86             
2              [38912/50000]       1.5813              41.5400             1.6127              87             
2              [39936/50000]       1.6195              42.1100             1.6882              88             
2              [40960/50000]       1.6741              44.6400             1.5467              89             
2              [41984/50000]       1.5389              43.1500             1.6022              90             
2              [43008/50000]       1.6235              40.2000             1.6729              91             
2              [44032/50000]       1.6775              41.3300             1.6770              92             
2              [45056/50000]       1.6878              42.3200             1.6153              93             
2              [46080/50000]       1.5879              44.4000             1.5916              94             
2              [47104/50000]       1.6045              45.5600             1.5275              95             
2              [48128/50000]       1.5423              45.9600             1.5446              96             
2              [49152/50000]       1.5426              44.4300             1.5689              97             
2              [41552/50000]       1.6215              42.0800             1.7279              98             
3              [1024/50000]        1.6448              44.6100             1.6077              99             
3              [2048/50000]        1.5268              45.0500             1.5331              100            
3              [3072/50000]        1.4696              46.8800             1.4950              101            
3              [4096/50000]        1.4282              45.8000             1.4985              102            
3              [5120/50000]        1.4760              45.4900             1.5101              103            
3              [6144/50000]        1.4761              45.0900             1.5260              104            
3              [7168/50000]        1.5384              41.8600             1.6930              105            
3              [8192/50000]        1.6872              45.0300             1.6460              106            
3              [9216/50000]        1.6456              41.4800             1.6875              107            
3              [10240/50000]       1.7129              40.2500             1.7388              108            
3              [11264/50000]       1.7020              42.4000             1.6053              109            
3              [12288/50000]       1.6009              42.5600             1.6214              110            
3              [13312/50000]       1.6064              41.0300             1.6258              111            
3              [14336/50000]       1.6415              40.4000             1.6769              112            
3              [15360/50000]       1.6801              43.4300             1.6096              113            
3              [16384/50000]       1.5520              45.6700             1.5287              114            
3              [17408/50000]       1.5235              47.5400             1.4943              115            
3              [18432/50000]       1.5062              46.3800             1.5202              116            
3              [19456/50000]       1.5154              47.3400             1.5345              117            
3              [20480/50000]       1.4923              46.9100             1.4767              118            
3              [21504/50000]       1.4799              47.9500             1.4628              119            
3              [22528/50000]       1.4541              47.0400             1.4822              120            
3              [23552/50000]       1.4666              47.9300             1.4891              121            
3              [24576/50000]       1.4622              47.7100             1.4704              122            
3              [25600/50000]       1.4464              47.2700             1.4586              123            
3              [26624/50000]       1.4181              47.5100             1.4765              124            
3              [27648/50000]       1.4715              44.3000             1.5650              125            
3              [28672/50000]       1.4923              45.1700             1.5960              126            
3              [29696/50000]       1.5663              44.5600             1.5756              127            
3              [30720/50000]       1.5518              47.6200             1.5026              128            
3              [31744/50000]       1.4676              47.6500             1.4669              129            
3              [32768/50000]       1.4200              44.6400             1.5419              130            
3              [33792/50000]       1.5034              45.2100             1.5393              131            
3              [34816/50000]       1.5234              46.2800             1.5675              132            
3              [35840/50000]       1.5384              45.1200             1.5454              133            
3              [36864/50000]       1.5691              45.9600             1.5019              134            
3              [37888/50000]       1.5044              46.6100             1.5259              135            
3              [38912/50000]       1.4377              47.5700             1.4636              136            
3              [39936/50000]       1.4222              47.9000             1.4558              137            
3              [40960/50000]       1.4219              45.5600             1.5159              138            
3              [41984/50000]       1.4762              43.6700             1.6131              139            
3              [43008/50000]       1.5502              43.2400             1.6325              140            
3              [44032/50000]       1.5943              41.1400             1.7430              141            
3              [45056/50000]       1.7494              43.2700             1.6411              142            
3              [46080/50000]       1.5682              45.2100             1.5584              143            
3              [47104/50000]       1.5357              43.7400             1.5836              144            
3              [48128/50000]       1.5665              43.0700             1.6325              145            
3              [49152/50000]       1.6600              45.4900             1.5888              146            
3              [41552/50000]       1.6658              46.3800             1.5241              147            
4              [1024/50000]        1.4792              48.8200             1.4534              148            
4              [2048/50000]        1.4619              49.2200             1.4406              149            
4              [3072/50000]        1.4165              48.5900             1.4607              150            
4              [4096/50000]        1.4439              48.1900             1.4662              151            
4              [5120/50000]        1.4198              48.1600             1.4616              152            
4              [6144/50000]        1.4083              49.0000             1.4496              153            
4              [7168/50000]        1.3965              46.4700             1.5254              154            
4              [8192/50000]        1.5041              45.0000             1.5527              155            
4              [9216/50000]        1.5310              44.2900             1.5507              156            
4              [10240/50000]       1.4917              42.5200             1.5847              157            
4              [11264/50000]       1.5429              42.8100             1.5749              158            
4              [12288/50000]       1.5194              46.6800             1.5072              159            
