Current_Epoch  Batch/Total         CE_Train            Accuracy(%)         CE_TEST             Batch_Number   
0              [0/50000]           --                  9.020               4.6074              0
1              [1024/50000]        4.6076              2.7900              4.7209              1              
1              [2048/50000]        4.7440              2.1300              4.9308              2              
1              [3072/50000]        4.9285              2.8100              4.8962              3              
1              [4096/50000]        4.8994              3.6800              4.6917              4              
1              [5120/50000]        4.6817              4.4300              4.4952              5              
1              [6144/50000]        4.4974              4.7300              4.3640              6              
1              [7168/50000]        4.3553              4.8900              4.3094              7              
1              [8192/50000]        4.3106              6.4100              4.2750              8              
1              [9216/50000]        4.2583              6.3400              4.2027              9              
1              [10240/50000]       4.1777              7.1100              4.1889              10             
1              [11264/50000]       4.2185              7.0900              4.1633              11             
1              [12288/50000]       4.1735              6.8100              4.1488              12             
1              [13312/50000]       4.1300              8.2800              4.1072              13             
1              [14336/50000]       4.1277              8.0300              4.0739              14             
1              [15360/50000]       4.0688              8.2600              4.0941              15             
1              [16384/50000]       4.1003              8.3600              4.1106              16             
1              [17408/50000]       4.0708              8.7900              4.0432              17             
1              [18432/50000]       3.9914              10.7600             3.9962              18             
1              [19456/50000]       3.9689              10.1800             3.9510              19             
1              [20480/50000]       3.9919              10.3900             3.9860              20             
1              [21504/50000]       4.0114              9.6900              3.9707              21             
1              [22528/50000]       4.0251              9.0200              3.9928              22             
1              [23552/50000]       3.9938              9.7500              4.0243              23             
1              [24576/50000]       4.0084              10.3700             3.9849              24             
1              [25600/50000]       4.0101              10.8200             3.9092              25             
1              [26624/50000]       3.8697              11.8900             3.8792              26             
1              [27648/50000]       3.8800              12.1100             3.8164              27             
1              [28672/50000]       3.8428              10.6300             3.8804              28             
1              [29696/50000]       3.8973              11.7000             3.9219              29             
1              [30720/50000]       3.8848              12.3200             3.8877              30             
1              [31744/50000]       3.8046              12.5700             3.8238              31             
1              [32768/50000]       3.7842              12.1900             3.8255              32             
1              [33792/50000]       3.8337              14.5300             3.7373              33             
1              [34816/50000]       3.7084              12.9300             3.7729              34             
1              [35840/50000]       3.7852              13.2100             3.7741              35             
1              [36864/50000]       3.7553              12.8600             3.7683              36             
1              [37888/50000]       3.7580              14.1100             3.7585              37             
1              [38912/50000]       3.7395              13.6800             3.7463              38             
1              [39936/50000]       3.7611              13.6800             3.7725              39             
1              [40960/50000]       3.7848              13.4100             3.7388              40             
1              [41984/50000]       3.7749              13.1400             3.7557              41             
1              [43008/50000]       3.7490              13.1400             3.7895              42             
1              [44032/50000]       3.7617              14.2900             3.7225              43             
1              [45056/50000]       3.7397              13.0400             3.7725              44             
1              [46080/50000]       3.7905              12.6400             3.8272              45             
1              [47104/50000]       3.8985              13.6900             3.8109              46             
1              [48128/50000]       3.8013              14.5100             3.7319              47             
1              [49152/50000]       3.6736              15.7400             3.6805              48             
1              [41552/50000]       3.6996              14.3400             3.7081              49             
2              [1024/50000]        3.6330              15.1500             3.6851              50             
2              [2048/50000]        3.5862              14.1600             3.7204              51             
2              [3072/50000]        3.6257              15.0200             3.7064              52             
2              [4096/50000]        3.5829              13.5800             3.7300              53             
2              [5120/50000]        3.7565              15.9100             3.7235              54             
2              [6144/50000]        3.6766              13.1500             3.7898              55             
2              [7168/50000]        3.7227              13.7100             3.7462              56             
2              [8192/50000]        3.7131              14.5700             3.7943              57             
2              [9216/50000]        3.7409              14.4100             3.6870              58             
2              [10240/50000]       3.5759              15.0700             3.6520              59             
2              [11264/50000]       3.5830              15.7700             3.6374              60             
2              [12288/50000]       3.5555              14.7600             3.7242              61             
2              [13312/50000]       3.6517              14.1200             3.7926              62             
2              [14336/50000]       3.7092              12.8100             3.8711              63             
2              [15360/50000]       3.8065              12.2800             3.7735              64             
2              [16384/50000]       3.6716              15.8100             3.6422              65             
2              [17408/50000]       3.6031              16.6200             3.6068              66             
2              [18432/50000]       3.6055              16.9100             3.5776              67             
2              [19456/50000]       3.5814              16.9100             3.6106              68             
2              [20480/50000]       3.6029              18.9000             3.5164              69             
2              [21504/50000]       3.3822              17.8800             3.5108              70             
2              [22528/50000]       3.4578              17.5200             3.5633              71             
2              [23552/50000]       3.4703              17.5200             3.5529              72             
2              [24576/50000]       3.4380              17.7500             3.5267              73             
2              [25600/50000]       3.4711              19.6700             3.4633              74             
2              [26624/50000]       3.3975              19.2900             3.4675              75             
2              [27648/50000]       3.4012              18.8400             3.4899              76             
2              [28672/50000]       3.5102              17.4500             3.5569              77             
2              [29696/50000]       3.5076              16.7700             3.5668              78             
2              [30720/50000]       3.4996              16.8200             3.5384              79             
2              [31744/50000]       3.4525              16.6300             3.5748              80             
2              [32768/50000]       3.5194              19.2100             3.5022              81             
2              [33792/50000]       3.5236              16.9200             3.5750              82             
2              [34816/50000]       3.5145              18.4300             3.5344              83             
2              [35840/50000]       3.4143              18.4500             3.5149              84             
2              [36864/50000]       3.4244              17.8200             3.5251              85             
2              [37888/50000]       3.5031              16.4900             3.6460              86             
2              [38912/50000]       3.5583              17.7800             3.5690              87             
2              [39936/50000]       3.4903              14.7300             3.7011              88             
2              [40960/50000]       3.6304              16.5000             3.7099              89             
2              [41984/50000]       3.5567              17.0900             3.5508              90             
2              [43008/50000]       3.4888              18.8800             3.5035              91             
2              [44032/50000]       3.4462              19.6700             3.4571              92             
2              [45056/50000]       3.3114              18.3500             3.5017              93             
2              [46080/50000]       3.3579              18.6600             3.5656              94             
2              [47104/50000]       3.4786              19.6500             3.4626              95             
2              [48128/50000]       3.3702              20.1300             3.4294              96             
2              [49152/50000]       3.3409              19.5300             3.4582              97             
2              [41552/50000]       3.4606              17.5400             3.5741              98             
3              [1024/50000]        3.4190              18.8800             3.4996              99             
3              [2048/50000]        3.3474              19.7400             3.4527              100            
3              [3072/50000]        3.3184              19.9200             3.4476              101            
3              [4096/50000]        3.2315              19.9600             3.4276              102            
3              [5120/50000]        3.2672              21.4700             3.3788              103            
3              [6144/50000]        3.2876              20.2600             3.4016              104            
3              [7168/50000]        3.3219              20.2400             3.3833              105            
3              [8192/50000]        3.1453              20.2500             3.4452              106            
3              [9216/50000]        3.2851              19.6300             3.4771              107            
3              [10240/50000]       3.3044              17.5500             3.5988              108            
3              [11264/50000]       3.3490              19.3000             3.4959              109            
3              [12288/50000]       3.3924              18.3800             3.4889              110            
3              [13312/50000]       3.2650              19.7500             3.4503              111            
3              [14336/50000]       3.3832              21.2400             3.4070              112            
3              [15360/50000]       3.2945              21.6400             3.4061              113            
3              [16384/50000]       3.2765              21.2700             3.3680              114            
3              [17408/50000]       3.2246              20.7600             3.3792              115            
3              [18432/50000]       3.1807              21.1100             3.3974              116            
3              [19456/50000]       3.2509              18.5700             3.5008              117            
3              [20480/50000]       3.4065              20.5200             3.4545              118            
3              [21504/50000]       3.2604              18.6900             3.4779              119            
3              [22528/50000]       3.3744              20.1600             3.4729              120            
3              [23552/50000]       3.3960              20.3400             3.4207              121            
3              [24576/50000]       3.2557              21.5800             3.3737              122            
3              [25600/50000]       3.1950              19.0200             3.4429              123            
3              [26624/50000]       3.3347              17.7700             3.5633              124            
3              [27648/50000]       3.4520              17.5100             3.7271              125            
3              [28672/50000]       3.6366              16.6000             3.6807              126            
3              [29696/50000]       3.5599              19.6300             3.4978              127            
3              [30720/50000]       3.4360              19.3900             3.5026              128            
3              [31744/50000]       3.3933              20.9900             3.4318              129            
3              [32768/50000]       3.1961              21.1500             3.3736              130            
3              [33792/50000]       3.3041              21.0500             3.4013              131            
3              [34816/50000]       3.2693              20.0900             3.4229              132            
3              [35840/50000]       3.3228              22.3700             3.3334              133            
3              [36864/50000]       3.1645              23.1100             3.2952              134            
3              [37888/50000]       3.1369              22.3700             3.3010              135            
3              [38912/50000]       3.2280              22.7600             3.2829              136            
3              [39936/50000]       3.1218              21.6100             3.3404              137            
3              [40960/50000]       3.2530              20.4000             3.4123              138            
3              [41984/50000]       3.2826              19.7500             3.5228              139            
