Current_Epoch  Batch/Total         CE_Train            Accuracy(%)         CE_TEST             Batch_Number   
0              [0/50000]           --                  9.020               4.6051              0
1              [1024/50000]        4.6049              2.1500              4.5977              1              
1              [2048/50000]        4.5987              2.6300              4.5904              2              
1              [3072/50000]        4.5892              2.9700              4.5829              3              
1              [4096/50000]        4.5826              2.7200              4.5740              4              
1              [5120/50000]        4.5718              2.3900              4.5640              5              
1              [6144/50000]        4.5624              3.3100              4.5518              6              
1              [7168/50000]        4.5434              3.5200              4.5373              7              
1              [8192/50000]        4.5352              4.7300              4.5209              8              
1              [9216/50000]        4.5294              5.1100              4.5041              9              
1              [10240/50000]       4.5088              4.6700              4.4850              10             
1              [11264/50000]       4.4870              4.6800              4.4635              11             
1              [12288/50000]       4.4654              4.9200              4.4392              12             
1              [13312/50000]       4.4163              5.8500              4.4096              13             
1              [14336/50000]       4.3768              4.9900              4.3835              14             
1              [15360/50000]       4.3604              5.0200              4.3566              15             
1              [16384/50000]       4.3671              5.7400              4.3263              16             
1              [17408/50000]       4.3340              6.3100              4.2991              17             
1              [18432/50000]       4.3018              7.0600              4.2694              18             
1              [19456/50000]       4.2513              5.8200              4.2535              19             
1              [20480/50000]       4.2420              7.1800              4.2235              20             
1              [21504/50000]       4.2271              7.8500              4.1949              21             
1              [22528/50000]       4.1955              8.4200              4.1712              22             
1              [23552/50000]       4.1880              7.2300              4.1578              23             
1              [24576/50000]       4.1327              7.8100              4.1308              24             
1              [25600/50000]       4.0683              8.5800              4.0958              25             
1              [26624/50000]       4.1338              9.0600              4.0820              26             
1              [27648/50000]       4.0986              8.9100              4.0724              27             
1              [28672/50000]       4.0834              9.0000              4.0605              28             
1              [29696/50000]       4.0848              8.8000              4.0443              29             
1              [30720/50000]       4.0069              9.2800              4.0403              30             
1              [31744/50000]       4.0330              9.0300              4.0261              31             
1              [32768/50000]       4.0472              9.2400              4.0329              32             
1              [33792/50000]       4.0104              9.9000              4.0249              33             
1              [34816/50000]       4.0294              10.0100             4.0029              34             
1              [35840/50000]       4.0688              10.1200             4.0009              35             
1              [36864/50000]       3.9938              9.3700              4.0141              36             
1              [37888/50000]       3.9815              10.2800             3.9658              37             
1              [38912/50000]       3.9299              10.5000             3.9552              38             
1              [39936/50000]       3.9334              10.2800             3.9642              39             
1              [40960/50000]       3.9341              11.3700             3.9246              40             
1              [41984/50000]       3.9415              11.8000             3.9013              41             
1              [43008/50000]       3.9341              11.1000             3.9097              42             
1              [44032/50000]       3.9168              10.4700             3.9431              43             
1              [45056/50000]       3.9196              10.7800             3.9374              44             
1              [46080/50000]       3.9693              11.0100             3.8961              45             
1              [47104/50000]       3.8525              12.0200             3.8689              46             
1              [48128/50000]       3.8273              10.9900             3.8922              47             
1              [49152/50000]       3.8742              11.8600             3.8845              48             
1              [41552/50000]       3.9153              12.0100             3.8989              49             
2              [1024/50000]        3.8854              12.8600             3.8675              50             
2              [2048/50000]        3.8565              12.2300             3.8695              51             
2              [3072/50000]        3.9149              11.4700             3.9140              52             
2              [4096/50000]        3.8827              11.1400             3.8943              53             
2              [5120/50000]        3.8792              12.1600             3.8771              54             
2              [6144/50000]        3.7831              12.9600             3.8374              55             
2              [7168/50000]        3.7901              11.9600             3.8447              56             
2              [8192/50000]        3.8654              11.9100             3.8784              57             
2              [9216/50000]        3.7881              11.8500             3.8365              58             
2              [10240/50000]       3.7425              11.5700             3.8479              59             
2              [11264/50000]       3.8114              11.9200             3.8288              60             
2              [12288/50000]       3.7891              13.6100             3.8169              61             
2              [13312/50000]       3.7927              13.4300             3.7891              62             
2              [14336/50000]       3.7309              12.9900             3.7928              63             
2              [15360/50000]       3.7796              12.6900             3.7971              64             
2              [16384/50000]       3.8045              12.5200             3.8603              65             
2              [17408/50000]       3.9345              12.1200             3.8479              66             
2              [18432/50000]       3.8351              13.0000             3.8234              67             
2              [19456/50000]       3.9085              13.7900             3.7891              68             
2              [20480/50000]       3.7297              13.1900             3.7818              69             
2              [21504/50000]       3.7095              14.0400             3.7644              70             
2              [22528/50000]       3.7116              12.9100             3.7889              71             
2              [23552/50000]       3.6747              13.6000             3.7746              72             
2              [24576/50000]       3.7098              12.9300             3.7845              73             
2              [25600/50000]       3.7733              13.9400             3.7891              74             
2              [26624/50000]       3.7572              12.7300             3.7838              75             
2              [27648/50000]       3.7615              11.9800             3.8290              76             
2              [28672/50000]       3.7219              12.5700             3.8173              77             
2              [29696/50000]       3.8004              13.5100             3.8010              78             
2              [30720/50000]       3.7807              13.8900             3.7588              79             
2              [31744/50000]       3.7230              14.6600             3.7464              80             
2              [32768/50000]       3.7785              14.1600             3.7369              81             
2              [33792/50000]       3.6850              15.0100             3.7299              82             
2              [34816/50000]       3.6593              15.1500             3.7122              83             
2              [35840/50000]       3.7045              14.1200             3.7296              84             
2              [36864/50000]       3.7390              14.7400             3.7401              85             
2              [37888/50000]       3.7153              13.8300             3.7408              86             
2              [38912/50000]       3.6803              13.5500             3.7769              87             
2              [39936/50000]       3.7250              12.4900             3.8341              88             
2              [40960/50000]       3.8320              14.8200             3.7767              89             
2              [41984/50000]       3.8001              14.8100             3.7068              90             
2              [43008/50000]       3.6871              14.3600             3.7288              91             
2              [44032/50000]       3.5886              14.7300             3.7221              92             
2              [45056/50000]       3.7067              14.6900             3.7051              93             
2              [46080/50000]       3.6886              15.2900             3.7062              94             
2              [47104/50000]       3.6839              15.5600             3.6946              95             
2              [48128/50000]       3.7137              16.1500             3.6696              96             
2              [49152/50000]       3.6582              15.7800             3.6622              97             
2              [41552/50000]       3.6006              15.6500             3.6875              98             
3              [1024/50000]        3.5777              15.6200             3.6841              99             
3              [2048/50000]        3.6156              15.2400             3.6635              100            
3              [3072/50000]        3.5546              16.1800             3.6681              101            
3              [4096/50000]        3.5981              15.7600             3.6830              102            
3              [5120/50000]        3.5367              16.0600             3.6653              103            
3              [6144/50000]        3.6527              16.8100             3.6548              104            
3              [7168/50000]        3.5496              16.0300             3.6903              105            
3              [8192/50000]        3.7066              16.2600             3.6605              106            
3              [9216/50000]        3.5282              15.4100             3.6861              107            
3              [10240/50000]       3.6790              13.5600             3.7853              108            
3              [11264/50000]       3.7206              15.7400             3.6957              109            
3              [12288/50000]       3.6196              15.8200             3.6728              110            
3              [13312/50000]       3.6390              15.2500             3.7158              111            
3              [14336/50000]       3.6967              15.5300             3.6859              112            
3              [15360/50000]       3.6447              17.0600             3.6338              113            
3              [16384/50000]       3.6125              16.5000             3.6273              114            
3              [17408/50000]       3.5842              17.0800             3.6131              115            
3              [18432/50000]       3.5239              16.4900             3.6241              116            
3              [19456/50000]       3.5942              17.2100             3.6350              117            
3              [20480/50000]       3.4747              15.4700             3.6523              118            
3              [21504/50000]       3.6297              15.6400             3.6669              119            
3              [22528/50000]       3.6384              15.4900             3.6480              120            
3              [23552/50000]       3.5605              16.3700             3.6338              121            
3              [24576/50000]       3.5751              16.8100             3.6171              122            
3              [25600/50000]       3.5800              17.1600             3.6152              123            
3              [26624/50000]       3.5789              16.7800             3.6054              124            
3              [27648/50000]       3.5303              16.0900             3.6306              125            
3              [28672/50000]       3.6033              17.2500             3.6082              126            
3              [29696/50000]       3.4579              17.4800             3.5905              127            
3              [30720/50000]       3.6555              17.0300             3.6175              128            
3              [31744/50000]       3.5555              17.4000             3.5879              129            
3              [32768/50000]       3.5797              17.8000             3.5928              130            
3              [33792/50000]       3.5818              16.5900             3.6036              131            
3              [34816/50000]       3.5776              17.1100             3.5907              132            
3              [35840/50000]       3.5174              16.6700             3.6126              133            
3              [36864/50000]       3.5350              16.5400             3.6375              134            
3              [37888/50000]       3.5245              16.9400             3.6159              135            
3              [38912/50000]       3.5572              17.4000             3.6023              136            
3              [39936/50000]       3.5086              17.7300             3.5813              137            
3              [40960/50000]       3.6224              17.9300             3.5627              138            
3              [41984/50000]       3.4699              18.0100             3.5629              139            
3              [43008/50000]       3.4938              17.2000             3.6016              140            
3              [44032/50000]       3.4684              16.3000             3.6140              141            
3              [45056/50000]       3.5831              17.7800             3.5898              142            
3              [46080/50000]       3.5104              17.9500             3.5741              143            
3              [47104/50000]       3.4517              17.3300             3.5765              144            
3              [48128/50000]       3.5632              16.2900             3.6251              145            
3              [49152/50000]       3.5615              17.1900             3.6144              146            
3              [41552/50000]       3.5817              16.6500             3.6123              147            
4              [1024/50000]        3.5601              17.8400             3.5717              148            
4              [2048/50000]        3.4562              17.4500             3.5903              149            
4              [3072/50000]        3.4827              16.9000             3.5931              150            
4              [4096/50000]        3.5032              17.8800             3.5971              151            
4              [5120/50000]        3.4865              17.6100             3.5694              152            
4              [6144/50000]        3.4729              17.0600             3.5982              153            
4              [7168/50000]        3.5165              17.2800             3.5821              154            
4              [8192/50000]        3.4942              17.0900             3.5876              155            
4              [9216/50000]        3.4698              17.4100             3.6006              156            
4              [10240/50000]       3.5109              18.1200             3.5567              157            
4              [11264/50000]       3.4565              18.0300             3.5539              158            
4              [12288/50000]       3.4219              18.0400             3.5636              159            
