Current_Epoch  Batch/Total         CE_Train            Accuracy(%)         CE_TEST             Batch_Number   
0              [0/60000]           --                  9.020               2.3039              0
1              [64/60000]          2.2973              39.4900             2.0535              1              
1              [128/60000]         1.9347              45.8000             1.8042              2              
1              [192/60000]         1.7229              54.3700             1.5759              3              
1              [256/60000]         1.4865              62.5100             1.3307              4              
1              [320/60000]         1.2452              65.2700             1.1967              5              
1              [384/60000]         1.2279              60.2600             1.1906              6              
1              [448/60000]         1.1384              49.9800             1.5015              7              
1              [512/60000]         1.4232              66.5200             1.0263              8              
1              [576/60000]         1.0486              69.3800             0.9291              9              
1              [640/60000]         0.8553              72.6900             0.9633              10             
1              [704/60000]         0.7552              71.9900             0.8813              11             
1              [768/60000]         0.8201              69.1900             0.8755              12             
1              [832/60000]         1.0056              70.8500             0.8826              13             
1              [896/60000]         0.9875              75.7000             0.7503              14             
1              [960/60000]         0.6276              79.1300             0.6643              15             
1              [1024/60000]        0.6856              76.9600             0.7397              16             
1              [1088/60000]        0.5114              78.2100             0.6713              17             
1              [1152/60000]        0.5335              71.4600             0.7795              18             
1              [1216/60000]        0.9933              69.8700             0.9525              19             
1              [1280/60000]        0.9185              79.4200             0.6294              20             
1              [1344/60000]        0.7733              75.5500             0.7345              21             
1              [1408/60000]        0.6913              82.8900             0.5678              22             
1              [1472/60000]        0.8559              76.7200             0.7258              23             
1              [1536/60000]        0.6839              79.8800             0.6029              24             
1              [1600/60000]        0.6695              83.5400             0.5793              25             
1              [1664/60000]        0.6518              81.1700             0.5773              26             
1              [1728/60000]        0.4976              84.6400             0.5066              27             
1              [1792/60000]        0.4273              83.3900             0.5035              28             
1              [1856/60000]        0.5555              81.6900             0.5664              29             
1              [1920/60000]        0.8136              80.4900             0.6120              30             
1              [1984/60000]        0.7479              85.2600             0.4947              31             
1              [2048/60000]        0.6123              85.1100             0.4915              32             
1              [2112/60000]        0.7646              76.4700             0.6991              33             
1              [2176/60000]        0.8614              86.1800             0.4557              34             
1              [2240/60000]        0.3304              85.4700             0.4836              35             
1              [2304/60000]        0.3942              85.2100             0.4644              36             
1              [2368/60000]        0.7134              80.5100             0.6286              37             
1              [2432/60000]        1.0256              74.8000             0.7460              38             
1              [2496/60000]        0.8458              79.0200             0.6274              39             
1              [2560/60000]        0.5262              81.5600             0.5503              40             
1              [2624/60000]        0.5934              86.5700             0.4597              41             
1              [2688/60000]        0.4971              86.3700             0.4391              42             
1              [2752/60000]        0.5441              85.6200             0.4815              43             
1              [2816/60000]        0.6618              82.4000             0.5120              44             
1              [2880/60000]        0.3325              85.8900             0.4628              45             
1              [2944/60000]        0.3547              86.2500             0.4475              46             
1              [3008/60000]        0.3835              88.7200             0.3986              47             
1              [3072/60000]        0.3425              88.0700             0.4011              48             
1              [3136/60000]        0.4715              85.9600             0.4606              49             
1              [3200/60000]        0.6266              86.4400             0.4529              50             
1              [3264/60000]        0.3609              88.8600             0.3833              51             
1              [3328/60000]        0.4405              88.3300             0.4115              52             
1              [3392/60000]        0.2399              87.4300             0.4236              53             
1              [3456/60000]        0.4016              87.5700             0.4334              54             
1              [3520/60000]        0.4310              87.5700             0.4162              55             
1              [3584/60000]        0.3072              89.0400             0.3785              56             
1              [3648/60000]        0.5308              86.4800             0.4327              57             
1              [3712/60000]        0.3428              89.6200             0.3574              58             
1              [3776/60000]        0.2957              85.1800             0.4592              59             
1              [3840/60000]        0.4340              87.7800             0.4017              60             
1              [3904/60000]        0.3293              89.3100             0.3627              61             
1              [3968/60000]        0.4097              84.2300             0.4805              62             
1              [4032/60000]        0.4783              86.7600             0.4257              63             
1              [4096/60000]        0.4544              88.7500             0.3766              64             
1              [4160/60000]        0.4018              86.6900             0.4314              65             
1              [4224/60000]        0.5786              86.5300             0.4511              66             
1              [4288/60000]        0.4746              85.2000             0.4711              67             
1              [4352/60000]        0.3067              87.9800             0.4128              68             
1              [4416/60000]        0.6108              86.1400             0.4642              69             
1              [4480/60000]        0.5136              88.3300             0.3988              70             
1              [4544/60000]        0.3876              88.9000             0.3920              71             
1              [4608/60000]        0.4220              89.5700             0.3650              72             
1              [4672/60000]        0.2986              89.2300             0.3778              73             
1              [4736/60000]        0.4423              87.1800             0.4108              74             
1              [4800/60000]        0.4113              89.0000             0.3707              75             
1              [4864/60000]        0.5319              87.9700             0.3988              76             
1              [4928/60000]        0.2761              89.3500             0.3638              77             
1              [4992/60000]        0.4139              89.5400             0.3758              78             
1              [5056/60000]        0.4152              87.4300             0.4178              79             
1              [5120/60000]        0.7095              88.6200             0.3718              80             
1              [5184/60000]        0.3233              89.8700             0.3487              81             
1              [5248/60000]        0.3550              86.7900             0.4120              82             
1              [5312/60000]        0.4265              88.2600             0.3995              83             
1              [5376/60000]        0.3549              87.5200             0.4218              84             
1              [5440/60000]        0.3661              88.2600             0.3842              85             
1              [5504/60000]        0.5944              87.6600             0.4158              86             
1              [5568/60000]        0.5536              88.1100             0.3885              87             
1              [5632/60000]        0.4581              85.0300             0.4553              88             
1              [5696/60000]        0.3690              88.1300             0.3732              89             
1              [5760/60000]        0.4358              89.3400             0.3718              90             
1              [5824/60000]        0.3057              88.9900             0.3746              91             
1              [5888/60000]        0.3328              90.2300             0.3340              92             
1              [5952/60000]        0.4344              89.0300             0.3554              93             
1              [6016/60000]        0.4342              87.1100             0.4079              94             
1              [6080/60000]        0.5802              88.2900             0.4048              95             
1              [6144/60000]        0.3390              86.7700             0.4144              96             
1              [6208/60000]        0.2406              90.3600             0.3291              97             
1              [6272/60000]        0.2133              90.0000             0.3525              98             
1              [6336/60000]        0.3081              84.0300             0.4799              99             
1              [6400/60000]        0.2719              89.7600             0.3584              100            
1              [6464/60000]        0.3599              87.8100             0.4012              101            
1              [6528/60000]        0.3911              90.2800             0.3384              102            
1              [6592/60000]        0.2946              90.2600             0.3460              103            
1              [6656/60000]        0.4970              87.4300             0.4075              104            
1              [6720/60000]        0.2957              90.7500             0.3151              105            
1              [6784/60000]        0.2270              89.8100             0.3520              106            
1              [6848/60000]        0.2147              89.3300             0.3626              107            
1              [6912/60000]        0.5516              88.5800             0.4042              108            
1              [6976/60000]        0.4267              89.7300             0.3573              109            
1              [7040/60000]        0.2068              90.8000             0.3248              110            
1              [7104/60000]        0.1579              90.4000             0.3309              111            
1              [7168/60000]        0.3431              90.2600             0.3325              112            
1              [7232/60000]        0.3485              87.8600             0.3846              113            
1              [7296/60000]        0.4516              89.8300             0.3527              114            
1              [7360/60000]        0.3489              89.3200             0.3563              115            
1              [7424/60000]        0.3600              88.3300             0.3838              116            
1              [7488/60000]        0.3591              90.1000             0.3398              117            
1              [7552/60000]        0.3860              89.0800             0.3672              118            
1              [7616/60000]        0.3432              89.9400             0.3421              119            
1              [7680/60000]        0.4647              89.1700             0.3748              120            
1              [7744/60000]        0.3406              91.1200             0.3183              121            
1              [7808/60000]        0.1961              89.9500             0.3395              122            
1              [7872/60000]        0.2388              90.7900             0.3198              123            
1              [7936/60000]        0.3612              90.3100             0.3464              124            
1              [8000/60000]        0.3077              91.0700             0.3152              125            
1              [8064/60000]        0.1683              91.0100             0.3080              126            
1              [8128/60000]        0.3620              88.7400             0.3716              127            
1              [8192/60000]        0.2829              90.8200             0.3311              128            
1              [8256/60000]        0.4213              89.9000             0.3361              129            
1              [8320/60000]        0.3256              90.9600             0.3233              130            
1              [8384/60000]        0.2716              90.6200             0.3220              131            
1              [8448/60000]        0.3498              91.1200             0.3126              132            
1              [8512/60000]        0.3423              90.0900             0.3262              133            
1              [8576/60000]        0.1542              91.0400             0.3097              134            
1              [8640/60000]        0.3674              89.9900             0.3389              135            
1              [8704/60000]        0.3734              89.3200             0.3622              136            
1              [8768/60000]        0.3978              87.6700             0.4036              137            
1              [8832/60000]        0.3954              90.5800             0.3210              138            
1              [8896/60000]        0.2569              90.2800             0.3321              139            
1              [8960/60000]        0.1680              91.6700             0.2977              140            
1              [9024/60000]        0.3807              90.0500             0.3472              141            
1              [9088/60000]        0.4661              88.4600             0.3777              142            
1              [9152/60000]        0.3193              89.7400             0.3507              143            
1              [9216/60000]        0.2815              89.3800             0.3537              144            
1              [9280/60000]        0.2050              91.3800             0.3017              145            
1              [9344/60000]        0.4803              89.9000             0.3412              146            
1              [9408/60000]        0.2910              88.7600             0.3675              147            
1              [9472/60000]        0.3229              90.9500             0.3169              148            
1              [9536/60000]        0.3659              90.0600             0.3377              149            
1              [9600/60000]        0.3489              89.5500             0.3601              150            
1              [9664/60000]        0.4017              91.9000             0.2926              151            
1              [9728/60000]        0.3559              90.7100             0.3162              152            
1              [9792/60000]        0.2705              90.3800             0.3347              153            
1              [9856/60000]        0.4548              87.4000             0.4136              154            
1              [9920/60000]        0.3680              90.4900             0.3254              155            
1              [9984/60000]        0.3705              91.1000             0.3151              156            
1              [10048/60000]       0.2741              91.5400             0.3036              157            
1              [10112/60000]       0.1791              91.4900             0.3021              158            
1              [10176/60000]       0.2268              91.0200             0.3147              159            
1              [10240/60000]       0.4321              88.8300             0.3626              160            
1              [10304/60000]       0.6465              89.7800             0.3284              161            
1              [10368/60000]       0.3848              90.3400             0.3232              162            
1              [10432/60000]       0.2930              90.5000             0.3201              163            
1              [10496/60000]       0.2916              91.2200             0.2972              164            
1              [10560/60000]       0.5759              90.7600             0.3018              165            
1              [10624/60000]       0.3155              90.7600             0.3075              166            
1              [10688/60000]       0.3008              90.1500             0.3169              167            
1              [10752/60000]       0.2277              89.6800             0.3373              168            
1              [10816/60000]       0.2476              90.0200             0.3278              169            
1              [10880/60000]       0.2698              90.4200             0.3268              170            
1              [10944/60000]       0.3568              90.5800             0.3115              171            
1              [11008/60000]       0.1454              91.3300             0.2906              172            
1              [11072/60000]       0.3703              90.6800             0.3201              173            
1              [11136/60000]       0.2337              91.1200             0.2997              174            
1              [11200/60000]       0.2848              91.4200             0.3000              175            
1              [11264/60000]       0.2313              91.8800             0.2904              176            
1              [11328/60000]       0.1553              91.6500             0.2845              177            
1              [11392/60000]       0.2159              91.4800             0.2906              178            
1              [11456/60000]       0.5491              91.5000             0.2812              179            
1              [11520/60000]       0.2847              91.2700             0.2986              180            
1              [11584/60000]       0.3020              91.7800             0.2796              181            
1              [11648/60000]       0.4726              90.4200             0.3222              182            
1              [11712/60000]       0.2257              91.5100             0.2932              183            
1              [11776/60000]       0.3430              91.3000             0.2917              184            
1              [11840/60000]       0.2477              91.7700             0.2778              185            
1              [11904/60000]       0.2422              91.1400             0.3082              186            
1              [11968/60000]       0.3685              90.9200             0.3027              187            
1              [12032/60000]       0.4022              91.6400             0.2951              188            
1              [12096/60000]       0.1872              91.4700             0.2921              189            
1              [12160/60000]       0.4001              91.1600             0.3087              190            
1              [12224/60000]       0.4385              92.0400             0.2776              191            
1              [12288/60000]       0.1814              91.7800             0.2808              192            
1              [12352/60000]       0.5100              90.6500             0.3130              193            
1              [12416/60000]       0.2108              91.7300             0.2859              194            
1              [12480/60000]       0.1988              91.4000             0.2846              195            
1              [12544/60000]       0.3325              91.6100             0.2857              196            
1              [12608/60000]       0.1930              91.6700             0.2967              197            
1              [12672/60000]       0.3093              92.0000             0.2958              198            
1              [12736/60000]       0.1972              91.4700             0.2918              199            
1              [12800/60000]       0.2274              92.2500             0.2720              200            
1              [12864/60000]       0.1771              92.4300             0.2722              201            
1              [12928/60000]       0.2781              92.4100             0.2752              202            
1              [12992/60000]       0.3823              91.2400             0.3110              203            
1              [13056/60000]       0.4465              89.6400             0.3428              204            
1              [13120/60000]       0.5096              88.3100             0.3588              205            
1              [13184/60000]       0.3733              92.4600             0.2601              206            
1              [13248/60000]       0.2371              92.0300             0.2745              207            
1              [13312/60000]       0.2871              91.7700             0.2792              208            
1              [13376/60000]       0.2472              92.2700             0.2643              209            
1              [13440/60000]       0.3595              91.9700             0.2733              210            
1              [13504/60000]       0.2193              90.9200             0.3060              211            
1              [13568/60000]       0.2012              92.2200             0.2638              212            
1              [13632/60000]       0.3445              90.6000             0.3077              213            
1              [13696/60000]       0.4573              92.0100             0.2708              214            
1              [13760/60000]       0.4458              92.1600             0.2600              215            
1              [13824/60000]       0.1855              92.3700             0.2608              216            
1              [13888/60000]       0.2004              90.9400             0.2928              217            
1              [13952/60000]       0.2913              91.5900             0.2865              218            
1              [14016/60000]       0.5965              91.3000             0.2978              219            
1              [14080/60000]       0.3405              91.6900             0.2755              220            
1              [14144/60000]       0.4801              91.9200             0.2726              221            
1              [14208/60000]       0.2275              92.4800             0.2566              222            
1              [14272/60000]       0.2112              92.5100             0.2537              223            
1              [14336/60000]       0.3945              92.1100             0.2643              224            
1              [14400/60000]       0.2469              91.9200             0.2696              225            
1              [14464/60000]       0.3904              91.8900             0.2822              226            
1              [14528/60000]       0.5413              91.8700             0.2813              227            
1              [14592/60000]       0.3164              91.8200             0.2805              228            
1              [14656/60000]       0.3640              90.3700             0.3166              229            
1              [14720/60000]       0.1716              91.3800             0.2817              230            
1              [14784/60000]       0.2525              89.4000             0.3347              231            
1              [14848/60000]       0.1686              92.5100             0.2562              232            
1              [14912/60000]       0.3027              92.2000             0.2612              233            
1              [14976/60000]       0.3683              91.4400             0.2854              234            
1              [15040/60000]       0.2145              92.0700             0.2731              235            
1              [15104/60000]       0.3294              92.3200             0.2646              236            
1              [15168/60000]       0.4548              92.2500             0.2543              237            
1              [15232/60000]       0.2367              92.7300             0.2488              238            
1              [15296/60000]       0.1063              92.9600             0.2375              239            
1              [15360/60000]       0.0948              92.5100             0.2493              240            
1              [15424/60000]       0.2166              92.3900             0.2580              241            
1              [15488/60000]       0.2154              92.9500             0.2421              242            
1              [15552/60000]       0.2590              92.4700             0.2512              243            
1              [15616/60000]       0.2539              91.7800             0.2673              244            
1              [15680/60000]       0.1457              92.9200             0.2423              245            
1              [15744/60000]       0.1775              91.9400             0.2673              246            
1              [15808/60000]       0.2685              90.7300             0.2982              247            
1              [15872/60000]       0.2934              93.1500             0.2347              248            
1              [15936/60000]       0.3001              92.6600             0.2538              249            
1              [16000/60000]       0.0699              92.7300             0.2446              250            
1              [16064/60000]       0.2619              92.8100             0.2482              251            
1              [16128/60000]       0.1289              92.7400             0.2514              252            
1              [16192/60000]       0.2019              91.7100             0.2603              253            
1              [16256/60000]       0.3843              92.2400             0.2637              254            
1              [16320/60000]       0.4244              92.7500             0.2541              255            
1              [16384/60000]       0.1754              92.5000             0.2545              256            
1              [16448/60000]       0.1389              92.8400             0.2418              257            
1              [16512/60000]       0.1984              92.0500             0.2635              258            
1              [16576/60000]       0.4426              92.7200             0.2500              259            
1              [16640/60000]       0.1767              92.4800             0.2652              260            
1              [16704/60000]       0.3692              92.6400             0.2520              261            
1              [16768/60000]       0.1381              91.7600             0.2778              262            
1              [16832/60000]       0.2201              92.6300             0.2554              263            
1              [16896/60000]       0.2971              92.2200             0.2589              264            
1              [16960/60000]       0.1271              92.4600             0.2505              265            
1              [17024/60000]       0.1380              92.0900             0.2650              266            
1              [17088/60000]       0.2042              92.1300             0.2590              267            
1              [17152/60000]       0.3148              92.0600             0.2671              268            
1              [17216/60000]       0.1364              93.1900             0.2326              269            
1              [17280/60000]       0.2559              92.3800             0.2601              270            
1              [17344/60000]       0.3993              92.5600             0.2445              271            
1              [17408/60000]       0.4080              92.4200             0.2588              272            
1              [17472/60000]       0.4843              91.9600             0.2666              273            
1              [17536/60000]       0.2979              92.6800             0.2579              274            
1              [17600/60000]       0.3010              92.7700             0.2460              275            
1              [17664/60000]       0.2180              91.5300             0.2787              276            
1              [17728/60000]       0.5285              92.4500             0.2484              277            
1              [17792/60000]       0.2727              92.3300             0.2494              278            
1              [17856/60000]       0.3210              92.5300             0.2492              279            
