Current_Epoch  Batch/Total         CE_Train            Accuracy(%)         CE_TEST             Batch_Number   
0              [0/50000]           --                  9.020               4.6160              0
1              [1024/50000]        4.6145              3.0500              6.5704              1              
1              [2048/50000]        6.4491              1.4500              13.6895             2              
1              [3072/50000]        13.3006             1.6100              17.7769             3              
1              [4096/50000]        17.9768             1.8700              16.6313             4              
1              [5120/50000]        17.1015             1.4900              13.4109             5              
1              [6144/50000]        12.8150             1.5300              13.7165             6              
1              [7168/50000]        13.8877             1.3000              12.4863             7              
1              [8192/50000]        12.5938             1.9900              9.9716              8              
1              [9216/50000]        9.8854              2.2300              8.1931              9              
1              [10240/50000]       8.5171              2.8600              6.8433              10             
1              [11264/50000]       6.6645              3.0700              5.9353              11             
1              [12288/50000]       5.8415              4.3600              5.2603              12             
1              [13312/50000]       5.3547              4.1200              4.8846              13             
1              [14336/50000]       4.8049              6.0400              4.6840              14             
1              [15360/50000]       4.6561              6.8100              4.5364              15             
1              [16384/50000]       4.5271              8.2200              4.4393              16             
1              [17408/50000]       4.4039              7.6000              4.3718              17             
1              [18432/50000]       4.4406              8.4000              4.2858              18             
1              [19456/50000]       4.3028              9.0400              4.2439              19             
1              [20480/50000]       4.2704              9.7200              4.2054              20             
1              [21504/50000]       4.1942              11.0100             4.1659              21             
1              [22528/50000]       4.1807              9.5600              4.1460              22             
1              [23552/50000]       4.1354              10.5700             4.1104              23             
1              [24576/50000]       4.1250              10.3600             4.0878              24             
1              [25600/50000]       4.0224              11.3000             4.0657              25             
1              [26624/50000]       4.0422              10.8500             4.0446              26             
1              [27648/50000]       4.0856              11.7700             4.0260              27             
1              [28672/50000]       4.0170              12.5800             4.0003              28             
1              [29696/50000]       4.0141              11.7000             3.9831              29             
1              [30720/50000]       3.9353              11.6200             3.9830              30             
1              [31744/50000]       4.0450              12.4900             3.9918              31             
1              [32768/50000]       4.0391              12.4700             3.9411              32             
1              [33792/50000]       3.9603              12.0500             3.9382              33             
1              [34816/50000]       3.9482              12.3600             3.9263              34             
1              [35840/50000]       3.9682              12.2600             3.9326              35             
1              [36864/50000]       3.8819              13.5000             3.8989              36             
1              [37888/50000]       3.8353              12.6200             3.9175              37             
1              [38912/50000]       3.9051              11.1600             3.9101              38             
1              [39936/50000]       3.8329              12.9500             3.8876              39             
1              [40960/50000]       3.8920              14.5100             3.8175              40             
1              [41984/50000]       3.8347              13.3600             3.8313              41             
1              [43008/50000]       3.7522              13.3100             3.8391              42             
1              [44032/50000]       3.8554              14.3500             3.8136              43             
1              [45056/50000]       3.8402              13.2200             3.8671              44             
1              [46080/50000]       3.8644              13.2300             3.8413              45             
1              [47104/50000]       3.8296              14.1500             3.7985              46             
1              [48128/50000]       3.7284              15.5200             3.7443              47             
1              [49152/50000]       3.6993              15.1800             3.7370              48             
1              [41552/50000]       3.7813              14.4900             3.8004              49             
2              [1024/50000]        3.6870              13.0700             3.8564              50             
2              [2048/50000]        3.7733              13.1200             3.8200              51             
2              [3072/50000]        3.7484              14.3100             3.7851              52             
2              [4096/50000]        3.6989              14.1200             3.7624              53             
2              [5120/50000]        3.6234              13.4600             3.7662              54             
2              [6144/50000]        3.7077              14.5800             3.7662              55             
2              [7168/50000]        3.7155              14.0700             3.7667              56             
2              [8192/50000]        3.6158              13.8800             3.7858              57             
2              [9216/50000]        3.7199              14.5200             3.7742              58             
2              [10240/50000]       3.7281              14.0300             3.7438              59             
2              [11264/50000]       3.7041              15.2000             3.7679              60             
2              [12288/50000]       3.6815              15.2700             3.6837              61             
2              [13312/50000]       3.5436              15.5600             3.6838              62             
2              [14336/50000]       3.6324              16.0400             3.6717              63             
2              [15360/50000]       3.7285              15.5100             3.6997              64             
2              [16384/50000]       3.5701              17.3800             3.6501              65             
2              [17408/50000]       3.5814              15.7500             3.6411              66             
2              [18432/50000]       3.5811              16.8900             3.6259              67             
2              [19456/50000]       3.5689              16.1900             3.6334              68             
2              [20480/50000]       3.5448              16.1800             3.6837              69             
2              [21504/50000]       3.6324              16.1500             3.6696              70             
2              [22528/50000]       3.5262              15.9500             3.6258              71             
2              [23552/50000]       3.5732              16.0100             3.6638              72             
2              [24576/50000]       3.6132              16.0900             3.6471              73             
2              [25600/50000]       3.6384              14.2600             3.7500              74             
2              [26624/50000]       3.6780              16.2900             3.6865              75             
2              [27648/50000]       3.6200              17.2100             3.6222              76             
2              [28672/50000]       3.5117              17.1200             3.5879              77             
2              [29696/50000]       3.5804              17.9900             3.5729              78             
2              [30720/50000]       3.4888              16.7100             3.5725              79             
2              [31744/50000]       3.5122              16.8200             3.5927              80             
2              [32768/50000]       3.5079              17.1600             3.5998              81             
2              [33792/50000]       3.5243              17.5400             3.5846              82             
2              [34816/50000]       3.5153              17.4400             3.5643              83             
2              [35840/50000]       3.5531              16.4400             3.6296              84             
2              [36864/50000]       3.4789              17.3900             3.5883              85             
2              [37888/50000]       3.5111              17.3300             3.5802              86             
2              [38912/50000]       3.5148              17.3200             3.5830              87             
2              [39936/50000]       3.4958              17.8100             3.5843              88             
2              [40960/50000]       3.5249              18.6900             3.5099              89             
2              [41984/50000]       3.4588              17.6800             3.5672              90             
2              [43008/50000]       3.5131              17.0900             3.5792              91             
2              [44032/50000]       3.5261              17.4600             3.6207              92             
2              [45056/50000]       3.5514              18.8600             3.5145              93             
2              [46080/50000]       3.4596              18.2300             3.5266              94             
2              [47104/50000]       3.4674              17.9600             3.5559              95             
2              [48128/50000]       3.5127              18.5000             3.5201              96             
2              [49152/50000]       3.4734              19.0800             3.5093              97             
2              [41552/50000]       3.4409              19.3000             3.5094              98             
3              [1024/50000]        3.3600              19.0700             3.5007              99             
3              [2048/50000]        3.3201              20.3800             3.4393              100            
3              [3072/50000]        3.2730              20.1900             3.4224              101            
3              [4096/50000]        3.2704              18.8700             3.4743              102            
3              [5120/50000]        3.2980              19.5000             3.4901              103            
3              [6144/50000]        3.3653              18.7100             3.4695              104            
3              [7168/50000]        3.3093              19.0700             3.5272              105            
3              [8192/50000]        3.3600              17.3800             3.5626              106            
3              [9216/50000]        3.3893              18.3500             3.5668              107            
3              [10240/50000]       3.4112              16.3500             3.5728              108            
3              [11264/50000]       3.4435              18.7200             3.5112              109            
3              [12288/50000]       3.3820              18.8600             3.5362              110            
3              [13312/50000]       3.4390              18.7900             3.5468              111            
3              [14336/50000]       3.3915              18.8100             3.5022              112            
3              [15360/50000]       3.3345              18.2100             3.5223              113            
3              [16384/50000]       3.3390              17.5800             3.5467              114            
3              [17408/50000]       3.4098              19.4300             3.5131              115            
3              [18432/50000]       3.3294              18.9400             3.4668              116            
3              [19456/50000]       3.3266              20.2700             3.4270              117            
3              [20480/50000]       3.2818              20.5200             3.4407              118            
3              [21504/50000]       3.3390              19.8600             3.4478              119            
3              [22528/50000]       3.3502              19.8600             3.4389              120            
3              [23552/50000]       3.2061              19.7200             3.4451              121            
3              [24576/50000]       3.1481              18.3100             3.4946              122            
3              [25600/50000]       3.3871              19.5000             3.5185              123            
3              [26624/50000]       3.3355              18.4500             3.4937              124            
3              [27648/50000]       3.2884              20.0900             3.4781              125            
3              [28672/50000]       3.3338              19.8000             3.4254              126            
3              [29696/50000]       3.2732              19.7200             3.4231              127            
3              [30720/50000]       3.2239              20.5400             3.4403              128            
3              [31744/50000]       3.2803              19.0700             3.5424              129            
3              [32768/50000]       3.4743              17.1100             3.6218              130            
3              [33792/50000]       3.4355              18.1200             3.6528              131            
3              [34816/50000]       3.3845              19.0600             3.5187              132            
3              [35840/50000]       3.3709              18.6600             3.5094              133            
3              [36864/50000]       3.4955              16.5300             3.6239              134            
3              [37888/50000]       3.4007              20.2100             3.5101              135            
3              [38912/50000]       3.3527              20.4000             3.3943              136            
3              [39936/50000]       3.2791              20.5200             3.3945              137            
3              [40960/50000]       3.3014              19.2200             3.4684              138            
3              [41984/50000]       3.3012              19.1800             3.4872              139            
