Current_Epoch  Batch/Total         CE_Train            Accuracy(%)         CE_TEST             Batch_Number   
0              [0/50000]           --                  9.020               4.6089              0
1              [64/50000]          4.6008              1.4700              8.1853              1              
1              [128/50000]         7.6459              1.4200              10.9707             2              
1              [192/50000]         11.7378             1.2500              10.3713             3              
1              [256/50000]         10.2745             2.0700              8.7590              4              
1              [320/50000]         8.9322              1.5400              7.4737              5              
1              [384/50000]         7.9728              2.6600              6.6604              6              
1              [448/50000]         6.8508              2.1900              6.8996              7              
1              [512/50000]         7.5851              1.0900              7.2562              8              
1              [576/50000]         7.1611              1.3500              5.8118              9              
1              [640/50000]         5.6861              3.1200              5.4011              10             
1              [704/50000]         5.5565              3.8400              4.8889              11             
1              [768/50000]         4.8510              2.9600              4.8812              12             
1              [832/50000]         4.9275              3.7300              4.7485              13             
1              [896/50000]         4.9720              4.2700              4.6090              14             
1              [960/50000]         4.5878              5.6400              4.6468              15             
1              [1024/50000]        4.8252              4.1100              4.5386              16             
1              [1088/50000]        4.4052              2.2000              4.8137              17             
1              [1152/50000]        4.7327              4.4600              4.5695              18             
1              [1216/50000]        4.4607              5.0000              4.4997              19             
1              [1280/50000]        4.5146              5.0600              4.4367              20             
1              [1344/50000]        4.5126              4.4600              4.4209              21             
1              [1408/50000]        4.4097              4.5700              4.3998              22             
1              [1472/50000]        4.4408              5.9100              4.3540              23             
1              [1536/50000]        4.2845              5.3400              4.4105              24             
1              [1600/50000]        4.5255              5.4300              4.3604              25             
1              [1664/50000]        4.4193              7.6100              4.2657              26             
1              [1728/50000]        4.3854              7.3500              4.2668              27             
1              [1792/50000]        4.3715              6.1000              4.2753              28             
1              [1856/50000]        4.2586              4.8200              4.3558              29             
1              [1920/50000]        4.2633              6.6800              4.2429              30             
1              [1984/50000]        4.2786              6.4300              4.2559              31             
1              [2048/50000]        4.4217              5.9800              4.2781              32             
1              [2112/50000]        4.5090              5.6700              4.2934              33             
1              [2176/50000]        4.1003              5.5200              4.3122              34             
1              [2240/50000]        4.2272              5.8700              4.2870              35             
1              [2304/50000]        4.2294              5.7100              4.2656              36             
1              [2368/50000]        4.1940              5.7500              4.2634              37             
1              [2432/50000]        4.1875              6.4500              4.2236              38             
1              [2496/50000]        4.2882              5.5600              4.2459              39             
1              [2560/50000]        4.1915              7.1500              4.2232              40             
1              [2624/50000]        4.0470              5.9700              4.2768              41             
1              [2688/50000]        4.3337              7.9700              4.1509              42             
1              [2752/50000]        3.9936              6.8000              4.2312              43             
1              [2816/50000]        4.1263              7.3300              4.1989              44             
1              [2880/50000]        4.1684              8.2200              4.2047              45             
1              [2944/50000]        4.2605              7.6000              4.2069              46             
1              [3008/50000]        4.0203              6.0500              4.2340              47             
1              [3072/50000]        4.2408              6.7900              4.1805              48             
1              [3136/50000]        4.0047              7.8100              4.2148              49             
1              [3200/50000]        4.4054              8.1000              4.1699              50             
1              [3264/50000]        4.1896              6.8400              4.2107              51             
1              [3328/50000]        4.2466              6.3500              4.1631              52             
1              [3392/50000]        4.0233              6.7300              4.2166              53             
1              [3456/50000]        4.2221              7.4600              4.1574              54             
1              [3520/50000]        4.0709              7.2600              4.1718              55             
1              [3584/50000]        4.2803              9.1800              4.0695              56             
1              [3648/50000]        4.1731              8.7700              4.0774              57             
1              [3712/50000]        4.1583              8.6100              4.1137              58             
1              [3776/50000]        4.0602              8.3300              4.0948              59             
1              [3840/50000]        4.1560              8.8200              4.1167              60             
1              [3904/50000]        3.9059              7.1200              4.2447              61             
1              [3968/50000]        4.3884              6.9500              4.1778              62             
1              [4032/50000]        4.3069              8.3000              4.0977              63             
1              [4096/50000]        4.0443              7.8500              4.0806              64             
1              [4160/50000]        4.1650              9.3900              4.0719              65             
1              [4224/50000]        4.1076              7.6700              4.0947              66             
1              [4288/50000]        3.7667              6.4500              4.1347              67             
1              [4352/50000]        4.0899              8.6700              4.0324              68             
1              [4416/50000]        3.9240              8.8700              4.0358              69             
1              [4480/50000]        4.0276              8.2500              4.0636              70             
1              [4544/50000]        4.0494              9.7300              4.0451              71             
1              [4608/50000]        3.9837              9.3100              4.0725              72             
1              [4672/50000]        4.1008              9.1500              4.0367              73             
1              [4736/50000]        3.9437              9.2700              4.0601              74             
1              [4800/50000]        4.0373              8.2300              4.0082              75             
1              [4864/50000]        3.9453              9.4400              4.0346              76             
1              [4928/50000]        4.5044              9.5600              3.9807              77             
1              [4992/50000]        3.9178              9.1700              4.0350              78             
1              [5056/50000]        4.1336              7.5800              4.1009              79             
1              [5120/50000]        4.2191              7.6300              4.0668              80             
1              [5184/50000]        3.9035              8.0300              4.0257              81             
1              [5248/50000]        4.1235              9.1300              4.0030              82             
1              [5312/50000]        4.0198              8.4800              4.0371              83             
1              [5376/50000]        4.1261              9.2700              3.9792              84             
1              [5440/50000]        4.2617              10.0600             3.9655              85             
1              [5504/50000]        3.8384              9.7200              3.9900              86             
1              [5568/50000]        3.9840              9.4000              3.9767              87             
1              [5632/50000]        4.0156              9.5800              3.9887              88             
1              [5696/50000]        4.0259              10.3200             3.9371              89             
1              [5760/50000]        3.7775              10.3000             3.9650              90             
1              [5824/50000]        3.9691              9.2000              4.0195              91             
1              [5888/50000]        4.0996              8.9800              3.9835              92             
1              [5952/50000]        4.2585              10.3300             3.9607              93             
1              [6016/50000]        4.1162              8.9600              3.9839              94             
1              [6080/50000]        3.9135              9.5700              3.9374              95             
1              [6144/50000]        4.0038              10.4100             3.9567              96             
1              [6208/50000]        4.1204              8.7800              4.0291              97             
1              [6272/50000]        4.1653              9.6000              3.9487              98             
1              [6336/50000]        4.0097              9.5100              3.9477              99             
1              [6400/50000]        3.9906              11.6800             3.8831              100            
1              [6464/50000]        3.6681              10.2900             3.9201              101            
1              [6528/50000]        3.7140              10.9300             3.9378              102            
1              [6592/50000]        3.8249              10.9200             3.9448              103            
1              [6656/50000]        3.9577              9.9500              4.0226              104            
1              [6720/50000]        4.3136              12.3100             3.8683              105            
1              [6784/50000]        4.2119              11.4200             3.8805              106            
1              [6848/50000]        3.8966              11.1700             3.8661              107            
1              [6912/50000]        3.8421              11.0500             3.8807              108            
1              [6976/50000]        3.9839              10.7900             3.9148              109            
1              [7040/50000]        3.8879              10.3100             3.9104              110            
1              [7104/50000]        3.6890              9.4000              3.9571              111            
1              [7168/50000]        4.1037              10.2500             3.9269              112            
1              [7232/50000]        3.6644              12.5400             3.8326              113            
1              [7296/50000]        3.9692              10.7200             3.9064              114            
1              [7360/50000]        4.0121              10.4600             3.9077              115            
1              [7424/50000]        3.8631              10.2900             3.9005              116            
1              [7488/50000]        3.5590              11.0300             3.8933              117            
1              [7552/50000]        3.9580              9.6300              4.0011              118            
1              [7616/50000]        3.8595              11.9100             3.8411              119            
1              [7680/50000]        4.0258              11.2400             3.8804              120            
1              [7744/50000]        3.9336              11.4700             3.8264              121            
1              [7808/50000]        3.6418              12.0200             3.8557              122            
1              [7872/50000]        3.7137              11.0600             3.9949              123            
1              [7936/50000]        3.8874              9.9300              4.0544              124            
1              [8000/50000]        4.0852              9.0100              4.0180              125            
1              [8064/50000]        4.0811              10.6300             3.9058              126            
1              [8128/50000]        3.7074              11.2400             3.8480              127            
1              [8192/50000]        3.7196              12.2400             3.8329              128            
1              [8256/50000]        3.9069              13.7800             3.7956              129            
1              [8320/50000]        3.7889              12.4800             3.8374              130            
1              [8384/50000]        3.9771              14.0500             3.7804              131            
1              [8448/50000]        3.6862              12.3500             3.8282              132            
1              [8512/50000]        3.6246              11.3000             3.8602              133            
1              [8576/50000]        3.8331              13.2800             3.7883              134            
1              [8640/50000]        4.0202              12.2200             3.8465              135            
1              [8704/50000]        3.5887              12.5100             3.8299              136            
1              [8768/50000]        3.7424              13.4100             3.7854              137            
1              [8832/50000]        3.8541              12.1900             3.8441              138            
1              [8896/50000]        4.3788              12.8700             3.7737              139            
1              [8960/50000]        3.8663              13.3900             3.7746              140            
1              [9024/50000]        4.0426              13.8000             3.7350              141            
1              [9088/50000]        3.7532              12.4300             3.8154              142            
1              [9152/50000]        3.8752              11.9900             3.8280              143            
1              [9216/50000]        3.9905              13.4100             3.7772              144            
1              [9280/50000]        3.6172              14.0100             3.7769              145            
1              [9344/50000]        3.3451              13.1500             3.7671              146            
1              [9408/50000]        3.7526              13.6800             3.7699              147            
1              [9472/50000]        3.8396              13.1400             3.7776              148            
1              [9536/50000]        3.5797              12.8000             3.7715              149            
1              [9600/50000]        3.7092              14.1500             3.7661              150            
1              [9664/50000]        3.8579              14.0500             3.7661              151            
1              [9728/50000]        3.5074              13.1900             3.8053              152            
1              [9792/50000]        3.8808              12.0600             3.7946              153            
1              [9856/50000]        3.7434              13.1800             3.7576              154            
1              [9920/50000]        3.8832              12.6700             3.7497              155            
1              [9984/50000]        3.6465              13.7100             3.7279              156            
1              [10048/50000]       3.8982              14.0100             3.7268              157            
1              [10112/50000]       3.9262              14.1700             3.7714              158            
1              [10176/50000]       3.5690              13.5400             3.8094              159            
1              [10240/50000]       4.0085              12.8300             3.8220              160            
1              [10304/50000]       3.8632              13.6500             3.7450              161            
1              [10368/50000]       3.5355              14.2200             3.7380              162            
1              [10432/50000]       3.6128              15.0800             3.7474              163            
1              [10496/50000]       3.8302              13.9200             3.7533              164            
1              [10560/50000]       3.6209              14.5900             3.7133              165            
1              [10624/50000]       3.7247              13.7500             3.7285              166            
1              [10688/50000]       3.9380              12.8800             3.8184              167            
1              [10752/50000]       3.7977              13.5400             3.7675              168            
1              [10816/50000]       3.4347              13.6300             3.7390              169            
1              [10880/50000]       3.8089              13.3400             3.8182              170            
1              [10944/50000]       3.9485              13.8500             3.7371              171            
1              [11008/50000]       3.7380              10.9400             3.8595              172            
1              [11072/50000]       3.9967              12.3100             3.8127              173            
1              [11136/50000]       3.9224              15.1000             3.7043              174            
1              [11200/50000]       3.8763              13.9000             3.7542              175            
1              [11264/50000]       3.6359              16.1200             3.6768              176            
1              [11328/50000]       3.2658              14.0800             3.7677              177            
1              [11392/50000]       3.7592              14.7500             3.7276              178            
1              [11456/50000]       3.6803              13.1000             3.7884              179            
