Current_Epoch  Batch/Total         CE_Train            Accuracy(%)         CE_TEST             Batch_Number   
0              [0/60000]           --                  9.020               2.3001              0
1              [1024/60000]        2.3012              46.0100             1.8241              1              
1              [2048/60000]        1.8276              52.4400             1.7300              2              
1              [3072/60000]        1.7868              42.8600             2.1807              3              
1              [4096/60000]        2.1400              33.2500             3.1513              4              
1              [5120/60000]        3.1261              51.6400             1.7731              5              
1              [6144/60000]        1.8447              47.9700             1.4775              6              
1              [7168/60000]        1.5040              66.0300             1.1192              7              
1              [8192/60000]        1.1478              79.0600             0.8575              8              
1              [9216/60000]        0.8277              81.4900             0.7452              9              
1              [10240/60000]       0.7714              83.1600             0.6722              10             
1              [11264/60000]       0.6964              80.4100             0.6714              11             
1              [12288/60000]       0.6765              81.5300             0.6461              12             
1              [13312/60000]       0.6762              66.1700             0.8998              13             
1              [14336/60000]       0.9020              75.9200             1.0632              14             
1              [15360/60000]       1.1203              83.1300             0.5966              15             
1              [16384/60000]       0.5948              85.5100             0.5199              16             
1              [17408/60000]       0.5570              86.3500             0.5065              17             
1              [18432/60000]       0.4889              86.8700             0.4726              18             
1              [19456/60000]       0.5009              87.5900             0.4558              19             
1              [20480/60000]       0.4456              86.5900             0.4559              20             
1              [21504/60000]       0.4770              85.6200             0.4669              21             
1              [22528/60000]       0.4891              84.3200             0.4952              22             
1              [23552/60000]       0.5418              81.0200             0.5311              23             
1              [24576/60000]       0.5456              79.8400             0.6255              24             
1              [25600/60000]       0.6095              84.7900             0.4679              25             
1              [26624/60000]       0.4949              85.4200             0.4574              26             
1              [27648/60000]       0.4981              85.5000             0.4514              27             
1              [28672/60000]       0.5125              87.7900             0.4133              28             
1              [29696/60000]       0.4080              88.4000             0.3907              29             
1              [30720/60000]       0.4561              87.2700             0.4158              30             
1              [31744/60000]       0.3818              90.2200             0.3577              31             
1              [32768/60000]       0.3844              89.2100             0.3749              32             
1              [33792/60000]       0.4047              86.3400             0.4391              33             
1              [34816/60000]       0.4677              84.9800             0.4936              34             
1              [35840/60000]       0.5783              86.7600             0.4257              35             
1              [36864/60000]       0.4650              86.7100             0.4341              36             
1              [37888/60000]       0.4488              85.3000             0.4712              37             
1              [38912/60000]       0.4344              89.4500             0.3636              38             
1              [39936/60000]       0.3829              88.5800             0.3851              39             
1              [40960/60000]       0.4060              89.6300             0.3507              40             
1              [41984/60000]       0.3179              90.0500             0.3424              41             
1              [43008/60000]       0.3064              91.0400             0.3154              42             
1              [44032/60000]       0.3105              90.7300             0.3159              43             
1              [45056/60000]       0.3672              90.8400             0.3294              44             
1              [46080/60000]       0.3377              90.7200             0.3189              45             
1              [47104/60000]       0.3520              90.6500             0.3311              46             
1              [48128/60000]       0.3387              89.7600             0.3327              47             
1              [49152/60000]       0.3417              90.2400             0.3358              48             
1              [50176/60000]       0.3024              87.9000             0.3684              49             
1              [51200/60000]       0.4662              86.1600             0.4368              50             
1              [52224/60000]       0.4710              89.0400             0.3530              51             
1              [53248/60000]       0.4708              86.2500             0.4235              52             
1              [54272/60000]       0.4607              88.8200             0.3603              53             
1              [55296/60000]       0.3951              89.2200             0.3584              54             
1              [56320/60000]       0.3459              90.7100             0.3179              55             
1              [57344/60000]       0.3693              91.5400             0.2959              56             
1              [58368/60000]       0.3179              91.9600             0.2803              57             
1              [59392/60000]       0.3030              91.7500             0.2906              58             
1              [35872/60000]       0.2782              91.7800             0.2886              59             
2              [1024/60000]        0.3172              89.9800             0.3400              60             
2              [2048/60000]        0.3062              90.7800             0.2990              61             
2              [3072/60000]        0.3190              90.3600             0.3212              62             
2              [4096/60000]        0.3348              90.8300             0.2946              63             
2              [5120/60000]        0.3182              90.6900             0.3169              64             
2              [6144/60000]        0.3340              91.1800             0.2875              65             
2              [7168/60000]        0.3050              92.3600             0.2659              66             
2              [8192/60000]        0.2551              92.7300             0.2539              67             
2              [9216/60000]        0.2800              92.9100             0.2508              68             
2              [10240/60000]       0.2847              91.7000             0.2799              69             
2              [11264/60000]       0.2981              92.3500             0.2739              70             
2              [12288/60000]       0.2754              91.5800             0.2879              71             
2              [13312/60000]       0.3016              92.5200             0.2643              72             
2              [14336/60000]       0.2485              92.8700             0.2456              73             
2              [15360/60000]       0.2150              92.7100             0.2605              74             
2              [16384/60000]       0.2467              92.8300             0.2433              75             
2              [17408/60000]       0.2265              93.4700             0.2308              76             
2              [18432/60000]       0.2277              93.5000             0.2345              77             
2              [19456/60000]       0.2401              93.4300             0.2303              78             
2              [20480/60000]       0.2834              93.4400             0.2394              79             
2              [21504/60000]       0.2757              93.1700             0.2401              80             
2              [22528/60000]       0.2646              93.3800             0.2351              81             
2              [23552/60000]       0.2396              93.5700             0.2281              82             
2              [24576/60000]       0.2494              93.5000             0.2308              83             
2              [25600/60000]       0.2417              93.4200             0.2385              84             
2              [26624/60000]       0.2717              92.5800             0.2546              85             
2              [27648/60000]       0.2655              92.7700             0.2417              86             
2              [28672/60000]       0.2028              93.6500             0.2255              87             
2              [29696/60000]       0.2428              93.5300             0.2235              88             
2              [30720/60000]       0.2667              94.0300             0.2193              89             
2              [31744/60000]       0.2429              93.1500             0.2370              90             
2              [32768/60000]       0.2467              93.7000             0.2224              91             
2              [33792/60000]       0.2666              93.2500             0.2339              92             
2              [34816/60000]       0.2602              93.2500             0.2337              93             
2              [35840/60000]       0.2371              93.4300             0.2297              94             
2              [36864/60000]       0.2801              92.0900             0.2510              95             
2              [37888/60000]       0.2762              92.2300             0.2553              96             
2              [38912/60000]       0.2688              92.6100             0.2465              97             
2              [39936/60000]       0.2771              92.6700             0.2473              98             
2              [40960/60000]       0.2682              93.1700             0.2309              99             
2              [41984/60000]       0.1929              94.1200             0.2113              100            
2              [43008/60000]       0.2298              93.2500             0.2195              101            
2              [44032/60000]       0.2548              92.6700             0.2447              102            
2              [45056/60000]       0.2740              92.6300             0.2339              103            
2              [46080/60000]       0.2843              92.6200             0.2454              104            
2              [47104/60000]       0.2498              94.0600             0.2121              105            
2              [48128/60000]       0.2267              93.5400             0.2228              106            
2              [49152/60000]       0.2156              93.9600             0.2099              107            
2              [50176/60000]       0.2244              94.2000             0.2027              108            
2              [51200/60000]       0.2049              94.4500             0.1921              109            
2              [52224/60000]       0.2219              93.4800             0.2173              110            
2              [53248/60000]       0.2250              93.7000             0.2113              111            
2              [54272/60000]       0.2034              94.0100             0.2049              112            
2              [55296/60000]       0.2011              94.3700             0.1951              113            
2              [56320/60000]       0.2388              94.8000             0.1795              114            
2              [57344/60000]       0.2088              94.7900             0.1785              115            
2              [58368/60000]       0.2278              94.5000             0.1896              116            
2              [59392/60000]       0.2150              94.0500             0.2013              117            
2              [35872/60000]       0.1894              94.5600             0.1862              118            
3              [1024/60000]        0.1716              94.9000             0.1799              119            
3              [2048/60000]        0.1989              94.8800             0.1802              120            
3              [3072/60000]        0.1918              94.8400             0.1800              121            
3              [4096/60000]        0.1618              95.0100             0.1725              122            
3              [5120/60000]        0.1904              95.4100             0.1694              123            
3              [6144/60000]        0.1621              95.2900             0.1655              124            
3              [7168/60000]        0.1837              95.0300             0.1754              125            
3              [8192/60000]        0.1904              95.0100             0.1761              126            
3              [9216/60000]        0.1641              94.6100             0.1792              127            
3              [10240/60000]       0.1731              95.0600             0.1774              128            
3              [11264/60000]       0.1735              94.5000             0.1810              129            
3              [12288/60000]       0.2231              94.8200             0.1837              130            
3              [13312/60000]       0.1887              95.1400             0.1664              131            
3              [14336/60000]       0.1577              95.5500             0.1567              132            
3              [15360/60000]       0.1698              95.3200             0.1645              133            
3              [16384/60000]       0.1372              95.6600             0.1565              134            
3              [17408/60000]       0.1752              95.2700             0.1567              135            
3              [18432/60000]       0.1714              95.4800             0.1557              136            
3              [19456/60000]       0.1794              95.7100             0.1521              137            
3              [20480/60000]       0.1556              95.4800             0.1521              138            
3              [21504/60000]       0.1630              95.3800             0.1567              139            
3              [22528/60000]       0.1481              95.6600             0.1533              140            
3              [23552/60000]       0.1786              95.3600             0.1633              141            
3              [24576/60000]       0.1792              95.7000             0.1517              142            
3              [25600/60000]       0.1483              95.3000             0.1637              143            
3              [26624/60000]       0.1633              95.4700             0.1552              144            
3              [27648/60000]       0.1625              95.7100             0.1478              145            
3              [28672/60000]       0.1561              95.9400             0.1451              146            
3              [29696/60000]       0.1342              95.5400             0.1526              147            
3              [30720/60000]       0.1672              95.5100             0.1499              148            
3              [31744/60000]       0.1869              94.3400             0.1780              149            
3              [32768/60000]       0.1908              94.6300             0.1740              150            
3              [33792/60000]       0.1654              95.1800             0.1616              151            
3              [34816/60000]       0.1684              96.0000             0.1427              152            
3              [35840/60000]       0.1553              95.8700             0.1440              153            
3              [36864/60000]       0.1430              95.5900             0.1477              154            
3              [37888/60000]       0.1528              95.8400             0.1455              155            
3              [38912/60000]       0.1402              95.3700             0.1495              156            
3              [39936/60000]       0.1687              96.1100             0.1388              157            
3              [40960/60000]       0.1434              95.7000             0.1431              158            
3              [41984/60000]       0.1489              96.0800             0.1371              159            
3              [43008/60000]       0.1832              95.6300             0.1497              160            
3              [44032/60000]       0.1746              95.3400             0.1562              161            
3              [45056/60000]       0.1408              95.7800             0.1471              162            
3              [46080/60000]       0.1743              95.9700             0.1401              163            
3              [47104/60000]       0.1261              95.8300             0.1449              164            
3              [48128/60000]       0.1682              95.7700             0.1450              165            
3              [49152/60000]       0.1505              96.1500             0.1393              166            
3              [50176/60000]       0.1672              95.6400             0.1590              167            
3              [51200/60000]       0.1698              95.2100             0.1543              168            
3              [52224/60000]       0.1505              95.8400             0.1410              169            
3              [53248/60000]       0.1477              96.0000             0.1366              170            
3              [54272/60000]       0.1452              96.1200             0.1325              171            
3              [55296/60000]       0.1235              96.5000             0.1266              172            
3              [56320/60000]       0.1647              96.3600             0.1247              173            
3              [57344/60000]       0.1335              96.4400             0.1272              174            
3              [58368/60000]       0.1417              96.4400             0.1276              175            
3              [59392/60000]       0.1406              96.5700             0.1244              176            
3              [35872/60000]       0.1007              96.3500             0.1283              177            
4              [1024/60000]        0.1363              96.6300             0.1241              178            
4              [2048/60000]        0.1242              96.6600             0.1200              179            
4              [3072/60000]        0.1194              96.5000             0.1229              180            
4              [4096/60000]        0.1348              96.4900             0.1237              181            
4              [5120/60000]        0.1578              96.3100             0.1288              182            
4              [6144/60000]        0.1299              95.9800             0.1338              183            
4              [7168/60000]        0.1349              96.2900             0.1318              184            
4              [8192/60000]        0.1658              96.5100             0.1259              185            
4              [9216/60000]        0.1195              96.6500             0.1195              186            
4              [10240/60000]       0.1339              96.5000             0.1226              187            
4              [11264/60000]       0.1355              96.2100             0.1302              188            
4              [12288/60000]       0.1273              96.7200             0.1170              189            
4              [13312/60000]       0.1123              96.5700             0.1151              190            
4              [14336/60000]       0.0947              96.6800             0.1182              191            
4              [15360/60000]       0.1086              96.4400             0.1186              192            
4              [16384/60000]       0.1325              96.4600             0.1176              193            
4              [17408/60000]       0.1211              96.6000             0.1141              194            
4              [18432/60000]       0.1012              96.5900             0.1177              195            
4              [19456/60000]       0.1171              96.1900             0.1271              196            
4              [20480/60000]       0.1213              95.3900             0.1457              197            
4              [21504/60000]       0.1222              95.2400             0.1536              198            
4              [22528/60000]       0.1726              94.4500             0.1739              199            
4              [23552/60000]       0.2097              94.4300             0.1791              200            
4              [24576/60000]       0.1778              94.6200             0.1689              201            
4              [25600/60000]       0.1587              95.3800             0.1501              202            
4              [26624/60000]       0.1713              95.2500             0.1524              203            
4              [27648/60000]       0.1473              95.9100             0.1355              204            
4              [28672/60000]       0.1055              96.6600             0.1151              205            
4              [29696/60000]       0.0792              96.6500             0.1155              206            
4              [30720/60000]       0.1076              96.6700             0.1105              207            
4              [31744/60000]       0.1211              96.6600             0.1137              208            
4              [32768/60000]       0.1732              96.5000             0.1208              209            
4              [33792/60000]       0.1283              96.3400             0.1226              210            
4              [34816/60000]       0.1222              95.9100             0.1350              211            
4              [35840/60000]       0.1386              95.7900             0.1356              212            
4              [36864/60000]       0.1329              96.6600             0.1104              213            
4              [37888/60000]       0.1114              97.0200             0.1025              214            
4              [38912/60000]       0.1146              96.7200             0.1073              215            
4              [39936/60000]       0.1025              96.9500             0.1055              216            
4              [40960/60000]       0.1258              96.8100             0.1095              217            
4              [41984/60000]       0.0963              96.9500             0.1024              218            
4              [43008/60000]       0.1210              96.7200             0.1124              219            
4              [44032/60000]       0.1238              96.4800             0.1150              220            
4              [45056/60000]       0.1309              97.0000             0.1055              221            
4              [46080/60000]       0.1079              97.0200             0.0993              222            
4              [47104/60000]       0.0911              96.7600             0.1067              223            
4              [48128/60000]       0.1226              96.5100             0.1087              224            
4              [49152/60000]       0.1485              96.6600             0.1139              225            
4              [50176/60000]       0.1016              96.8200             0.1074              226            
4              [51200/60000]       0.1079              96.4200             0.1178              227            
4              [52224/60000]       0.1014              96.3100             0.1184              228            
4              [53248/60000]       0.1301              95.7700             0.1355              229            
4              [54272/60000]       0.1308              96.4000             0.1171              230            
4              [55296/60000]       0.1245              96.5300             0.1183              231            
4              [56320/60000]       0.1235              96.4500             0.1165              232            
4              [57344/60000]       0.1422              96.4500             0.1170              233            
4              [58368/60000]       0.1176              96.8700             0.1042              234            
4              [59392/60000]       0.1075              96.7100             0.1105              235            
4              [35872/60000]       0.0824              96.8300             0.1058              236            
5              [1024/60000]        0.1408              96.5800             0.1127              237            
5              [2048/60000]        0.1380              96.3200             0.1239              238            
5              [3072/60000]        0.1202              96.6100             0.1134              239            
5              [4096/60000]        0.0993              96.8400             0.1007              240            
5              [5120/60000]        0.0994              97.0600             0.0962              241            
5              [6144/60000]        0.0920              97.1300             0.1001              242            
5              [7168/60000]        0.1002              96.7900             0.1042              243            
5              [8192/60000]        0.1100              96.8000             0.1077              244            
5              [9216/60000]        0.1018              97.2200             0.0936              245            
5              [10240/60000]       0.0887              97.1100             0.0952              246            
5              [11264/60000]       0.0709              97.3800             0.0911              247            
5              [12288/60000]       0.0861              97.2500             0.0966              248            
5              [13312/60000]       0.0899              97.3200             0.0893              249            
5              [14336/60000]       0.1141              97.1400             0.0963              250            
5              [15360/60000]       0.0955              97.2800             0.0919              251            
5              [16384/60000]       0.0889              97.0800             0.0975              252            
5              [17408/60000]       0.1027              97.2400             0.0917              253            
5              [18432/60000]       0.0770              97.3400             0.0885              254            
5              [19456/60000]       0.0920              97.2700             0.0901              255            
5              [20480/60000]       0.0943              97.1600             0.0935              256            
5              [21504/60000]       0.0872              97.2500             0.0911              257            
5              [22528/60000]       0.0826              97.2500             0.0941              258            
5              [23552/60000]       0.0909              96.7900             0.1040              259            
5              [24576/60000]       0.0931              97.1500             0.0949              260            
5              [25600/60000]       0.0915              97.1600             0.0948              261            
5              [26624/60000]       0.1017              97.3300             0.0900              262            
5              [27648/60000]       0.1005              97.0900             0.0985              263            
5              [28672/60000]       0.1018              96.8800             0.1037              264            
5              [29696/60000]       0.1072              96.6300             0.1039              265            
5              [30720/60000]       0.1229              96.5700             0.1118              266            
5              [31744/60000]       0.1062              97.4600             0.0877              267            
5              [32768/60000]       0.0532              97.5500             0.0863              268            
5              [33792/60000]       0.0873              96.7000             0.1063              269            
5              [34816/60000]       0.0996              96.9000             0.0984              270            
5              [35840/60000]       0.0759              97.1000             0.0947              271            
5              [36864/60000]       0.1188              96.6100             0.1076              272            
5              [37888/60000]       0.1110              97.2000             0.0927              273            
5              [38912/60000]       0.0764              97.4500             0.0854              274            
5              [39936/60000]       0.1043              97.0800             0.0964              275            
5              [40960/60000]       0.0734              97.2600             0.0907              276            
5              [41984/60000]       0.0699              97.3800             0.0860              277            
5              [43008/60000]       0.1036              97.2600             0.0911              278            
5              [44032/60000]       0.1003              97.4200             0.0866              279            
