Current_Epoch  Batch/Total         CE_Train            Accuracy(%)         CE_TEST             Batch_Number   
0              [0/60000]           --                  9.020               2.4200              0
1              [60000/60000]       2.4137              33.0200             2.0330              1              
2              [60000/60000]       2.0345              50.5800             1.7347              2              
3              [60000/60000]       1.7412              55.9400             1.5362              3              
4              [60000/60000]       1.5467              61.9400             1.3752              4              
5              [60000/60000]       1.3888              65.3700             1.2545              5              
6              [60000/60000]       1.2683              72.3700             1.1262              6              
7              [60000/60000]       1.1434              72.6500             1.0466              7              
8              [60000/60000]       1.0645              76.7800             0.9649              8              
9              [60000/60000]       0.9843              76.9400             0.9071              9              
10             [60000/60000]       0.9270              78.9100             0.8576              10             
11             [60000/60000]       0.8777              77.8700             0.8201              11             
12             [60000/60000]       0.8416              78.2800             0.8035              12             
13             [60000/60000]       0.8230              77.5600             0.7680              13             
14             [60000/60000]       0.7903              78.2000             0.7657              14             
15             [60000/60000]       0.7844              78.6600             0.7188              15             
16             [60000/60000]       0.7411              79.9200             0.7102              16             
17             [60000/60000]       0.7293              80.3600             0.6719              17             
18             [60000/60000]       0.6941              81.5900             0.6643              18             
19             [60000/60000]       0.6837              81.7600             0.6333              19             
20             [60000/60000]       0.6554              82.7600             0.6261              20             
21             [60000/60000]       0.6457              82.9200             0.6005              21             
22             [60000/60000]       0.6223              84.0600             0.5933              22             
23             [60000/60000]       0.6130              84.0800             0.5721              23             
24             [60000/60000]       0.5938              85.2800             0.5650              24             
25             [60000/60000]       0.5848              84.9400             0.5474              25             
26             [60000/60000]       0.5689              86.0400             0.5406              26             
27             [60000/60000]       0.5603              85.7600             0.5258              27             
28             [60000/60000]       0.5470              86.7100             0.5193              28             
29             [60000/60000]       0.5389              86.4200             0.5068              29             
30             [60000/60000]       0.5278              87.2600             0.5008              30             
31             [60000/60000]       0.5202              87.0100             0.4900              31             
32             [60000/60000]       0.5108              87.8000             0.4846              32             
33             [60000/60000]       0.5038              87.4900             0.4752              33             
34             [60000/60000]       0.4958              88.1100             0.4704              34             
35             [60000/60000]       0.4893              87.8700             0.4621              35             
36             [60000/60000]       0.4824              88.3500             0.4579              36             
37             [60000/60000]       0.4766              88.2200             0.4504              37             
38             [60000/60000]       0.4706              88.5800             0.4470              38             
39             [60000/60000]       0.4654              88.5300             0.4402              39             
40             [60000/60000]       0.4602              88.8400             0.4375              40             
41             [60000/60000]       0.4556              88.8200             0.4313              41             
42             [60000/60000]       0.4511              89.0100             0.4296              42             
43             [60000/60000]       0.4472              89.0100             0.4238              43             
44             [60000/60000]       0.4435              89.1100             0.4233              44             
45             [60000/60000]       0.4404              89.1000             0.4176              45             
46             [60000/60000]       0.4373              89.2900             0.4184              46             
47             [60000/60000]       0.4349              89.1000             0.4124              47             
48             [60000/60000]       0.4321              89.3100             0.4145              48             
49             [60000/60000]       0.4304              89.0800             0.4077              49             
50             [60000/60000]       0.4275              89.3200             0.4110              50             
51             [60000/60000]       0.4262              89.0800             0.4033              51             
52             [60000/60000]       0.4231              89.3200             0.4075              52             
53             [60000/60000]       0.4222              89.1100             0.3988              53             
54             [60000/60000]       0.4188              89.2100             0.4038              54             
55             [60000/60000]       0.4181              89.1500             0.3944              55             
56             [60000/60000]       0.4144              89.2900             0.4001              56             
57             [60000/60000]       0.4139              89.1700             0.3901              57             
58             [60000/60000]       0.4101              89.3200             0.3963              58             
59             [60000/60000]       0.4098              89.1600             0.3859              59             
60             [60000/60000]       0.4059              89.3800             0.3926              60             
61             [60000/60000]       0.4057              89.1700             0.3820              61             
62             [60000/60000]       0.4019              89.3700             0.3890              62             
63             [60000/60000]       0.4018              89.2600             0.3782              63             
64             [60000/60000]       0.3981              89.3600             0.3856              64             
65             [60000/60000]       0.3981              89.3100             0.3747              65             
66             [60000/60000]       0.3945              89.3600             0.3823              66             
67             [60000/60000]       0.3945              89.4200             0.3713              67             
68             [60000/60000]       0.3910              89.4200             0.3789              68             
69             [60000/60000]       0.3909              89.4500             0.3680              69             
70             [60000/60000]       0.3875              89.4500             0.3756              70             
71             [60000/60000]       0.3874              89.4800             0.3646              71             
72             [60000/60000]       0.3840              89.5200             0.3723              72             
73             [60000/60000]       0.3838              89.5300             0.3614              73             
74             [60000/60000]       0.3806              89.6400             0.3689              74             
75             [60000/60000]       0.3802              89.6100             0.3581              75             
76             [60000/60000]       0.3771              89.7200             0.3657              76             
77             [60000/60000]       0.3768              89.7000             0.3549              77             
78             [60000/60000]       0.3737              89.8100             0.3624              78             
79             [60000/60000]       0.3733              89.7700             0.3518              79             
80             [60000/60000]       0.3704              89.8900             0.3593              80             
81             [60000/60000]       0.3700              89.8600             0.3488              81             
82             [60000/60000]       0.3673              89.9600             0.3564              82             
83             [60000/60000]       0.3669              89.9800             0.3460              83             
84             [60000/60000]       0.3642              90.0400             0.3536              84             
85             [60000/60000]       0.3639              90.0700             0.3433              85             
86             [60000/60000]       0.3614              90.0900             0.3511              86             
87             [60000/60000]       0.3611              90.1100             0.3409              87             
88             [60000/60000]       0.3587              90.1700             0.3487              88             
89             [60000/60000]       0.3585              90.1700             0.3385              89             
90             [60000/60000]       0.3562              90.2600             0.3466              90             
91             [60000/60000]       0.3561              90.2200             0.3364              91             
92             [60000/60000]       0.3539              90.3100             0.3446              92             
93             [60000/60000]       0.3539              90.2500             0.3345              93             
94             [60000/60000]       0.3518              90.3200             0.3429              94             
95             [60000/60000]       0.3519              90.3100             0.3327              95             
96             [60000/60000]       0.3499              90.3500             0.3414              96             
97             [60000/60000]       0.3502              90.3500             0.3312              97             
98             [60000/60000]       0.3481              90.3700             0.3401              98             
99             [60000/60000]       0.3486              90.3300             0.3297              99             
100            [60000/60000]       0.3466              90.3200             0.3389              100            
101            [60000/60000]       0.3471              90.3900             0.3284              101            
102            [60000/60000]       0.3451              90.3900             0.3379              102            
103            [60000/60000]       0.3458              90.4400             0.3273              103            
104            [60000/60000]       0.3438              90.4300             0.3369              104            
105            [60000/60000]       0.3446              90.4300             0.3262              105            
106            [60000/60000]       0.3426              90.4700             0.3361              106            
107            [60000/60000]       0.3434              90.4200             0.3252              107            
108            [60000/60000]       0.3414              90.5400             0.3353              108            
109            [60000/60000]       0.3424              90.4700             0.3243              109            
110            [60000/60000]       0.3404              90.5200             0.3346              110            
111            [60000/60000]       0.3414              90.4800             0.3234              111            
112            [60000/60000]       0.3394              90.5100             0.3339              112            
113            [60000/60000]       0.3404              90.4900             0.3226              113            
114            [60000/60000]       0.3384              90.5200             0.3333              114            
115            [60000/60000]       0.3395              90.4900             0.3219              115            
116            [60000/60000]       0.3375              90.5300             0.3327              116            
117            [60000/60000]       0.3387              90.4800             0.3212              117            
118            [60000/60000]       0.3366              90.5500             0.3321              118            
119            [60000/60000]       0.3378              90.4600             0.3205              119            
120            [60000/60000]       0.3358              90.5800             0.3315              120            
121            [60000/60000]       0.3370              90.4800             0.3199              121            
122            [60000/60000]       0.3350              90.5800             0.3310              122            
123            [60000/60000]       0.3362              90.4900             0.3192              123            
124            [60000/60000]       0.3342              90.6100             0.3304              124            
125            [60000/60000]       0.3354              90.5100             0.3187              125            
126            [60000/60000]       0.3334              90.5900             0.3300              126            
127            [60000/60000]       0.3347              90.5200             0.3181              127            
128            [60000/60000]       0.3327              90.5500             0.3295              128            
129            [60000/60000]       0.3340              90.5500             0.3176              129            
130            [60000/60000]       0.3320              90.5500             0.3290              130            
131            [60000/60000]       0.3333              90.5700             0.3171              131            
132            [60000/60000]       0.3313              90.5400             0.3286              132            
133            [60000/60000]       0.3326              90.5800             0.3166              133            
134            [60000/60000]       0.3307              90.5500             0.3282              134            
135            [60000/60000]       0.3320              90.5700             0.3162              135            
136            [60000/60000]       0.3300              90.5500             0.3279              136            
137            [60000/60000]       0.3314              90.5800             0.3158              137            
138            [60000/60000]       0.3294              90.5900             0.3276              138            
139            [60000/60000]       0.3308              90.6000             0.3154              139            
140            [60000/60000]       0.3289              90.6400             0.3273              140            
141            [60000/60000]       0.3302              90.6200             0.3150              141            
142            [60000/60000]       0.3283              90.6300             0.3270              142            
143            [60000/60000]       0.3297              90.6000             0.3147              143            
144            [60000/60000]       0.3278              90.6700             0.3267              144            
145            [60000/60000]       0.3292              90.6200             0.3144              145            
146            [60000/60000]       0.3273              90.7100             0.3265              146            
147            [60000/60000]       0.3288              90.6000             0.3141              147            
148            [60000/60000]       0.3269              90.7500             0.3263              148            
149            [60000/60000]       0.3284              90.6400             0.3138              149            
150            [60000/60000]       0.3265              90.7800             0.3262              150            
151            [60000/60000]       0.3280              90.6300             0.3136              151            
152            [60000/60000]       0.3261              90.7900             0.3261              152            
153            [60000/60000]       0.3276              90.6200             0.3134              153            
154            [60000/60000]       0.3257              90.8200             0.3259              154            
155            [60000/60000]       0.3273              90.6100             0.3132              155            
156            [60000/60000]       0.3253              90.8100             0.3259              156            
157            [60000/60000]       0.3269              90.5900             0.3130              157            
158            [60000/60000]       0.3250              90.7900             0.3258              158            
159            [60000/60000]       0.3266              90.5900             0.3128              159            
