Current_Epoch  Batch/Total         CE_Train            Accuracy(%)         CE_TEST             Batch_Number   
0              [0/60000]           --                  9.020               2.3581              0
1              [60000/60000]       2.3598              25.7000             2.1565              1              
2              [60000/60000]       2.1571              43.3100             1.9845              2              
3              [60000/60000]       1.9843              56.2400             1.8383              3              
4              [60000/60000]       1.8372              61.3000             1.7142              4              
5              [60000/60000]       1.7123              64.0000             1.6088              5              
6              [60000/60000]       1.6060              65.5400             1.5188              6              
7              [60000/60000]       1.5153              66.6600             1.4419              7              
8              [60000/60000]       1.4376              67.2600             1.3756              8              
9              [60000/60000]       1.3707              67.9500             1.3182              9              
10             [60000/60000]       1.3127              68.4800             1.2681              10             
11             [60000/60000]       1.2621              68.9300             1.2242              11             
12             [60000/60000]       1.2176              69.2600             1.1854              12             
13             [60000/60000]       1.1784              69.7300             1.1510              13             
14             [60000/60000]       1.1436              70.0700             1.1203              14             
15             [60000/60000]       1.1126              70.3600             1.0927              15             
16             [60000/60000]       1.0846              70.6700             1.0678              16             
17             [60000/60000]       1.0596              70.8700             1.0451              17             
18             [60000/60000]       1.0364              71.0400             1.0245              18             
19             [60000/60000]       1.0158              71.4600             1.0054              19             
20             [60000/60000]       0.9962              71.5100             0.9881              20             
21             [60000/60000]       0.9789              71.9400             0.9717              21             
22             [60000/60000]       0.9620              71.8700             0.9569              22             
23             [60000/60000]       0.9473              72.3600             0.9427              23             
24             [60000/60000]       0.9326              72.3300             0.9299              24             
25             [60000/60000]       0.9199              72.6300             0.9174              25             
26             [60000/60000]       0.9069              72.6200             0.9061              26             
27             [60000/60000]       0.8959              72.9200             0.8951              27             
28             [60000/60000]       0.8842              72.9200             0.8851              28             
29             [60000/60000]       0.8746              73.2400             0.8752              29             
30             [60000/60000]       0.8640              73.2900             0.8663              30             
31             [60000/60000]       0.8556              73.5600             0.8573              31             
32             [60000/60000]       0.8458              73.6400             0.8493              32             
33             [60000/60000]       0.8384              73.8600             0.8411              33             
34             [60000/60000]       0.8293              73.8500             0.8339              34             
35             [60000/60000]       0.8227              74.0100             0.8263              35             
36             [60000/60000]       0.8143              74.1000             0.8198              36             
37             [60000/60000]       0.8085              74.2500             0.8127              37             
38             [60000/60000]       0.8005              74.3300             0.8069              38             
39             [60000/60000]       0.7953              74.4900             0.8002              39             
40             [60000/60000]       0.7877              74.6600             0.7949              40             
41             [60000/60000]       0.7832              74.7000             0.7887              41             
42             [60000/60000]       0.7759              74.8900             0.7838              42             
43             [60000/60000]       0.7719              74.7700             0.7779              43             
44             [60000/60000]       0.7649              74.9700             0.7735              44             
45             [60000/60000]       0.7614              75.0200             0.7678              45             
46             [60000/60000]       0.7546              75.2400             0.7638              46             
47             [60000/60000]       0.7516              75.2600             0.7584              47             
48             [60000/60000]       0.7449              75.4900             0.7548              48             
49             [60000/60000]       0.7424              75.4300             0.7496              49             
50             [60000/60000]       0.7359              75.6700             0.7462              50             
51             [60000/60000]       0.7337              75.5400             0.7413              51             
52             [60000/60000]       0.7273              75.8700             0.7382              52             
53             [60000/60000]       0.7255              75.6000             0.7334              53             
54             [60000/60000]       0.7192              76.0000             0.7306              54             
55             [60000/60000]       0.7178              75.7500             0.7260              55             
56             [60000/60000]       0.7116              76.1500             0.7234              56             
57             [60000/60000]       0.7105              75.8500             0.7190              57             
58             [60000/60000]       0.7043              76.3000             0.7166              58             
59             [60000/60000]       0.7035              75.9300             0.7124              59             
60             [60000/60000]       0.6975              76.4700             0.7102              60             
61             [60000/60000]       0.6969              76.0200             0.7062              61             
62             [60000/60000]       0.6910              76.6400             0.7041              62             
63             [60000/60000]       0.6907              76.0800             0.7003              63             
64             [60000/60000]       0.6849              76.7900             0.6983              64             
65             [60000/60000]       0.6848              76.3600             0.6947              65             
66             [60000/60000]       0.6791              76.8300             0.6928              66             
67             [60000/60000]       0.6791              76.4400             0.6893              67             
68             [60000/60000]       0.6735              76.9100             0.6875              68             
69             [60000/60000]       0.6736              76.5400             0.6842              69             
70             [60000/60000]       0.6681              77.0600             0.6825              70             
71             [60000/60000]       0.6684              76.6400             0.6793              71             
72             [60000/60000]       0.6630              77.2500             0.6776              72             
73             [60000/60000]       0.6634              76.7600             0.6746              73             
74             [60000/60000]       0.6581              77.3700             0.6730              74             
75             [60000/60000]       0.6587              76.7800             0.6701              75             
76             [60000/60000]       0.6533              77.4800             0.6686              76             
77             [60000/60000]       0.6541              76.8800             0.6658              77             
78             [60000/60000]       0.6488              77.5100             0.6644              78             
79             [60000/60000]       0.6498              77.0200             0.6616              79             
80             [60000/60000]       0.6445              77.6100             0.6604              80             
81             [60000/60000]       0.6456              77.1700             0.6577              81             
82             [60000/60000]       0.6403              77.7100             0.6567              82             
83             [60000/60000]       0.6417              77.2800             0.6538              83             
84             [60000/60000]       0.6363              77.7000             0.6531              84             
85             [60000/60000]       0.6380              77.3700             0.6502              85             
86             [60000/60000]       0.6325              77.8000             0.6498              86             
87             [60000/60000]       0.6344              77.4400             0.6467              87             
88             [60000/60000]       0.6288              77.9000             0.6465              88             
89             [60000/60000]       0.6310              77.4900             0.6434              89             
90             [60000/60000]       0.6254              78.0000             0.6433              90             
91             [60000/60000]       0.6276              77.5900             0.6402              91             
92             [60000/60000]       0.6220              77.9900             0.6401              92             
93             [60000/60000]       0.6243              77.6600             0.6372              93             
94             [60000/60000]       0.6189              77.9600             0.6370              94             
95             [60000/60000]       0.6209              77.7100             0.6344              95             
96             [60000/60000]       0.6159              77.8700             0.6339              96             
97             [60000/60000]       0.6177              77.8100             0.6318              97             
98             [60000/60000]       0.6132              77.9200             0.6310              98             
99             [60000/60000]       0.6145              77.9000             0.6295              99             
100            [60000/60000]       0.6108              78.0000             0.6282              100            
101            [60000/60000]       0.6115              77.9500             0.6276              101            
102            [60000/60000]       0.6087              78.0200             0.6256              102            
103            [60000/60000]       0.6088              78.0200             0.6260              103            
104            [60000/60000]       0.6071              78.0800             0.6234              104            
105            [60000/60000]       0.6062              78.1200             0.6246              105            
106            [60000/60000]       0.6056              78.1500             0.6212              106            
107            [60000/60000]       0.6038              78.2200             0.6231              107            
108            [60000/60000]       0.6039              78.1000             0.6192              108            
109            [60000/60000]       0.6015              78.3800             0.6213              109            
110            [60000/60000]       0.6021              78.0500             0.6171              110            
111            [60000/60000]       0.5992              78.4300             0.6193              111            
112            [60000/60000]       0.6000              78.1500             0.6149              112            
113            [60000/60000]       0.5968              78.4600             0.6171              113            
114            [60000/60000]       0.5977              78.2900             0.6127              114            
115            [60000/60000]       0.5944              78.5600             0.6149              115            
116            [60000/60000]       0.5953              78.3200             0.6104              116            
117            [60000/60000]       0.5919              78.6800             0.6126              117            
118            [60000/60000]       0.5929              78.4300             0.6083              118            
119            [60000/60000]       0.5896              78.7500             0.6105              119            
120            [60000/60000]       0.5906              78.4900             0.6061              120            
121            [60000/60000]       0.5873              78.8700             0.6084              121            
122            [60000/60000]       0.5884              78.5900             0.6041              122            
123            [60000/60000]       0.5851              78.9200             0.6063              123            
124            [60000/60000]       0.5862              78.6300             0.6022              124            
125            [60000/60000]       0.5830              78.9900             0.6044              125            
126            [60000/60000]       0.5841              78.6700             0.6003              126            
127            [60000/60000]       0.5810              79.1300             0.6025              127            
128            [60000/60000]       0.5821              78.7600             0.5985              128            
129            [60000/60000]       0.5791              79.1600             0.6008              129            
130            [60000/60000]       0.5801              78.7800             0.5968              130            
131            [60000/60000]       0.5773              79.1500             0.5991              131            
132            [60000/60000]       0.5783              78.8300             0.5952              132            
133            [60000/60000]       0.5755              79.1500             0.5975              133            
134            [60000/60000]       0.5765              78.9300             0.5936              134            
135            [60000/60000]       0.5739              79.1600             0.5960              135            
136            [60000/60000]       0.5748              78.9800             0.5922              136            
137            [60000/60000]       0.5723              79.2300             0.5945              137            
138            [60000/60000]       0.5732              79.0300             0.5908              138            
139            [60000/60000]       0.5708              79.2100             0.5931              139            
140            [60000/60000]       0.5716              79.0300             0.5895              140            
141            [60000/60000]       0.5694              79.2200             0.5918              141            
142            [60000/60000]       0.5700              79.1000             0.5882              142            
143            [60000/60000]       0.5680              79.3300             0.5905              143            
144            [60000/60000]       0.5685              79.0900             0.5870              144            
145            [60000/60000]       0.5667              79.3400             0.5892              145            
146            [60000/60000]       0.5671              79.0500             0.5858              146            
147            [60000/60000]       0.5654              79.3700             0.5879              147            
148            [60000/60000]       0.5657              79.1600             0.5847              148            
149            [60000/60000]       0.5641              79.3200             0.5867              149            
150            [60000/60000]       0.5643              79.2200             0.5836              150            
151            [60000/60000]       0.5629              79.4200             0.5856              151            
152            [60000/60000]       0.5629              79.2600             0.5825              152            
153            [60000/60000]       0.5617              79.4500             0.5844              153            
154            [60000/60000]       0.5616              79.2600             0.5815              154            
155            [60000/60000]       0.5606              79.5000             0.5833              155            
156            [60000/60000]       0.5604              79.3600             0.5805              156            
157            [60000/60000]       0.5595              79.5600             0.5823              157            
158            [60000/60000]       0.5591              79.3800             0.5795              158            
159            [60000/60000]       0.5584              79.5800             0.5813              159            
160            [60000/60000]       0.5580              79.4800             0.5785              160            
161            [60000/60000]       0.5573              79.6300             0.5803              161            
162            [60000/60000]       0.5568              79.5200             0.5776              162            
163            [60000/60000]       0.5563              79.6700             0.5794              163            
164            [60000/60000]       0.5557              79.5900             0.5767              164            
165            [60000/60000]       0.5552              79.7400             0.5785              165            
166            [60000/60000]       0.5547              79.6300             0.5759              166            
167            [60000/60000]       0.5543              79.7900             0.5776              167            
168            [60000/60000]       0.5537              79.6500             0.5750              168            
169            [60000/60000]       0.5533              79.7800             0.5769              169            
170            [60000/60000]       0.5528              79.6700             0.5742              170            
171            [60000/60000]       0.5524              79.7800             0.5761              171            
172            [60000/60000]       0.5519              79.6800             0.5735              172            
173            [60000/60000]       0.5514              79.8000             0.5754              173            
174            [60000/60000]       0.5511              79.7100             0.5727              174            
175            [60000/60000]       0.5506              79.8100             0.5748              175            
176            [60000/60000]       0.5503              79.7200             0.5720              176            
177            [60000/60000]       0.5497              79.7800             0.5742              177            
178            [60000/60000]       0.5496              79.7500             0.5713              178            
179            [60000/60000]       0.5488              79.8300             0.5736              179            
180            [60000/60000]       0.5489              79.7000             0.5706              180            
181            [60000/60000]       0.5480              79.8800             0.5731              181            
182            [60000/60000]       0.5483              79.6600             0.5699              182            
183            [60000/60000]       0.5472              79.8100             0.5726              183            
184            [60000/60000]       0.5476              79.6300             0.5693              184            
185            [60000/60000]       0.5464              79.8000             0.5721              185            
186            [60000/60000]       0.5471              79.6900             0.5686              186            
187            [60000/60000]       0.5456              79.8600             0.5716              187            
188            [60000/60000]       0.5465              79.7100             0.5680              188            
189            [60000/60000]       0.5448              79.9100             0.5711              189            
190            [60000/60000]       0.5459              79.7400             0.5674              190            
191            [60000/60000]       0.5440              79.9600             0.5706              191            
192            [60000/60000]       0.5453              79.7500             0.5667              192            
193            [60000/60000]       0.5432              79.9900             0.5701              193            
194            [60000/60000]       0.5447              79.7600             0.5661              194            
195            [60000/60000]       0.5424              80.0000             0.5695              195            
196            [60000/60000]       0.5440              79.8100             0.5654              196            
197            [60000/60000]       0.5417              80.0600             0.5690              197            
198            [60000/60000]       0.5434              79.8500             0.5648              198            
199            [60000/60000]       0.5409              80.0800             0.5684              199            
200            [60000/60000]       0.5428              79.8600             0.5642              200            
201            [60000/60000]       0.5401              80.1000             0.5678              201            
202            [60000/60000]       0.5421              79.8400             0.5636              202            
203            [60000/60000]       0.5394              80.1000             0.5673              203            
204            [60000/60000]       0.5415              79.9000             0.5630              204            
205            [60000/60000]       0.5386              80.1200             0.5667              205            
206            [60000/60000]       0.5408              79.9900             0.5624              206            
207            [60000/60000]       0.5379              80.1100             0.5661              207            
208            [60000/60000]       0.5402              80.0200             0.5619              208            
209            [60000/60000]       0.5372              80.1200             0.5656              209            
210            [60000/60000]       0.5396              80.0000             0.5613              210            
211            [60000/60000]       0.5365              80.1300             0.5650              211            
212            [60000/60000]       0.5389              80.0800             0.5608              212            
213            [60000/60000]       0.5358              80.1700             0.5645              213            
214            [60000/60000]       0.5383              80.0800             0.5603              214            
215            [60000/60000]       0.5352              80.1400             0.5639              215            
216            [60000/60000]       0.5377              80.1000             0.5598              216            
217            [60000/60000]       0.5345              80.2200             0.5633              217            
218            [60000/60000]       0.5371              80.1400             0.5594              218            
219            [60000/60000]       0.5339              80.2800             0.5628              219            
220            [60000/60000]       0.5366              80.1400             0.5591              220            
221            [60000/60000]       0.5334              80.3200             0.5623              221            
222            [60000/60000]       0.5361              79.9400             0.5592              222            
223            [60000/60000]       0.5331              80.3800             0.5620              223            
224            [60000/60000]       0.5361              79.7100             0.5605              224            
225            [60000/60000]       0.5339              80.4200             0.5627              225            
226            [60000/60000]       0.5370              79.5300             0.5642              226            
227            [60000/60000]       0.5369              80.3000             0.5656              227            
228            [60000/60000]       0.5400              79.1300             0.5704              228            
229            [60000/60000]       0.5424              80.1900             0.5692              229            
230            [60000/60000]       0.5438              78.9500             0.5731              230            
231            [60000/60000]       0.5447              80.1700             0.5701              231            
232            [60000/60000]       0.5446              78.9900             0.5730              232            
233            [60000/60000]       0.5444              80.2200             0.5697              233            
234            [60000/60000]       0.5440              78.9900             0.5723              234            
235            [60000/60000]       0.5435              80.2500             0.5690              235            
236            [60000/60000]       0.5432              79.0600             0.5715              236            
237            [60000/60000]       0.5426              80.3200             0.5682              237            
238            [60000/60000]       0.5423              79.0600             0.5707              238            
239            [60000/60000]       0.5417              80.3100             0.5674              239            
