Current_Epoch  Batch/Total         CE_Train            Accuracy(%)         CE_TEST             Batch_Number   
0              [0/60000]           --                  9.020               2.3015              0
1              [64/60000]          2.3013              28.7800             2.2115              1              
1              [128/60000]         2.2234              55.8300             2.1061              2              
1              [192/60000]         2.1344              51.0600             2.0157              3              
1              [256/60000]         1.9571              32.9300             1.9515              4              
1              [320/60000]         2.0326              61.5200             1.7648              5              
1              [384/60000]         1.8358              63.0800             1.6173              6              
1              [448/60000]         1.4754              50.8900             1.5525              7              
1              [512/60000]         1.3174              60.0300             1.3621              8              
1              [576/60000]         1.3701              69.6500             1.2105              9              
1              [640/60000]         1.2758              70.7100             1.0772              10             
1              [704/60000]         1.0638              75.3700             0.9552              11             
1              [768/60000]         0.9674              75.0200             0.9042              12             
1              [832/60000]         0.7240              72.3100             0.8762              13             
1              [896/60000]         0.9036              82.0600             0.7535              14             
1              [960/60000]         0.6931              70.6600             0.8659              15             
1              [1024/60000]        0.8996              73.6900             0.8266              16             
1              [1088/60000]        0.7578              73.9800             0.8421              17             
1              [1152/60000]        0.6912              77.8000             0.6944              18             
1              [1216/60000]        0.6456              74.1600             0.7336              19             
1              [1280/60000]        0.8520              74.1300             0.8052              20             
1              [1344/60000]        0.6168              83.7800             0.5841              21             
1              [1408/60000]        0.3883              80.3400             0.6153              22             
1              [1472/60000]        0.6751              82.2900             0.5862              23             
1              [1536/60000]        0.6476              79.6300             0.6322              24             
1              [1600/60000]        0.6639              84.3600             0.5339              25             
1              [1664/60000]        0.5199              82.9300             0.5490              26             
1              [1728/60000]        0.5725              82.2000             0.5762              27             
1              [1792/60000]        0.7910              80.1100             0.5836              28             
1              [1856/60000]        0.6257              80.4300             0.6079              29             
1              [1920/60000]        0.8506              82.6400             0.5346              30             
1              [1984/60000]        0.4864              85.7000             0.4746              31             
1              [2048/60000]        0.7224              84.7100             0.4976              32             
1              [2112/60000]        0.5178              83.5500             0.5172              33             
1              [2176/60000]        0.4305              86.0300             0.4752              34             
1              [2240/60000]        0.3582              83.3000             0.5518              35             
1              [2304/60000]        0.9681              73.3200             0.7395              36             
1              [2368/60000]        0.7856              84.8700             0.5021              37             
1              [2432/60000]        0.4814              87.2300             0.4387              38             
1              [2496/60000]        0.4581              86.6500             0.4579              39             
1              [2560/60000]        0.5210              86.3700             0.4627              40             
1              [2624/60000]        0.5796              86.3100             0.4537              41             
1              [2688/60000]        0.3727              84.8400             0.4935              42             
1              [2752/60000]        0.4576              87.3300             0.4259              43             
1              [2816/60000]        0.4152              85.1200             0.4794              44             
1              [2880/60000]        0.3872              83.6000             0.5175              45             
1              [2944/60000]        0.8959              86.3200             0.4702              46             
1              [3008/60000]        0.3443              87.8000             0.4363              47             
1              [3072/60000]        0.4832              87.7100             0.4180              48             
1              [3136/60000]        0.5542              85.1800             0.4810              49             
1              [3200/60000]        0.4412              87.0000             0.4439              50             
1              [3264/60000]        0.5163              85.0600             0.5231              51             
1              [3328/60000]        0.6560              87.2700             0.4430              52             
1              [3392/60000]        0.3310              88.8700             0.3953              53             
1              [3456/60000]        0.2611              88.6200             0.4096              54             
1              [3520/60000]        0.6366              84.5200             0.5077              55             
1              [3584/60000]        0.6411              87.6900             0.4109              56             
1              [3648/60000]        0.4601              85.9900             0.4566              57             
1              [3712/60000]        0.5060              85.3600             0.4615              58             
1              [3776/60000]        0.4847              89.3300             0.3785              59             
1              [3840/60000]        0.3189              87.0200             0.4229              60             
1              [3904/60000]        0.3111              89.0400             0.3821              61             
1              [3968/60000]        0.2407              88.6000             0.3854              62             
1              [4032/60000]        0.6424              87.7900             0.4139              63             
1              [4096/60000]        0.4743              88.2100             0.4052              64             
1              [4160/60000]        0.6025              83.6800             0.5159              65             
1              [4224/60000]        0.3119              88.1900             0.4042              66             
1              [4288/60000]        0.5036              86.7200             0.4416              67             
1              [4352/60000]        0.5441              86.4600             0.4500              68             
1              [4416/60000]        0.6039              88.1700             0.3978              69             
1              [4480/60000]        0.2742              89.0700             0.3830              70             
1              [4544/60000]        0.5990              85.9700             0.4380              71             
1              [4608/60000]        0.4342              85.4800             0.4395              72             
1              [4672/60000]        0.3311              87.3700             0.4055              73             
1              [4736/60000]        0.5495              88.5300             0.4174              74             
1              [4800/60000]        0.8420              88.0900             0.4086              75             
1              [4864/60000]        0.2585              88.2100             0.4045              76             
1              [4928/60000]        0.4329              88.5000             0.3924              77             
1              [4992/60000]        0.3763              89.1600             0.3690              78             
1              [5056/60000]        0.5478              88.6700             0.3981              79             
1              [5120/60000]        0.3900              88.0800             0.3940              80             
1              [5184/60000]        0.4603              88.2500             0.4014              81             
1              [5248/60000]        0.4839              89.4700             0.3717              82             
1              [5312/60000]        0.4113              88.4800             0.3910              83             
1              [5376/60000]        0.3336              88.3200             0.3774              84             
1              [5440/60000]        0.3168              89.3900             0.3593              85             
1              [5504/60000]        0.3612              88.6000             0.3755              86             
1              [5568/60000]        0.3120              89.3400             0.3654              87             
1              [5632/60000]        0.2916              87.0600             0.4136              88             
1              [5696/60000]        0.4844              87.8600             0.4037              89             
1              [5760/60000]        0.3750              88.5800             0.3956              90             
1              [5824/60000]        0.2339              90.1600             0.3431              91             
1              [5888/60000]        0.1829              89.6400             0.3566              92             
1              [5952/60000]        0.2986              90.1900             0.3516              93             
1              [6016/60000]        0.4451              86.9400             0.4214              94             
1              [6080/60000]        0.5988              89.3800             0.3671              95             
1              [6144/60000]        0.3917              89.8000             0.3650              96             
1              [6208/60000]        0.5298              89.6500             0.3563              97             
1              [6272/60000]        0.4236              88.4200             0.3821              98             
1              [6336/60000]        0.3688              88.6600             0.3837              99             
1              [6400/60000]        0.4693              89.8000             0.3474              100            
1              [6464/60000]        0.4473              89.7400             0.3583              101            
1              [6528/60000]        0.3582              90.0000             0.3409              102            
1              [6592/60000]        0.2960              89.7400             0.3577              103            
1              [6656/60000]        0.3155              90.1100             0.3481              104            
1              [6720/60000]        0.3285              89.2500             0.3648              105            
1              [6784/60000]        0.1927              90.2100             0.3301              106            
1              [6848/60000]        0.3640              89.9400             0.3477              107            
1              [6912/60000]        0.1980              89.5300             0.3480              108            
1              [6976/60000]        0.3144              90.3200             0.3376              109            
1              [7040/60000]        0.2584              88.5900             0.3784              110            
1              [7104/60000]        0.4212              89.7100             0.3460              111            
1              [7168/60000]        0.4288              90.1400             0.3411              112            
1              [7232/60000]        0.5097              89.0500             0.3763              113            
1              [7296/60000]        0.3958              87.8600             0.4057              114            
1              [7360/60000]        0.4520              88.6800             0.3785              115            
1              [7424/60000]        0.1715              89.8400             0.3497              116            
1              [7488/60000]        0.5356              89.8100             0.3548              117            
1              [7552/60000]        0.2502              90.5700             0.3267              118            
1              [7616/60000]        0.4852              88.8300             0.3775              119            
1              [7680/60000]        0.2275              89.8000             0.3548              120            
1              [7744/60000]        0.3727              90.1700             0.3472              121            
1              [7808/60000]        0.3858              90.5100             0.3360              122            
1              [7872/60000]        0.4558              90.2900             0.3370              123            
1              [7936/60000]        0.3509              90.7100             0.3319              124            
1              [8000/60000]        0.3554              88.8700             0.3806              125            
1              [8064/60000]        0.5632              90.4200             0.3397              126            
1              [8128/60000]        0.2947              91.1100             0.3168              127            
1              [8192/60000]        0.2997              90.7800             0.3326              128            
1              [8256/60000]        0.4130              91.2300             0.3234              129            
1              [8320/60000]        0.3139              90.7500             0.3336              130            
1              [8384/60000]        0.2586              89.9100             0.3517              131            
1              [8448/60000]        0.2721              90.3400             0.3334              132            
1              [8512/60000]        0.1942              90.5900             0.3362              133            
1              [8576/60000]        0.2994              90.1300             0.3387              134            
1              [8640/60000]        0.4275              90.1100             0.3408              135            
1              [8704/60000]        0.4458              90.5300             0.3356              136            
1              [8768/60000]        0.1962              90.5700             0.3387              137            
1              [8832/60000]        0.2951              90.2500             0.3472              138            
1              [8896/60000]        0.3344              90.0500             0.3507              139            
1              [8960/60000]        0.3090              90.1000             0.3425              140            
1              [9024/60000]        0.4125              90.4400             0.3342              141            
1              [9088/60000]        0.3190              90.2200             0.3371              142            
1              [9152/60000]        0.1683              90.6100             0.3322              143            
1              [9216/60000]        0.3675              90.3500             0.3437              144            
1              [9280/60000]        0.2478              90.4800             0.3308              145            
1              [9344/60000]        0.3065              90.7800             0.3208              146            
1              [9408/60000]        0.4105              90.8200             0.3236              147            
1              [9472/60000]        0.2032              88.0300             0.3856              148            
1              [9536/60000]        0.3532              89.1100             0.3576              149            
1              [9600/60000]        0.3337              90.7000             0.3273              150            
1              [9664/60000]        0.3178              91.2400             0.3127              151            
1              [9728/60000]        0.3537              90.1000             0.3423              152            
1              [9792/60000]        0.2840              90.6500             0.3419              153            
1              [9856/60000]        0.3608              89.9300             0.3539              154            
1              [9920/60000]        0.1646              90.6600             0.3300              155            
1              [9984/60000]        0.4462              91.1100             0.3243              156            
1              [10048/60000]       0.5125              88.2300             0.3837              157            
1              [10112/60000]       0.3866              90.5900             0.3387              158            
1              [10176/60000]       0.5128              91.3700             0.3191              159            
