Current_Epoch  Batch/Total         CE_Train            Accuracy(%)         CE_TEST             Batch_Number   
0              [0/60000]           --                  9.020               2.3021              0
1              [64/60000]          2.3019              30.8700             2.2624              1              
1              [128/60000]         2.2517              40.3600             2.2171              2              
1              [192/60000]         2.1994              53.7200             2.1717              3              
1              [256/60000]         2.1630              28.5200             2.0988              4              
1              [320/60000]         2.1511              46.8200             2.0079              5              
1              [384/60000]         1.9836              59.1700             1.9069              6              
1              [448/60000]         1.8914              53.7900             1.7986              7              
1              [512/60000]         1.8704              64.2400             1.6384              8              
1              [576/60000]         1.6882              64.6000             1.4947              9              
1              [640/60000]         1.5720              70.5900             1.3339              10             
1              [704/60000]         1.2463              59.7600             1.2582              11             
1              [768/60000]         1.4103              56.9400             1.2256              12             
1              [832/60000]         1.3100              66.7800             1.1372              13             
1              [896/60000]         1.0828              74.6700             0.9396              14             
1              [960/60000]         1.1320              69.8300             0.9482              15             
1              [1024/60000]        1.0287              65.0000             1.0214              16             
1              [1088/60000]        0.9277              71.4600             0.8779              17             
1              [1152/60000]        1.0361              72.5300             0.8435              18             
1              [1216/60000]        0.8371              78.9400             0.7167              19             
1              [1280/60000]        0.4932              71.8700             0.7661              20             
1              [1344/60000]        0.6471              77.3800             0.7025              21             
1              [1408/60000]        0.6898              77.2100             0.6774              22             
1              [1472/60000]        0.7645              78.6300             0.6391              23             
1              [1536/60000]        0.5205              82.9400             0.5892              24             
1              [1600/60000]        0.7245              83.2400             0.5834              25             
1              [1664/60000]        0.6370              81.7100             0.6409              26             
1              [1728/60000]        0.7559              78.0500             0.6480              27             
1              [1792/60000]        0.7049              75.5000             0.7179              28             
1              [1856/60000]        0.9124              75.5500             0.6815              29             
1              [1920/60000]        0.8113              79.2800             0.6498              30             
1              [1984/60000]        0.8115              81.4200             0.6093              31             
1              [2048/60000]        0.6575              82.2600             0.5492              32             
1              [2112/60000]        0.5157              84.3900             0.5201              33             
1              [2176/60000]        0.6156              84.4000             0.5051              34             
1              [2240/60000]        0.6165              82.6300             0.5700              35             
1              [2304/60000]        0.6739              80.5000             0.6042              36             
1              [2368/60000]        0.6438              80.8500             0.5654              37             
1              [2432/60000]        0.6440              82.8000             0.5098              38             
1              [2496/60000]        0.4602              86.8900             0.4601              39             
1              [2560/60000]        0.5102              86.0200             0.4630              40             
1              [2624/60000]        0.3154              88.3400             0.4143              41             
1              [2688/60000]        0.3298              88.0200             0.4116              42             
1              [2752/60000]        0.3790              86.9000             0.4322              43             
1              [2816/60000]        0.4960              87.6600             0.4270              44             
1              [2880/60000]        0.3454              86.9700             0.4374              45             
1              [2944/60000]        0.4820              85.3800             0.4838              46             
1              [3008/60000]        0.3410              87.6700             0.4196              47             
1              [3072/60000]        0.3545              88.0500             0.4089              48             
1              [3136/60000]        0.2466              88.1200             0.4086              49             
1              [3200/60000]        0.4188              85.9800             0.4460              50             
1              [3264/60000]        0.2437              89.1800             0.3862              51             
1              [3328/60000]        0.3629              86.0700             0.4802              52             
1              [3392/60000]        0.4021              85.6500             0.4767              53             
1              [3456/60000]        0.4159              87.3000             0.4244              54             
1              [3520/60000]        0.3630              86.5200             0.4376              55             
1              [3584/60000]        0.3731              86.1400             0.4611              56             
1              [3648/60000]        0.5012              85.5400             0.4636              57             
1              [3712/60000]        0.3911              84.5800             0.5152              58             
1              [3776/60000]        0.4277              81.5200             0.5753              59             
1              [3840/60000]        0.6491              84.6100             0.4921              60             
1              [3904/60000]        0.5062              88.7400             0.3922              61             
1              [3968/60000]        0.5697              85.4400             0.4810              62             
1              [4032/60000]        0.4516              88.5200             0.4066              63             
1              [4096/60000]        0.3586              88.5700             0.3992              64             
1              [4160/60000]        0.6501              89.1600             0.3733              65             
1              [4224/60000]        0.5059              89.2300             0.3752              66             
1              [4288/60000]        0.2327              89.7900             0.3636              67             
1              [4352/60000]        0.2774              89.7600             0.3674              68             
1              [4416/60000]        0.2712              90.1600             0.3618              69             
1              [4480/60000]        0.4413              87.6000             0.4164              70             
1              [4544/60000]        0.3157              88.5100             0.3954              71             
1              [4608/60000]        0.4181              88.8500             0.3750              72             
1              [4672/60000]        0.2885              87.4400             0.4193              73             
1              [4736/60000]        0.3760              88.9000             0.3912              74             
1              [4800/60000]        0.4423              87.4300             0.4200              75             
1              [4864/60000]        0.4633              89.0700             0.3776              76             
1              [4928/60000]        0.4293              87.3500             0.4075              77             
1              [4992/60000]        0.6478              82.1600             0.5630              78             
1              [5056/60000]        0.4552              87.4300             0.4088              79             
1              [5120/60000]        0.5186              88.4100             0.3870              80             
1              [5184/60000]        0.5308              89.0100             0.3683              81             
1              [5248/60000]        0.2447              89.1200             0.3709              82             
1              [5312/60000]        0.3021              89.2000             0.3774              83             
1              [5376/60000]        0.2966              90.0600             0.3454              84             
1              [5440/60000]        0.3901              87.4200             0.4210              85             
1              [5504/60000]        0.4617              89.4400             0.3573              86             
1              [5568/60000]        0.3139              88.8100             0.3611              87             
1              [5632/60000]        0.3705              87.3000             0.3984              88             
1              [5696/60000]        0.2767              90.4100             0.3311              89             
1              [5760/60000]        0.5031              89.4600             0.3566              90             
1              [5824/60000]        0.3037              89.9900             0.3583              91             
1              [5888/60000]        0.2553              89.8300             0.3396              92             
1              [5952/60000]        0.6364              89.6100             0.3484              93             
1              [6016/60000]        0.2998              90.2000             0.3321              94             
1              [6080/60000]        0.4329              89.7800             0.3422              95             
1              [6144/60000]        0.4286              89.9500             0.3417              96             
1              [6208/60000]        0.2798              90.2900             0.3376              97             
1              [6272/60000]        0.4163              86.4300             0.4194              98             
1              [6336/60000]        0.5747              90.0600             0.3499              99             
1              [6400/60000]        0.3543              89.8000             0.3531              100            
1              [6464/60000]        0.5782              90.0500             0.3428              101            
1              [6528/60000]        0.2742              89.9600             0.3490              102            
1              [6592/60000]        0.3539              88.1900             0.4014              103            
1              [6656/60000]        0.6884              86.0400             0.4323              104            
1              [6720/60000]        0.3105              90.0200             0.3368              105            
1              [6784/60000]        0.4044              90.2700             0.3309              106            
1              [6848/60000]        0.3615              88.9700             0.3737              107            
1              [6912/60000]        0.5089              90.1700             0.3425              108            
1              [6976/60000]        0.3303              90.2900             0.3268              109            
1              [7040/60000]        0.3077              90.7900             0.3191              110            
1              [7104/60000]        0.2687              89.5100             0.3499              111            
1              [7168/60000]        0.4217              90.6900             0.3295              112            
1              [7232/60000]        0.5376              89.6900             0.3502              113            
1              [7296/60000]        0.4787              90.6800             0.3162              114            
1              [7360/60000]        0.1563              90.4300             0.3172              115            
1              [7424/60000]        0.3574              89.3600             0.3542              116            
1              [7488/60000]        0.2050              90.1200             0.3377              117            
1              [7552/60000]        0.2145              88.9100             0.3644              118            
1              [7616/60000]        0.2471              90.5800             0.3155              119            
1              [7680/60000]        0.3785              89.8000             0.3354              120            
1              [7744/60000]        0.2744              90.5700             0.3143              121            
1              [7808/60000]        0.2954              90.3400             0.3296              122            
1              [7872/60000]        0.1883              90.9800             0.3109              123            
1              [7936/60000]        0.1713              90.4800             0.3246              124            
1              [8000/60000]        0.6585              88.6300             0.3722              125            
1              [8064/60000]        0.3499              89.5900             0.3587              126            
1              [8128/60000]        0.1697              90.4600             0.3275              127            
1              [8192/60000]        0.2770              89.9400             0.3357              128            
1              [8256/60000]        0.5735              89.9700             0.3507              129            
1              [8320/60000]        0.5694              90.3700             0.3285              130            
1              [8384/60000]        0.4983              89.9700             0.3430              131            
1              [8448/60000]        0.4410              89.9500             0.3413              132            
1              [8512/60000]        0.3082              90.8900             0.3114              133            
1              [8576/60000]        0.3468              91.2100             0.3032              134            
1              [8640/60000]        0.3339              91.2100             0.3094              135            
1              [8704/60000]        0.3637              89.7900             0.3473              136            
1              [8768/60000]        0.2121              91.1400             0.3058              137            
1              [8832/60000]        0.5954              89.7100             0.3500              138            
1              [8896/60000]        0.3771              90.3900             0.3282              139            
1              [8960/60000]        0.3540              90.7400             0.3210              140            
1              [9024/60000]        0.2859              91.2100             0.3115              141            
1              [9088/60000]        0.2365              91.8600             0.2899              142            
1              [9152/60000]        0.3112              90.5100             0.3379              143            
1              [9216/60000]        0.4135              91.4100             0.3024              144            
1              [9280/60000]        0.3239              91.3700             0.2999              145            
1              [9344/60000]        0.2064              91.7500             0.2915              146            
1              [9408/60000]        0.3661              91.4800             0.3012              147            
1              [9472/60000]        0.3621              90.4000             0.3354              148            
1              [9536/60000]        0.1810              91.2500             0.3106              149            
1              [9600/60000]        0.1433              91.1500             0.3166              150            
1              [9664/60000]        0.3194              91.0200             0.3173              151            
1              [9728/60000]        0.4298              91.3100             0.2973              152            
1              [9792/60000]        0.3541              90.7700             0.3201              153            
1              [9856/60000]        0.5169              91.1700             0.3045              154            
1              [9920/60000]        0.2268              91.9200             0.2897              155            
1              [9984/60000]        0.4113              90.6700             0.3208              156            
1              [10048/60000]       0.2325              91.7900             0.2955              157            
1              [10112/60000]       0.2983              91.1300             0.3097              158            
1              [10176/60000]       0.2846              91.6400             0.2998              159            
1              [10240/60000]       0.1863              91.8400             0.2952              160            
1              [10304/60000]       0.3704              91.4400             0.2976              161            
1              [10368/60000]       0.2247              91.4000             0.3028              162            
1              [10432/60000]       0.2441              91.7200             0.2929              163            
1              [10496/60000]       0.4083              92.0500             0.2924              164            
1              [10560/60000]       0.2304              91.8900             0.2914              165            
1              [10624/60000]       0.1953              92.0100             0.2879              166            
1              [10688/60000]       0.4367              91.0300             0.3048              167            
1              [10752/60000]       0.3220              90.9700             0.3083              168            
1              [10816/60000]       0.2318              92.0200             0.2839              169            
1              [10880/60000]       0.1944              92.1800             0.2732              170            
1              [10944/60000]       0.3503              90.3200             0.3167              171            
1              [11008/60000]       0.2077              91.2700             0.2968              172            
1              [11072/60000]       0.2644              91.4500             0.2944              173            
1              [11136/60000]       0.3886              91.8200             0.2823              174            
1              [11200/60000]       0.3389              90.9200             0.3103              175            
1              [11264/60000]       0.2991              90.9000             0.2980              176            
1              [11328/60000]       0.3197              91.4100             0.2925              177            
1              [11392/60000]       0.2974              90.7300             0.2990              178            
1              [11456/60000]       0.3794              91.0000             0.3101              179            
1              [11520/60000]       0.3199              90.8300             0.3108              180            
1              [11584/60000]       0.3498              92.0300             0.2770              181            
1              [11648/60000]       0.2461              92.4400             0.2696              182            
1              [11712/60000]       0.1952              92.4300             0.2741              183            
1              [11776/60000]       0.3373              92.3800             0.2749              184            
1              [11840/60000]       0.1708              92.5000             0.2686              185            
1              [11904/60000]       0.1824              91.0600             0.3091              186            
1              [11968/60000]       0.1253              91.2900             0.2980              187            
1              [12032/60000]       0.2348              91.8200             0.2857              188            
1              [12096/60000]       0.1221              91.9900             0.2870              189            
1              [12160/60000]       0.3412              91.0400             0.3150              190            
1              [12224/60000]       0.2735              91.3600             0.3113              191            
1              [12288/60000]       0.5789              91.2100             0.2944              192            
1              [12352/60000]       0.2860              92.1000             0.2740              193            
1              [12416/60000]       0.6152              90.8700             0.3091              194            
1              [12480/60000]       0.2428              92.3600             0.2635              195            
1              [12544/60000]       0.2212              92.3800             0.2640              196            
1              [12608/60000]       0.1856              91.6600             0.2771              197            
1              [12672/60000]       0.3260              90.6400             0.3166              198            
1              [12736/60000]       0.3861              90.8200             0.3073              199            
1              [12800/60000]       0.2450              91.8300             0.2834              200            
1              [12864/60000]       0.2985              92.0600             0.2710              201            
1              [12928/60000]       0.3173              92.2200             0.2737              202            
1              [12992/60000]       0.2514              92.0100             0.2798              203            
1              [13056/60000]       0.3405              92.3000             0.2707              204            
1              [13120/60000]       0.1792              92.5700             0.2643              205            
1              [13184/60000]       0.2282              91.9500             0.2758              206            
1              [13248/60000]       0.1806              92.6000             0.2586              207            
1              [13312/60000]       0.2068              92.5000             0.2576              208            
1              [13376/60000]       0.1689              91.5900             0.2809              209            
1              [13440/60000]       0.3398              92.0000             0.2762              210            
1              [13504/60000]       0.3428              91.9700             0.2712              211            
1              [13568/60000]       0.3234              92.7700             0.2539              212            
1              [13632/60000]       0.3624              91.9500             0.2698              213            
1              [13696/60000]       0.1832              92.0900             0.2722              214            
1              [13760/60000]       0.2406              92.5600             0.2615              215            
1              [13824/60000]       0.5036              92.9600             0.2530              216            
1              [13888/60000]       0.1700              92.3100             0.2646              217            
1              [13952/60000]       0.1082              92.5700             0.2671              218            
1              [14016/60000]       0.4941              92.0500             0.2691              219            
1              [14080/60000]       0.2851              92.0500             0.2719              220            
1              [14144/60000]       0.2108              92.6800             0.2586              221            
1              [14208/60000]       0.1936              92.2600             0.2609              222            
1              [14272/60000]       0.4068              92.2600             0.2627              223            
1              [14336/60000]       0.2280              93.2200             0.2438              224            
1              [14400/60000]       0.1841              93.2500             0.2458              225            
1              [14464/60000]       0.1994              92.8600             0.2430              226            
1              [14528/60000]       0.2350              92.4400             0.2553              227            
1              [14592/60000]       0.2052              92.5200             0.2517              228            
1              [14656/60000]       0.3530              91.2300             0.2806              229            
1              [14720/60000]       0.4365              92.0600             0.2756              230            
1              [14784/60000]       0.1455              92.7600             0.2577              231            
1              [14848/60000]       0.2587              92.7300             0.2501              232            
1              [14912/60000]       0.2277              92.7700             0.2480              233            
1              [14976/60000]       0.2017              92.8500             0.2451              234            
1              [15040/60000]       0.1552              93.0000             0.2409              235            
1              [15104/60000]       0.1636              92.8400             0.2504              236            
1              [15168/60000]       0.2020              92.8900             0.2528              237            
1              [15232/60000]       0.2163              92.4300             0.2662              238            
1              [15296/60000]       0.2316              92.9800             0.2428              239            
1              [15360/60000]       0.5595              92.2100             0.2679              240            
1              [15424/60000]       0.5652              92.6000             0.2518              241            
1              [15488/60000]       0.2019              93.3100             0.2333              242            
1              [15552/60000]       0.1509              92.5800             0.2480              243            
1              [15616/60000]       0.1993              92.2500             0.2580              244            
1              [15680/60000]       0.2842              90.5900             0.2975              245            
1              [15744/60000]       0.3021              93.2400             0.2331              246            
1              [15808/60000]       0.2534              92.8900             0.2459              247            
1              [15872/60000]       0.0815              92.6500             0.2483              248            
1              [15936/60000]       0.2518              92.6100             0.2471              249            
1              [16000/60000]       0.1685              92.5900             0.2575              250            
1              [16064/60000]       0.1891              92.7200             0.2463              251            
1              [16128/60000]       0.3640              92.6000             0.2607              252            
1              [16192/60000]       0.2502              91.5300             0.3021              253            
1              [16256/60000]       0.1331              92.4500             0.2694              254            
1              [16320/60000]       0.1609              92.4500             0.2616              255            
1              [16384/60000]       0.3014              91.9500             0.2869              256            
1              [16448/60000]       0.3129              92.8000             0.2528              257            
1              [16512/60000]       0.1116              93.2600             0.2383              258            
1              [16576/60000]       0.2055              92.4300             0.2643              259            
1              [16640/60000]       0.2125              92.4800             0.2545              260            
1              [16704/60000]       0.5297              91.6500             0.2806              261            
1              [16768/60000]       0.2004              90.2100             0.3109              262            
1              [16832/60000]       0.2229              93.1800             0.2306              263            
1              [16896/60000]       0.1989              92.4700             0.2465              264            
1              [16960/60000]       0.2618              93.4000             0.2328              265            
1              [17024/60000]       0.3964              93.3900             0.2316              266            
1              [17088/60000]       0.2947              93.2600             0.2404              267            
1              [17152/60000]       0.1970              92.5700             0.2506              268            
1              [17216/60000]       0.1663              91.9600             0.2704              269            
1              [17280/60000]       0.3415              93.4400             0.2265              270            
1              [17344/60000]       0.1811              93.3800             0.2333              271            
1              [17408/60000]       0.2608              92.8000             0.2434              272            
1              [17472/60000]       0.2452              93.6000             0.2275              273            
1              [17536/60000]       0.4159              93.2400             0.2310              274            
1              [17600/60000]       0.2882              93.2500             0.2320              275            
1              [17664/60000]       0.2227              93.3300             0.2376              276            
1              [17728/60000]       0.2231              93.0600             0.2436              277            
1              [17792/60000]       0.3842              91.4800             0.2793              278            
1              [17856/60000]       0.3419              92.9100             0.2509              279            
1              [17920/60000]       0.1431              92.9700             0.2490              280            
1              [17984/60000]       0.3034              92.8400             0.2512              281            
1              [18048/60000]       0.1170              93.2700             0.2377              282            
1              [18112/60000]       0.2538              92.0800             0.2680              283            
1              [18176/60000]       0.1858              93.6400             0.2234              284            
1              [18240/60000]       0.2322              93.5600             0.2237              285            
1              [18304/60000]       0.2943              92.8300             0.2476              286            
1              [18368/60000]       0.2273              93.2800             0.2288              287            
1              [18432/60000]       0.4605              93.2300             0.2383              288            
1              [18496/60000]       0.1098              93.2800             0.2374              289            
1              [18560/60000]       0.0892              93.3200             0.2332              290            
1              [18624/60000]       0.1796              93.6600             0.2186              291            
1              [18688/60000]       0.3316              93.5000             0.2252              292            
1              [18752/60000]       0.3879              93.3100             0.2276              293            
1              [18816/60000]       0.2169              93.6500             0.2190              294            
1              [18880/60000]       0.1690              91.8600             0.2646              295            
1              [18944/60000]       0.2938              93.3000             0.2241              296            
1              [19008/60000]       0.2052              93.4900             0.2204              297            
1              [19072/60000]       0.2110              93.7700             0.2081              298            
1              [19136/60000]       0.0964              93.8400             0.2083              299            
1              [19200/60000]       0.2058              93.8700             0.2144              300            
1              [19264/60000]       0.2367              94.1200             0.2064              301            
1              [19328/60000]       0.3376              93.5500             0.2226              302            
1              [19392/60000]       0.2570              93.0700             0.2432              303            
1              [19456/60000]       0.2844              94.0000             0.2175              304            
1              [19520/60000]       0.1103              93.4500             0.2274              305            
1              [19584/60000]       0.1405              93.9900             0.2076              306            
1              [19648/60000]       0.1716              92.9500             0.2327              307            
1              [19712/60000]       0.3503              93.6800             0.2142              308            
1              [19776/60000]       0.1718              93.6800             0.2199              309            
1              [19840/60000]       0.2730              94.1100             0.2040              310            
1              [19904/60000]       0.1681              92.5200             0.2419              311            
1              [19968/60000]       0.3491              93.2100             0.2314              312            
1              [20032/60000]       0.2391              94.1700             0.2048              313            
1              [20096/60000]       0.1007              94.1800             0.2067              314            
1              [20160/60000]       0.2680              94.0100             0.2060              315            
1              [20224/60000]       0.3098              92.0900             0.2491              316            
1              [20288/60000]       0.1536              93.9600             0.2083              317            
1              [20352/60000]       0.1954              93.9000             0.2094              318            
1              [20416/60000]       0.2807              93.8500             0.2102              319            
1              [20480/60000]       0.2339              91.9300             0.2472              320            
1              [20544/60000]       0.1635              93.9700             0.2103              321            
1              [20608/60000]       0.2647              93.7800             0.2086              322            
1              [20672/60000]       0.4509              93.4600             0.2188              323            
1              [20736/60000]       0.2640              94.0700             0.2082              324            
1              [20800/60000]       0.2162              93.9300             0.2139              325            
1              [20864/60000]       0.2285              93.7400             0.2242              326            
1              [20928/60000]       0.1554              94.0000             0.2189              327            
1              [20992/60000]       0.2949              94.2600             0.2031              328            
1              [21056/60000]       0.1137              94.2500             0.2065              329            
1              [21120/60000]       0.1982              94.3900             0.1998              330            
1              [21184/60000]       0.1503              93.9300             0.2088              331            
1              [21248/60000]       0.1017              94.5300             0.1956              332            
1              [21312/60000]       0.4747              93.8100             0.2164              333            
1              [21376/60000]       0.2338              94.4300             0.1987              334            
1              [21440/60000]       0.2342              94.3800             0.2013              335            
1              [21504/60000]       0.2004              93.4200             0.2282              336            
1              [21568/60000]       0.2288              94.4000             0.2009              337            
1              [21632/60000]       0.2233              93.9700             0.2135              338            
1              [21696/60000]       0.1217              94.2800             0.2025              339            
1              [21760/60000]       0.1384              94.4600             0.1999              340            
1              [21824/60000]       0.3343              94.4300             0.2033              341            
1              [21888/60000]       0.1934              94.2900             0.2004              342            
1              [21952/60000]       0.3369              94.2800             0.1963              343            
1              [22016/60000]       0.2316              94.1900             0.2009              344            
1              [22080/60000]       0.2590              93.8400             0.2089              345            
1              [22144/60000]       0.1254              94.0500             0.2042              346            
1              [22208/60000]       0.0597              94.2700             0.2015              347            
1              [22272/60000]       0.2114              94.5600             0.1883              348            
1              [22336/60000]       0.1495              93.8800             0.2065              349            
1              [22400/60000]       0.4242              94.3100             0.1989              350            
1              [22464/60000]       0.4433              94.6200             0.1929              351            
1              [22528/60000]       0.1539              94.4300             0.1933              352            
1              [22592/60000]       0.1208              94.2600             0.1990              353            
1              [22656/60000]       0.2669              94.3300             0.1994              354            
1              [22720/60000]       0.2352              94.3200             0.1991              355            
1              [22784/60000]       0.1246              94.5300             0.1965              356            
1              [22848/60000]       0.1863              94.2900             0.2050              357            
1              [22912/60000]       0.2553              94.4700             0.2007              358            
1              [22976/60000]       0.1928              94.6200             0.1982              359            
1              [23040/60000]       0.3256              94.4900             0.1913              360            
1              [23104/60000]       0.2048              94.2100             0.2063              361            
1              [23168/60000]       0.1805              94.5800             0.2022              362            
1              [23232/60000]       0.3472              94.5600             0.1866              363            
1              [23296/60000]       0.3064              94.7300             0.1899              364            
1              [23360/60000]       0.1759              94.9900             0.1820              365            
1              [23424/60000]       0.1505              94.6800             0.1969              366            
1              [23488/60000]       0.2340              94.4100             0.1984              367            
1              [23552/60000]       0.1456              94.4400             0.1956              368            
1              [23616/60000]       0.2265              93.9500             0.2128              369            
1              [23680/60000]       0.2796              94.5500             0.1943              370            
1              [23744/60000]       0.0714              94.6900             0.1866              371            
1              [23808/60000]       0.5238              94.0100             0.2068              372            
1              [23872/60000]       0.2105              94.0900             0.2089              373            
1              [23936/60000]       0.6285              93.0000             0.2364              374            
1              [24000/60000]       0.1425              93.4200             0.2270              375            
1              [24064/60000]       0.3224              94.5600             0.2020              376            
1              [24128/60000]       0.2690              94.7700             0.1895              377            
1              [24192/60000]       0.3612              94.4400             0.1949              378            
1              [24256/60000]       0.2025              94.3700             0.1959              379            
