Current_Epoch  Batch/Total         CE_Train            Accuracy(%)         CE_TEST             Batch_Number   
0              [0/60000]           --                  9.020               2.3080              0
1              [64/60000]          2.3101              25.8800             2.1586              1              
1              [128/60000]         2.2897              22.4600             2.1655              2              
1              [192/60000]         2.2113              27.1700             2.1707              3              
1              [256/60000]         2.3419              50.8700             1.5767              4              
1              [320/60000]         1.5906              44.5000             1.5406              5              
1              [384/60000]         1.6661              63.6200             1.4582              6              
1              [448/60000]         1.2884              59.0200             1.3810              7              
1              [512/60000]         1.5225              52.4300             1.2723              8              
1              [576/60000]         1.0980              60.5400             1.2685              9              
1              [640/60000]         1.5517              57.3400             1.2219              10             
1              [704/60000]         1.3296              74.0100             0.8239              11             
1              [768/60000]         1.0195              67.1800             0.9260              12             
1              [832/60000]         1.0459              68.1400             0.9960              13             
1              [896/60000]         0.9532              67.5600             0.8999              14             
1              [960/60000]         0.7970              76.7100             0.7133              15             
1              [1024/60000]        0.6309              79.2500             0.6521              16             
1              [1088/60000]        0.5725              79.4800             0.6416              17             
1              [1152/60000]        0.6900              79.7800             0.5931              18             
1              [1216/60000]        0.6366              68.7900             0.8386              19             
1              [1280/60000]        0.9358              74.4400             0.8418              20             
1              [1344/60000]        1.0351              83.2900             0.5556              21             
1              [1408/60000]        0.7846              82.1100             0.5769              22             
1              [1472/60000]        0.4636              81.5900             0.5691              23             
1              [1536/60000]        0.4037              84.9300             0.5112              24             
1              [1600/60000]        0.3672              83.3700             0.5159              25             
1              [1664/60000]        0.4364              82.3700             0.5365              26             
1              [1728/60000]        0.6504              79.6100             0.6187              27             
1              [1792/60000]        0.6458              84.9400             0.4835              28             
1              [1856/60000]        0.6794              77.1800             0.6402              29             
1              [1920/60000]        0.7716              77.9700             0.6426              30             
1              [1984/60000]        0.7610              79.4400             0.6335              31             
1              [2048/60000]        0.7153              84.0400             0.5159              32             
1              [2112/60000]        0.5144              82.1400             0.5532              33             
1              [2176/60000]        0.6823              86.4000             0.4560              34             
1              [2240/60000]        0.4502              86.4000             0.4503              35             
1              [2304/60000]        0.5332              86.9700             0.4242              36             
1              [2368/60000]        0.2600              86.9300             0.4222              37             
1              [2432/60000]        0.4264              87.7100             0.4283              38             
1              [2496/60000]        0.3827              88.3100             0.3949              39             
1              [2560/60000]        0.3985              85.8300             0.4677              40             
1              [2624/60000]        0.4090              84.9600             0.4860              41             
1              [2688/60000]        0.4091              87.9000             0.4060              42             
1              [2752/60000]        0.3725              89.1000             0.3738              43             
1              [2816/60000]        0.3325              85.7600             0.4495              44             
1              [2880/60000]        0.3935              86.1700             0.4728              45             
1              [2944/60000]        0.5148              88.9100             0.3917              46             
1              [3008/60000]        0.3930              87.3600             0.3888              47             
1              [3072/60000]        0.4348              89.6400             0.3602              48             
1              [3136/60000]        0.2489              89.9900             0.3477              49             
1              [3200/60000]        0.3155              88.7400             0.3700              50             
1              [3264/60000]        0.4425              88.0000             0.3962              51             
1              [3328/60000]        0.4723              81.6100             0.5443              52             
1              [3392/60000]        0.3833              87.0100             0.4092              53             
1              [3456/60000]        0.4871              88.2300             0.3825              54             
1              [3520/60000]        0.3356              88.6300             0.3860              55             
1              [3584/60000]        0.3749              87.9500             0.4135              56             
1              [3648/60000]        0.4379              89.5600             0.3541              57             
1              [3712/60000]        0.4488              83.2700             0.5116              58             
1              [3776/60000]        0.8252              85.8900             0.4528              59             
1              [3840/60000]        0.2664              89.6700             0.3444              60             
1              [3904/60000]        0.6269              84.9900             0.4782              61             
1              [3968/60000]        0.2879              87.9400             0.3911              62             
1              [4032/60000]        0.2931              88.9800             0.3643              63             
1              [4096/60000]        0.2954              90.1800             0.3346              64             
1              [4160/60000]        0.3933              90.8500             0.3125              65             
1              [4224/60000]        0.3769              89.3300             0.3474              66             
1              [4288/60000]        0.4820              88.0900             0.3958              67             
1              [4352/60000]        0.6433              82.2300             0.6279              68             
1              [4416/60000]        0.4926              88.3700             0.3567              69             
1              [4480/60000]        0.3524              89.7700             0.3487              70             
1              [4544/60000]        0.3340              90.1500             0.3294              71             
1              [4608/60000]        0.2504              90.2400             0.3300              72             
1              [4672/60000]        0.1534              91.0500             0.3011              73             
1              [4736/60000]        0.2767              90.4300             0.3343              74             
1              [4800/60000]        0.2841              90.0200             0.3530              75             
1              [4864/60000]        0.1782              89.7600             0.3419              76             
1              [4928/60000]        0.1377              90.7600             0.3197              77             
1              [4992/60000]        0.3873              90.2700             0.3175              78             
1              [5056/60000]        0.2534              90.1700             0.3116              79             
1              [5120/60000]        0.3667              91.3800             0.2916              80             
1              [5184/60000]        0.4027              91.0500             0.2960              81             
1              [5248/60000]        0.2649              89.4200             0.3380              82             
1              [5312/60000]        0.3426              88.6200             0.3637              83             
1              [5376/60000]        0.4486              90.2700             0.3233              84             
1              [5440/60000]        0.5103              90.0300             0.3192              85             
1              [5504/60000]        0.1972              91.4800             0.2970              86             
1              [5568/60000]        0.2615              91.1700             0.3093              87             
1              [5632/60000]        0.3773              90.6100             0.3044              88             
1              [5696/60000]        0.5197              89.8400             0.3379              89             
1              [5760/60000]        0.1670              91.5400             0.2892              90             
1              [5824/60000]        0.3437              89.0100             0.3529              91             
1              [5888/60000]        0.4768              85.1700             0.4813              92             
1              [5952/60000]        0.5231              88.9400             0.3573              93             
1              [6016/60000]        0.8614              90.3600             0.3151              94             
1              [6080/60000]        0.2430              91.8000             0.2775              95             
1              [6144/60000]        0.3206              89.1200             0.3501              96             
1              [6208/60000]        0.6851              90.4100             0.3272              97             
1              [6272/60000]        0.3234              90.5500             0.3048              98             
1              [6336/60000]        0.3553              91.4800             0.2824              99             
1              [6400/60000]        0.2600              91.2100             0.2890              100            
1              [6464/60000]        0.1969              90.9400             0.2936              101            
1              [6528/60000]        0.4061              89.6900             0.3347              102            
1              [6592/60000]        0.6618              90.2300             0.3169              103            
1              [6656/60000]        0.4688              91.4900             0.2886              104            
1              [6720/60000]        0.2802              90.7400             0.2984              105            
1              [6784/60000]        0.3362              91.1600             0.2913              106            
1              [6848/60000]        0.4346              90.3800             0.3192              107            
1              [6912/60000]        0.3345              92.2800             0.2561              108            
1              [6976/60000]        0.2742              91.3200             0.3017              109            
1              [7040/60000]        0.4203              89.9200             0.3316              110            
1              [7104/60000]        0.4053              93.0300             0.2425              111            
1              [7168/60000]        0.2474              92.0000             0.2618              112            
1              [7232/60000]        0.2552              92.2800             0.2657              113            
1              [7296/60000]        0.4514              90.7100             0.3023              114            
1              [7360/60000]        0.2558              91.8400             0.2689              115            
1              [7424/60000]        0.2227              91.4200             0.2865              116            
1              [7488/60000]        0.2605              91.5800             0.2804              117            
1              [7552/60000]        0.3006              92.5100             0.2513              118            
1              [7616/60000]        0.2739              90.4700             0.3059              119            
1              [7680/60000]        0.3620              92.3400             0.2570              120            
1              [7744/60000]        0.3491              89.1700             0.3378              121            
1              [7808/60000]        0.2165              91.1500             0.2845              122            
1              [7872/60000]        0.3783              91.7500             0.2868              123            
1              [7936/60000]        0.2142              93.3800             0.2262              124            
1              [8000/60000]        0.2799              92.5900             0.2521              125            
1              [8064/60000]        0.2623              92.4600             0.2443              126            
1              [8128/60000]        0.2448              92.8500             0.2412              127            
1              [8192/60000]        0.3753              92.8800             0.2440              128            
1              [8256/60000]        0.2158              91.8800             0.2639              129            
1              [8320/60000]        0.4840              92.3300             0.2585              130            
1              [8384/60000]        0.2333              92.4300             0.2532              131            
1              [8448/60000]        0.2527              91.8600             0.2705              132            
1              [8512/60000]        0.3518              91.0900             0.2960              133            
1              [8576/60000]        0.3721              91.7400             0.2663              134            
1              [8640/60000]        0.3104              93.3200             0.2318              135            
1              [8704/60000]        0.1295              92.8200             0.2428              136            
1              [8768/60000]        0.3294              92.4500             0.2434              137            
1              [8832/60000]        0.3833              92.4600             0.2478              138            
1              [8896/60000]        0.3138              92.2800             0.2590              139            
1              [8960/60000]        0.2721              92.5000             0.2464              140            
1              [9024/60000]        0.2710              93.3500             0.2248              141            
1              [9088/60000]        0.1589              93.4200             0.2222              142            
1              [9152/60000]        0.1792              93.8000             0.2117              143            
1              [9216/60000]        0.0988              93.6800             0.2127              144            
1              [9280/60000]        0.1312              92.5400             0.2328              145            
1              [9344/60000]        0.3492              91.5000             0.2672              146            
1              [9408/60000]        0.3773              91.6500             0.2596              147            
1              [9472/60000]        0.3450              92.3900             0.2438              148            
1              [9536/60000]        0.1651              92.0100             0.2495              149            
1              [9600/60000]        0.3687              92.0100             0.2528              150            
1              [9664/60000]        0.3505              90.0000             0.3162              151            
1              [9728/60000]        0.1988              92.3000             0.2488              152            
1              [9792/60000]        0.2197              92.6400             0.2510              153            
1              [9856/60000]        0.1968              92.8000             0.2430              154            
1              [9920/60000]        0.1870              92.5400             0.2416              155            
1              [9984/60000]        0.2704              93.6200             0.2133              156            
1              [10048/60000]       0.1802              91.3200             0.2668              157            
1              [10112/60000]       0.1996              93.2600             0.2367              158            
1              [10176/60000]       0.1924              93.2200             0.2250              159            
1              [10240/60000]       0.2011              93.1200             0.2339              160            
1              [10304/60000]       0.2638              92.8300             0.2324              161            
1              [10368/60000]       0.3119              92.6900             0.2318              162            
1              [10432/60000]       0.3558              92.8300             0.2272              163            
1              [10496/60000]       0.2592              93.0400             0.2312              164            
1              [10560/60000]       0.2803              92.8000             0.2302              165            
1              [10624/60000]       0.2192              91.2300             0.2770              166            
1              [10688/60000]       0.3887              93.4300             0.2117              167            
1              [10752/60000]       0.1863              93.1800             0.2271              168            
1              [10816/60000]       0.1559              92.1700             0.2408              169            
1              [10880/60000]       0.1575              94.2000             0.1931              170            
1              [10944/60000]       0.2688              94.0800             0.2075              171            
1              [11008/60000]       0.2014              94.3700             0.2021              172            
1              [11072/60000]       0.3069              92.6900             0.2455              173            
1              [11136/60000]       0.2233              93.0100             0.2336              174            
1              [11200/60000]       0.1681              94.3200             0.1976              175            
1              [11264/60000]       0.1084              94.0000             0.2012              176            
1              [11328/60000]       0.3915              93.8200             0.2057              177            
1              [11392/60000]       0.2119              93.5500             0.2089              178            
1              [11456/60000]       0.2200              93.3000             0.2238              179            
1              [11520/60000]       0.2413              94.1500             0.1935              180            
1              [11584/60000]       0.1471              93.3200             0.2183              181            
1              [11648/60000]       0.2026              93.4500             0.2151              182            
1              [11712/60000]       0.2237              93.7200             0.2121              183            
1              [11776/60000]       0.2859              93.8800             0.2123              184            
1              [11840/60000]       0.2072              93.9300             0.1979              185            
1              [11904/60000]       0.2555              93.9400             0.2046              186            
1              [11968/60000]       0.1484              94.1200             0.2000              187            
1              [12032/60000]       0.2313              94.0100             0.2001              188            
1              [12096/60000]       0.2354              93.2000             0.2166              189            
1              [12160/60000]       0.1695              93.7900             0.2019              190            
1              [12224/60000]       0.1169              93.7100             0.2003              191            
1              [12288/60000]       0.2378              93.0600             0.2169              192            
1              [12352/60000]       0.2100              93.4300             0.2095              193            
1              [12416/60000]       0.4374              94.0200             0.1976              194            
1              [12480/60000]       0.1712              93.7000             0.1970              195            
1              [12544/60000]       0.1836              94.4600             0.1865              196            
1              [12608/60000]       0.2346              93.9800             0.1934              197            
1              [12672/60000]       0.0874              94.1500             0.1919              198            
1              [12736/60000]       0.2528              93.3600             0.2165              199            
1              [12800/60000]       0.1864              93.5400             0.2120              200            
1              [12864/60000]       0.1191              94.5300             0.1907              201            
1              [12928/60000]       0.1517              93.9400             0.2069              202            
1              [12992/60000]       0.1902              94.7900             0.1732              203            
1              [13056/60000]       0.1531              94.8700             0.1774              204            
1              [13120/60000]       0.1682              94.6800             0.1766              205            
1              [13184/60000]       0.1896              94.1100             0.1931              206            
1              [13248/60000]       0.1573              95.0800             0.1713              207            
1              [13312/60000]       0.2096              94.5700             0.1893              208            
1              [13376/60000]       0.1199              91.2300             0.2757              209            
1              [13440/60000]       0.1509              94.2000             0.1853              210            
1              [13504/60000]       0.2110              93.7400             0.2105              211            
1              [13568/60000]       0.2566              93.5200             0.2202              212            
1              [13632/60000]       0.0888              94.4100             0.1917              213            
1              [13696/60000]       0.1128              93.5700             0.1959              214            
1              [13760/60000]       0.1077              94.0000             0.1873              215            
1              [13824/60000]       0.3330              94.3200             0.1846              216            
1              [13888/60000]       0.1158              93.6400             0.2054              217            
1              [13952/60000]       0.1959              93.9300             0.1989              218            
1              [14016/60000]       0.2553              93.1700             0.2216              219            
1              [14080/60000]       0.1230              92.8600             0.2238              220            
1              [14144/60000]       0.1968              93.7100             0.2051              221            
1              [14208/60000]       0.4982              93.1300             0.2265              222            
1              [14272/60000]       0.2640              94.0200             0.1964              223            
1              [14336/60000]       0.0986              94.4600             0.1793              224            
1              [14400/60000]       0.1523              94.9000             0.1710              225            
1              [14464/60000]       0.1650              94.2600             0.1817              226            
1              [14528/60000]       0.2751              94.3500             0.1797              227            
1              [14592/60000]       0.2492              93.3700             0.2231              228            
1              [14656/60000]       0.1692              95.0200             0.1689              229            
1              [14720/60000]       0.2357              94.7500             0.1750              230            
1              [14784/60000]       0.2187              94.6100             0.1815              231            
1              [14848/60000]       0.1508              92.8400             0.2202              232            
1              [14912/60000]       0.3597              93.3700             0.2098              233            
1              [14976/60000]       0.2013              93.8500             0.2063              234            
1              [15040/60000]       0.4141              94.8700             0.1819              235            
1              [15104/60000]       0.0637              94.9300             0.1789              236            
1              [15168/60000]       0.1772              94.2100             0.1955              237            
1              [15232/60000]       0.3426              94.4700             0.1847              238            
1              [15296/60000]       0.5026              90.4200             0.2883              239            
1              [15360/60000]       0.2442              95.4800             0.1608              240            
1              [15424/60000]       0.1864              94.8300             0.1821              241            
1              [15488/60000]       0.1780              95.1600             0.1662              242            
1              [15552/60000]       0.0904              95.0100             0.1638              243            
1              [15616/60000]       0.2388              95.0400             0.1736              244            
1              [15680/60000]       0.0831              94.0400             0.2004              245            
1              [15744/60000]       0.2476              94.5800             0.1818              246            
1              [15808/60000]       0.1370              92.9200             0.2211              247            
1              [15872/60000]       0.2754              95.3200             0.1636              248            
1              [15936/60000]       0.2486              95.1600             0.1648              249            
1              [16000/60000]       0.0689              95.4500             0.1566              250            
1              [16064/60000]       0.1608              94.3700             0.1787              251            
1              [16128/60000]       0.1346              94.9300             0.1691              252            
1              [16192/60000]       0.1782              94.9400             0.1769              253            
1              [16256/60000]       0.0973              94.7400             0.1706              254            
1              [16320/60000]       0.0641              95.0900             0.1666              255            
1              [16384/60000]       0.0673              94.2500             0.1956              256            
1              [16448/60000]       0.1341              92.5300             0.2305              257            
1              [16512/60000]       0.2480              94.6000             0.1765              258            
1              [16576/60000]       0.1630              95.0400             0.1633              259            
1              [16640/60000]       0.2614              95.4400             0.1513              260            
1              [16704/60000]       0.2334              94.0900             0.1882              261            
1              [16768/60000]       0.1731              94.9500             0.1648              262            
1              [16832/60000]       0.0880              94.7100             0.1716              263            
1              [16896/60000]       0.3745              94.8900             0.1643              264            
1              [16960/60000]       0.1666              94.1200             0.1898              265            
1              [17024/60000]       0.1725              94.8000             0.1761              266            
1              [17088/60000]       0.1827              93.5100             0.2088              267            
1              [17152/60000]       0.1875              95.4600             0.1586              268            
1              [17216/60000]       0.1511              94.7100             0.1822              269            
1              [17280/60000]       0.1787              94.0600             0.1904              270            
1              [17344/60000]       0.1111              94.0100             0.1899              271            
1              [17408/60000]       0.2283              94.3700             0.1810              272            
1              [17472/60000]       0.2599              93.6700             0.2056              273            
1              [17536/60000]       0.1662              95.1500             0.1594              274            
1              [17600/60000]       0.2897              94.2900             0.1866              275            
1              [17664/60000]       0.1745              94.0300             0.1938              276            
1              [17728/60000]       0.1795              95.3000             0.1623              277            
1              [17792/60000]       0.1014              95.2100             0.1643              278            
1              [17856/60000]       0.1819              94.7400             0.1733              279            
