Current_Epoch  Batch/Total         CE_Train            Accuracy(%)         CE_TEST             Batch_Number   
0              [0/50000]           --                  9.020               2.3106              0
1              [1024/50000]        2.3141              17.4100             12.0453             1              
1              [2048/50000]        11.9491             15.3400             25.5592             2              
1              [3072/50000]        25.7142             14.0900             30.6371             3              
1              [4096/50000]        31.0666             12.7000             36.1755             4              
1              [5120/50000]        36.7043             10.8800             27.1978             5              
1              [6144/50000]        27.1286             15.5500             16.3285             6              
1              [7168/50000]        16.0916             14.0100             15.5387             7              
1              [8192/50000]        16.2506             17.9000             12.8347             8              
1              [9216/50000]        13.0440             12.8200             13.5009             9              
1              [10240/50000]       13.5997             18.2800             9.9963              10             
1              [11264/50000]       9.8868              16.0100             9.8778              11             
1              [12288/50000]       10.1194             15.3100             9.6918              12             
1              [13312/50000]       9.8963              18.6400             7.3744              13             
1              [14336/50000]       7.4333              20.3200             4.4171              14             
1              [15360/50000]       4.2827              24.4400             3.8411              15             
1              [16384/50000]       3.8712              29.0100             3.7681              16             
1              [17408/50000]       3.6672              19.2000             3.5619              17             
1              [18432/50000]       3.7138              21.5100             3.9710              18             
1              [19456/50000]       4.0973              22.1600             3.5925              19             
1              [20480/50000]       3.5556              25.3500             3.5231              20             
1              [21504/50000]       3.5208              28.1500             3.0437              21             
1              [22528/50000]       2.9520              29.3500             3.0570              22             
1              [23552/50000]       3.0924              33.3100             2.4587              23             
1              [24576/50000]       2.4367              29.4500             2.1081              24             
1              [25600/50000]       2.0645              34.0600             2.0685              25             
1              [26624/50000]       2.1323              33.9400             1.9996              26             
1              [27648/50000]       2.1309              23.0000             2.8868              27             
1              [28672/50000]       2.8405              26.7600             3.3184              28             
1              [29696/50000]       3.0684              25.2100             3.1317              29             
1              [30720/50000]       3.2289              30.2400             2.4688              30             
1              [31744/50000]       2.4734              37.9500             1.8589              31             
1              [32768/50000]       1.8931              36.8400             1.8012              32             
1              [33792/50000]       1.8096              38.6500             1.8568              33             
1              [34816/50000]       1.8645              38.6100             1.9592              34             
1              [35840/50000]       2.0304              28.0700             2.4797              35             
1              [36864/50000]       2.4611              33.8300             2.6845              36             
1              [37888/50000]       2.7418              28.3800             2.3450              37             
1              [38912/50000]       2.3119              30.0500             2.3149              38             
1              [39936/50000]       2.3208              29.4500             2.5247              39             
1              [40960/50000]       2.4955              32.8200             2.4775              40             
1              [41984/50000]       2.5564              33.8900             2.0893              41             
1              [43008/50000]       2.1279              41.0800             1.9505              42             
1              [44032/50000]       1.9540              34.7300             1.8123              43             
1              [45056/50000]       1.7622              36.6300             1.9599              44             
1              [46080/50000]       1.9601              32.8400             2.1890              45             
1              [47104/50000]       2.2094              35.3400             2.1123              46             
1              [48128/50000]       2.1018              35.9300             1.9750              47             
1              [49152/50000]       2.0010              34.0100             2.0523              48             
1              [41552/50000]       2.0966              33.9700             2.3701              49             
2              [1024/50000]        2.4381              35.7700             2.2729              50             
2              [2048/50000]        2.2788              32.6600             2.2237              51             
2              [3072/50000]        2.2425              35.8400             2.4243              52             
2              [4096/50000]        2.4033              26.6600             2.5547              53             
2              [5120/50000]        2.4962              37.1800             2.3706              54             
2              [6144/50000]        2.3893              33.8600             2.4936              55             
2              [7168/50000]        2.4666              35.5700             2.2234              56             
2              [8192/50000]        2.2578              35.7900             2.2178              57             
2              [9216/50000]        2.2523              35.7400             1.8308              58             
2              [10240/50000]       1.7988              39.7900             1.9383              59             
2              [11264/50000]       2.0127              38.7600             1.8501              60             
2              [12288/50000]       1.8429              33.8400             1.8266              61             
2              [13312/50000]       1.8213              37.0100             2.0256              62             
2              [14336/50000]       2.0880              32.2200             1.9918              63             
2              [15360/50000]       1.9547              38.2600             2.0248              64             
2              [16384/50000]       2.0543              39.1900             1.8481              65             
2              [17408/50000]       1.7785              39.0700             1.6744              66             
2              [18432/50000]       1.6886              41.4700             1.8160              67             
2              [19456/50000]       1.7570              42.2900             1.6660              68             
2              [20480/50000]       1.6621              40.4000             1.7201              69             
2              [21504/50000]       1.7553              37.9700             1.8428              70             
2              [22528/50000]       1.7567              39.4200             1.9716              71             
2              [23552/50000]       1.9516              41.2100             1.7386              72             
2              [24576/50000]       1.6906              38.7800             1.8245              73             
2              [25600/50000]       1.7733              37.3300             1.9060              74             
2              [26624/50000]       1.8486              35.6800             1.9464              75             
2              [27648/50000]       1.9477              32.4000             2.0027              76             
2              [28672/50000]       1.9668              36.8500             2.0420              77             
2              [29696/50000]       1.9924              36.2700             1.9216              78             
2              [30720/50000]       1.9409              38.1000             1.7907              79             
2              [31744/50000]       1.8340              37.3500             1.8036              80             
2              [32768/50000]       1.7996              42.7200             1.6775              81             
2              [33792/50000]       1.7125              40.0600             1.6681              82             
2              [34816/50000]       1.6485              41.9600             1.7712              83             
2              [35840/50000]       1.7497              39.9000             1.7062              84             
2              [36864/50000]       1.6479              40.3500             1.7383              85             
2              [37888/50000]       1.7272              39.9700             1.6623              86             
2              [38912/50000]       1.6566              41.7300             1.7873              87             
2              [39936/50000]       1.7891              42.5800             1.6994              88             
2              [40960/50000]       1.7322              42.1600             1.6575              89             
2              [41984/50000]       1.6938              43.0600             1.7632              90             
2              [43008/50000]       1.7882              44.4800             1.6544              91             
2              [44032/50000]       1.6794              44.8100             1.5498              92             
2              [45056/50000]       1.5144              43.2900             1.6521              93             
2              [46080/50000]       1.6105              42.5100             1.5976              94             
2              [47104/50000]       1.6843              43.4600             1.5736              95             
2              [48128/50000]       1.5991              42.8300             1.6054              96             
2              [49152/50000]       1.5841              44.0800             1.5949              97             
2              [41552/50000]       1.6270              42.9600             1.6226              98             
3              [1024/50000]        1.5894              42.8000             1.6849              99             
3              [2048/50000]        1.6347              38.9400             1.7803              100            
3              [3072/50000]        1.7584              37.1700             1.8857              101            
3              [4096/50000]        1.8489              34.6600             1.9434              102            
3              [5120/50000]        2.0372              38.2900             1.8801              103            
3              [6144/50000]        1.8662              38.7700             1.8413              104            
3              [7168/50000]        1.7739              39.8200             1.7810              105            
3              [8192/50000]        1.7159              40.1600             1.6781              106            
3              [9216/50000]        1.6662              41.8200             1.6619              107            
3              [10240/50000]       1.6823              45.0200             1.5506              108            
3              [11264/50000]       1.5166              44.4600             1.5219              109            
3              [12288/50000]       1.4998              46.7100             1.5050              110            
3              [13312/50000]       1.5037              46.8400             1.4833              111            
3              [14336/50000]       1.4407              48.6500             1.4759              112            
3              [15360/50000]       1.4175              47.3600             1.4691              113            
3              [16384/50000]       1.4690              48.7900             1.4916              114            
3              [17408/50000]       1.4111              45.3000             1.5293              115            
3              [18432/50000]       1.5067              45.1900             1.6247              116            
3              [19456/50000]       1.6441              44.6500             1.5688              117            
3              [20480/50000]       1.5402              43.4500             1.6044              118            
3              [21504/50000]       1.5809              43.8400             1.6430              119            
3              [22528/50000]       1.5752              46.0500             1.5661              120            
3              [23552/50000]       1.5674              46.1900             1.5160              121            
3              [24576/50000]       1.4707              44.5000             1.5410              122            
3              [25600/50000]       1.5036              42.5200             1.6612              123            
3              [26624/50000]       1.6444              43.3600             1.6286              124            
3              [27648/50000]       1.6250              39.4400             1.7043              125            
3              [28672/50000]       1.6553              43.1500             1.6427              126            
3              [29696/50000]       1.6060              45.4300             1.5967              127            
3              [30720/50000]       1.5257              48.6600             1.4849              128            
3              [31744/50000]       1.4959              45.9400             1.4902              129            
3              [32768/50000]       1.5048              47.6400             1.4795              130            
3              [33792/50000]       1.5057              44.5400             1.5172              131            
3              [34816/50000]       1.5062              42.6200             1.6092              132            
3              [35840/50000]       1.5671              46.1900             1.4948              133            
3              [36864/50000]       1.4611              43.5600             1.5444              134            
3              [37888/50000]       1.5913              43.0500             1.6461              135            
3              [38912/50000]       1.5953              44.8100             1.5392              136            
3              [39936/50000]       1.4965              49.7200             1.4432              137            
3              [40960/50000]       1.4294              47.8400             1.4614              138            
3              [41984/50000]       1.4054              51.1000             1.4095              139            
3              [43008/50000]       1.4061              48.0900             1.4494              140            
3              [44032/50000]       1.4027              49.3900             1.4922              141            
3              [45056/50000]       1.5037              48.6400             1.4553              142            
3              [46080/50000]       1.4256              47.4800             1.4624              143            
3              [47104/50000]       1.4265              44.4800             1.5602              144            
3              [48128/50000]       1.4940              44.7800             1.5190              145            
3              [49152/50000]       1.4820              47.6400             1.4916              146            
3              [41552/50000]       1.3995              46.8800             1.4860              147            
4              [1024/50000]        1.4085              46.8900             1.4761              148            
4              [2048/50000]        1.4356              46.5600             1.5003              149            
4              [3072/50000]        1.4708              47.3000             1.4674              150            
4              [4096/50000]        1.3955              50.6800             1.4244              151            
4              [5120/50000]        1.4418              48.8700             1.4719              152            
4              [6144/50000]        1.4486              48.0000             1.4998              153            
4              [7168/50000]        1.4130              48.1700             1.5021              154            
4              [8192/50000]        1.4289              42.5000             1.6286              155            
4              [9216/50000]        1.6289              43.8500             1.6505              156            
4              [10240/50000]       1.5983              46.1000             1.5567              157            
4              [11264/50000]       1.4945              45.0300             1.5969              158            
4              [12288/50000]       1.5457              43.7900             1.6453              159            
4              [13312/50000]       1.6057              45.4100             1.6123              160            
4              [14336/50000]       1.5399              48.1500             1.5134              161            
4              [15360/50000]       1.4861              45.4500             1.5687              162            
4              [16384/50000]       1.4768              43.7500             1.6400              163            
4              [17408/50000]       1.6425              41.7100             1.7079              164            
4              [18432/50000]       1.6157              43.2400             1.6969              165            
4              [19456/50000]       1.7004              43.1100             1.6198              166            
4              [20480/50000]       1.5015              47.4800             1.4852              167            
4              [21504/50000]       1.4047              45.1700             1.5433              168            
4              [22528/50000]       1.5089              45.9500             1.5265              169            
4              [23552/50000]       1.4794              47.8100             1.5267              170            
4              [24576/50000]       1.5543              47.1800             1.4968              171            
4              [25600/50000]       1.4940              46.5800             1.5960              172            
4              [26624/50000]       1.5369              39.9900             1.7722              173            
4              [27648/50000]       1.7189              41.9300             1.7963              174            
4              [28672/50000]       1.7670              38.6900             1.7523              175            
4              [29696/50000]       1.6824              42.8700             1.7430              176            
4              [30720/50000]       1.7194              41.2600             1.7562              177            
4              [31744/50000]       1.7674              42.3600             1.6125              178            
4              [32768/50000]       1.5698              47.0500             1.4856              179            
4              [33792/50000]       1.4763              45.7800             1.5345              180            
4              [34816/50000]       1.4909              44.9400             1.6107              181            
4              [35840/50000]       1.5249              47.6000             1.4804              182            
4              [36864/50000]       1.5156              48.2500             1.4821              183            
4              [37888/50000]       1.4052              47.0000             1.5082              184            
4              [38912/50000]       1.5094              44.3700             1.5287              185            
4              [39936/50000]       1.5263              46.2300             1.5345              186            
4              [40960/50000]       1.4828              49.2500             1.4264              187            
4              [41984/50000]       1.3835              49.6700             1.4322              188            
4              [43008/50000]       1.3806              49.8500             1.4115              189            
4              [44032/50000]       1.3930              50.4900             1.4211              190            
4              [45056/50000]       1.3935              48.8900             1.4276              191            
4              [46080/50000]       1.3968              48.3000             1.4669              192            
4              [47104/50000]       1.3833              48.9700             1.4508              193            
4              [48128/50000]       1.3973              51.0800             1.3934              194            
4              [49152/50000]       1.3167              49.7900             1.4054              195            
4              [41552/50000]       1.3657              49.0700             1.4431              196            
5              [1024/50000]        1.3756              48.8700             1.4609              197            
5              [2048/50000]        1.3961              50.1400             1.4204              198            
5              [3072/50000]        1.4114              46.8000             1.5181              199            
5              [4096/50000]        1.4338              48.5300             1.4740              200            
5              [5120/50000]        1.4831              48.5000             1.4734              201            
5              [6144/50000]        1.3954              49.9800             1.4077              202            
5              [7168/50000]        1.3416              50.2000             1.3864              203            
5              [8192/50000]        1.3610              50.5900             1.4075              204            
5              [9216/50000]        1.3435              49.8600             1.4082              205            
5              [10240/50000]       1.3971              50.9300             1.3923              206            
5              [11264/50000]       1.3296              51.5800             1.3645              207            
5              [12288/50000]       1.2854              51.5900             1.3508              208            
5              [13312/50000]       1.3326              50.6900             1.3841              209            
5              [14336/50000]       1.3069              48.5000             1.4337              210            
5              [15360/50000]       1.3696              49.6200             1.4137              211            
5              [16384/50000]       1.3101              46.1600             1.4878              212            
5              [17408/50000]       1.4443              41.6300             1.6239              213            
5              [18432/50000]       1.5412              43.2700             1.6581              214            
5              [19456/50000]       1.6207              41.7600             1.6631              215            
5              [20480/50000]       1.5808              47.0500             1.5437              216            
5              [21504/50000]       1.5071              44.7300             1.6286              217            
5              [22528/50000]       1.5709              44.8300             1.5888              218            
5              [23552/50000]       1.5015              43.1500             1.6735              219            
5              [24576/50000]       1.6216              41.1000             1.8435              220            
5              [25600/50000]       1.8102              38.5100             1.9372              221            
5              [26624/50000]       1.9098              39.5500             1.9368              222            
5              [27648/50000]       1.7482              39.0200             1.8876              223            
5              [28672/50000]       1.8737              41.2600             1.7419              224            
5              [29696/50000]       1.6738              41.0300             1.7002              225            
5              [30720/50000]       1.6527              43.1400             1.5893              226            
5              [31744/50000]       1.5136              46.0400             1.5110              227            
5              [32768/50000]       1.4605              45.8200             1.5920              228            
5              [33792/50000]       1.6138              45.3800             1.5659              229            
5              [34816/50000]       1.4870              48.9100             1.4117              230            
5              [35840/50000]       1.3809              44.7300             1.5203              231            
5              [36864/50000]       1.4796              47.4800             1.5618              232            
5              [37888/50000]       1.5301              48.2300             1.4552              233            
5              [38912/50000]       1.4014              48.4900             1.5654              234            
5              [39936/50000]       1.5267              48.7400             1.4492              235            
5              [40960/50000]       1.4054              52.4300             1.3757              236            
5              [41984/50000]       1.3033              53.5000             1.3338              237            
5              [43008/50000]       1.2990              54.2900             1.3238              238            
5              [44032/50000]       1.2772              51.6400             1.3523              239            
5              [45056/50000]       1.2646              53.6800             1.3425              240            
5              [46080/50000]       1.3212              52.2100             1.3861              241            
5              [47104/50000]       1.3651              50.4200             1.4193              242            
5              [48128/50000]       1.3705              49.7800             1.4130              243            
5              [49152/50000]       1.3671              48.6000             1.4717              244            
5              [41552/50000]       1.3905              47.7600             1.4850              245            
6              [1024/50000]        1.3992              50.2800             1.4297              246            
6              [2048/50000]        1.3540              48.9600             1.4574              247            
6              [3072/50000]        1.4156              45.6800             1.4980              248            
6              [4096/50000]        1.4362              49.7100             1.4210              249            
6              [5120/50000]        1.3372              50.5100             1.4019              250            
6              [6144/50000]        1.3856              51.2900             1.3918              251            
6              [7168/50000]        1.3058              51.7900             1.3605              252            
6              [8192/50000]        1.2921              51.0800             1.3894              253            
6              [9216/50000]        1.2681              50.5300             1.4199              254            
6              [10240/50000]       1.3435              53.7200             1.3402              255            
6              [11264/50000]       1.2716              54.0900             1.3229              256            
6              [12288/50000]       1.2206              52.4500             1.3389              257            
6              [13312/50000]       1.2840              53.0100             1.3434              258            
6              [14336/50000]       1.3068              51.7200             1.3910              259            
6              [15360/50000]       1.2705              50.6900             1.3998              260            
6              [16384/50000]       1.3099              48.6600             1.4784              261            
6              [17408/50000]       1.4314              47.6200             1.4641              262            
6              [18432/50000]       1.4067              44.9000             1.5668              263            
6              [19456/50000]       1.5247              48.7200             1.4866              264            
6              [20480/50000]       1.4286              50.8600             1.4176              265            
6              [21504/50000]       1.3315              51.3300             1.4097              266            
6              [22528/50000]       1.3444              50.4300             1.4068              267            
6              [23552/50000]       1.3643              49.9300             1.4417              268            
6              [24576/50000]       1.3435              49.5800             1.4210              269            
6              [25600/50000]       1.3426              48.0300             1.4882              270            
6              [26624/50000]       1.4398              45.2600             1.5569              271            
6              [27648/50000]       1.5077              47.4900             1.5480              272            
6              [28672/50000]       1.5194              47.8100             1.4594              273            
6              [29696/50000]       1.4030              50.2700             1.4070              274            
6              [30720/50000]       1.3287              50.9900             1.3780              275            
6              [31744/50000]       1.2914              52.7800             1.3439              276            
6              [32768/50000]       1.2286              52.6700             1.3443              277            
6              [33792/50000]       1.2997              48.5300             1.4735              278            
6              [34816/50000]       1.4007              45.3600             1.5610              279            
6              [35840/50000]       1.5300              43.1900             1.6060              280            
6              [36864/50000]       1.5129              45.5800             1.5991              281            
6              [37888/50000]       1.5030              47.5800             1.4902              282            
6              [38912/50000]       1.4155              46.2800             1.5738              283            
6              [39936/50000]       1.4944              43.4100             1.6578              284            
6              [40960/50000]       1.6357              43.4800             1.7084              285            
6              [41984/50000]       1.6781              47.1400             1.5378              286            
6              [43008/50000]       1.4080              50.1300             1.3942              287            
6              [44032/50000]       1.2985              50.5900             1.3798              288            
6              [45056/50000]       1.3655              49.8300             1.4074              289            
6              [46080/50000]       1.3119              50.7800             1.3967              290            
6              [47104/50000]       1.3505              52.1600             1.3875              291            
6              [48128/50000]       1.3482              52.0800             1.3660              292            
6              [49152/50000]       1.3152              51.8400             1.4055              293            
6              [41552/50000]       1.3306              51.7500             1.3830              294            
7              [1024/50000]        1.2636              53.0800             1.3513              295            
7              [2048/50000]        1.2857              50.9700             1.4050              296            
7              [3072/50000]        1.2835              50.1300             1.4337              297            
7              [4096/50000]        1.3285              49.5500             1.4401              298            
7              [5120/50000]        1.3924              50.3700             1.4271              299            
