Current_Epoch  Batch/Total         CE_Train            Accuracy(%)         CE_TEST             Batch_Number   
0              [0/50000]           --                  9.020               4.6118              0
1              [64/50000]          4.6056              2.0400              18.2378             1              
1              [128/50000]         19.4008             1.2200              18.2305             2              
1              [192/50000]         16.9713             2.3300              17.7334             3              
1              [256/50000]         17.2523             1.9300              19.2835             4              
1              [320/50000]         18.6295             1.3100              17.2529             5              
1              [384/50000]         19.7717             1.2700              13.5938             6              
1              [448/50000]         13.5526             2.5500              10.6371             7              
1              [512/50000]         10.9425             1.7200              8.9993              8              
1              [576/50000]         9.4426              2.5900              8.6624              9              
1              [640/50000]         7.7267              2.2000              7.3829              10             
1              [704/50000]         7.6943              1.9500              7.4215              11             
1              [768/50000]         7.0946              1.3900              7.1582              12             
1              [832/50000]         6.7975              1.8500              6.9293              13             
1              [896/50000]         6.0318              3.9700              6.1413              14             
1              [960/50000]         6.6232              2.0400              5.8922              15             
1              [1024/50000]        5.6314              3.5900              5.6621              16             
1              [1088/50000]        5.8646              4.2700              5.3072              17             
1              [1152/50000]        6.0282              3.6500              5.1298              18             
1              [1216/50000]        4.7614              2.7000              5.0425              19             
1              [1280/50000]        5.1192              3.6800              4.8031              20             
1              [1344/50000]        4.8027              3.9700              4.6631              21             
1              [1408/50000]        4.5407              4.1800              4.6386              22             
1              [1472/50000]        4.8709              5.0000              4.5298              23             
1              [1536/50000]        4.7422              4.9400              4.6579              24             
1              [1600/50000]        4.6243              4.7800              4.6100              25             
1              [1664/50000]        4.6831              3.9800              4.5256              26             
1              [1728/50000]        4.7228              3.4300              4.6652              27             
1              [1792/50000]        4.5050              4.2800              4.9011              28             
1              [1856/50000]        4.9490              5.5000              4.6350              29             
1              [1920/50000]        4.3876              6.0800              4.5448              30             
1              [1984/50000]        4.4337              4.0100              4.6031              31             
1              [2048/50000]        4.7467              5.1200              4.4891              32             
1              [2112/50000]        4.5770              7.0200              4.3561              33             
1              [2176/50000]        4.2511              5.3600              4.4190              34             
1              [2240/50000]        4.4315              4.7100              4.7401              35             
1              [2304/50000]        4.5945              5.6800              4.4665              36             
1              [2368/50000]        4.8224              5.9000              4.4080              37             
1              [2432/50000]        4.1794              7.2300              4.3006              38             
1              [2496/50000]        4.4467              7.8600              4.1980              39             
1              [2560/50000]        4.1098              7.5400              4.2526              40             
1              [2624/50000]        4.1881              6.2600              4.3160              41             
1              [2688/50000]        4.2722              5.7400              4.4848              42             
1              [2752/50000]        4.4678              6.6500              4.3345              43             
1              [2816/50000]        4.5465              7.0300              4.3740              44             
1              [2880/50000]        4.3162              7.1000              4.2423              45             
1              [2944/50000]        4.1482              6.7600              4.4063              46             
1              [3008/50000]        4.3445              6.3700              4.3423              47             
1              [3072/50000]        4.3754              5.8600              4.3723              48             
1              [3136/50000]        4.3480              7.3900              4.3287              49             
1              [3200/50000]        4.6592              6.9900              4.3297              50             
1              [3264/50000]        4.6501              5.1600              4.5200              51             
1              [3328/50000]        4.3156              5.1700              4.5309              52             
1              [3392/50000]        4.7006              6.4800              4.3729              53             
1              [3456/50000]        4.3954              7.6100              4.2204              54             
1              [3520/50000]        3.9562              7.7000              4.2922              55             
1              [3584/50000]        4.2153              6.3500              4.2690              56             
1              [3648/50000]        4.1458              7.6200              4.3210              57             
1              [3712/50000]        4.1563              8.7400              4.2043              58             
1              [3776/50000]        4.5549              6.7400              4.3696              59             
1              [3840/50000]        4.6015              7.4200              4.1912              60             
1              [3904/50000]        4.4404              6.4400              4.3209              61             
1              [3968/50000]        4.4874              7.8200              4.1777              62             
1              [4032/50000]        4.2326              7.6700              4.2321              63             
1              [4096/50000]        4.4263              7.7500              4.1685              64             
1              [4160/50000]        4.0103              8.2300              4.1559              65             
1              [4224/50000]        4.2560              8.0500              4.1258              66             
1              [4288/50000]        4.0495              8.0700              4.1330              67             
1              [4352/50000]        4.0306              8.4600              4.2146              68             
1              [4416/50000]        4.2912              8.4900              4.1718              69             
1              [4480/50000]        4.4123              8.3300              4.1313              70             
1              [4544/50000]        4.1162              10.0200             4.0832              71             
1              [4608/50000]        3.9474              8.7600              4.1263              72             
1              [4672/50000]        4.0239              8.3400              4.1805              73             
1              [4736/50000]        4.0004              8.7600              4.2933              74             
1              [4800/50000]        3.6392              7.7800              4.2287              75             
1              [4864/50000]        4.3631              8.6300              4.0866              76             
1              [4928/50000]        3.9308              10.4900             4.0505              77             
1              [4992/50000]        4.0085              9.5500              4.0949              78             
1              [5056/50000]        4.0295              8.4200              4.1532              79             
1              [5120/50000]        4.3033              9.3700              4.1164              80             
1              [5184/50000]        4.1138              8.9600              4.0409              81             
1              [5248/50000]        4.1711              9.3700              4.0391              82             
1              [5312/50000]        4.0471              10.4200             3.9716              83             
1              [5376/50000]        4.0983              10.6400             3.9261              84             
1              [5440/50000]        4.0599              9.0200              4.0323              85             
1              [5504/50000]        4.2004              9.5400              4.0567              86             
1              [5568/50000]        4.1508              10.9700             4.0118              87             
1              [5632/50000]        3.9119              9.8700              4.0275              88             
1              [5696/50000]        4.1564              9.0200              4.0375              89             
1              [5760/50000]        3.8904              9.1200              4.0474              90             
1              [5824/50000]        3.8256              9.6100              4.0265              91             
1              [5888/50000]        4.2846              8.6800              4.1805              92             
1              [5952/50000]        4.4295              9.2800              3.9967              93             
1              [6016/50000]        3.9591              11.3800             3.9822              94             
1              [6080/50000]        3.9548              10.4000             3.9820              95             
1              [6144/50000]        4.1235              7.9400              4.0427              96             
1              [6208/50000]        4.0913              11.1000             3.9338              97             
1              [6272/50000]        3.8580              8.4800              4.0440              98             
1              [6336/50000]        4.2205              9.9100              3.9706              99             
1              [6400/50000]        3.7359              9.1600              4.0054              100            
1              [6464/50000]        3.8912              11.4800             3.9610              101            
1              [6528/50000]        3.9754              7.9900              4.1762              102            
1              [6592/50000]        3.8409              10.6700             3.9995              103            
1              [6656/50000]        4.0588              10.9400             3.9667              104            
1              [6720/50000]        4.2280              10.3300             3.9625              105            
1              [6784/50000]        3.8672              10.3700             3.9671              106            
1              [6848/50000]        4.0141              10.3300             4.0225              107            
1              [6912/50000]        4.1315              11.2300             3.8833              108            
1              [6976/50000]        3.7902              11.5000             3.8922              109            
1              [7040/50000]        3.9710              11.8100             3.8682              110            
1              [7104/50000]        3.7667              9.0300              4.0140              111            
1              [7168/50000]        4.1721              10.8300             3.9006              112            
1              [7232/50000]        3.8230              9.8700              4.0203              113            
1              [7296/50000]        3.7817              10.9200             3.9572              114            
1              [7360/50000]        3.6822              11.4500             3.8848              115            
1              [7424/50000]        4.2177              10.6800             3.9461              116            
1              [7488/50000]        3.9246              12.7600             3.8333              117            
1              [7552/50000]        3.5589              13.4800             3.7993              118            
1              [7616/50000]        3.8380              12.0100             3.8483              119            
1              [7680/50000]        3.8557              12.0100             3.9445              120            
1              [7744/50000]        4.0474              10.0400             3.9627              121            
1              [7808/50000]        4.1946              11.6100             3.8571              122            
1              [7872/50000]        3.9777              12.0600             3.8908              123            
1              [7936/50000]        3.6604              12.9300             3.7862              124            
1              [8000/50000]        3.7322              10.8600             3.9396              125            
1              [8064/50000]        3.6500              10.5100             3.8819              126            
1              [8128/50000]        3.8092              9.0800              3.9262              127            
1              [8192/50000]        3.8148              10.9600             3.9087              128            
1              [8256/50000]        3.7441              12.6900             3.8348              129            
1              [8320/50000]        3.9836              10.4900             3.9069              130            
1              [8384/50000]        3.9184              12.6100             3.8679              131            
1              [8448/50000]        3.7756              12.0900             3.8897              132            
1              [8512/50000]        3.9094              10.9900             3.9353              133            
1              [8576/50000]        3.7893              10.5600             3.9553              134            
1              [8640/50000]        3.6963              12.4100             3.8266              135            
1              [8704/50000]        4.0944              11.5300             3.9512              136            
1              [8768/50000]        3.7288              11.8500             3.8599              137            
1              [8832/50000]        3.8938              11.6500             3.9211              138            
1              [8896/50000]        4.1116              13.3400             3.8282              139            
1              [8960/50000]        3.7198              11.7900             3.8873              140            
1              [9024/50000]        3.7057              11.1100             3.9456              141            
1              [9088/50000]        4.4171              9.4500              4.0294              142            
1              [9152/50000]        3.9845              10.1900             3.9459              143            
1              [9216/50000]        3.6789              11.2300             3.8947              144            
1              [9280/50000]        4.0944              11.1300             3.8844              145            
1              [9344/50000]        4.2268              11.8700             3.8559              146            
1              [9408/50000]        3.9398              12.5200             3.8230              147            
1              [9472/50000]        3.7631              13.6500             3.7734              148            
1              [9536/50000]        3.9439              12.7400             3.8110              149            
1              [9600/50000]        3.4753              10.1900             4.0153              150            
1              [9664/50000]        4.3708              11.8700             3.9200              151            
1              [9728/50000]        4.0788              12.4500             3.8582              152            
1              [9792/50000]        3.8179              14.5100             3.7434              153            
1              [9856/50000]        3.6870              13.1000             3.7917              154            
1              [9920/50000]        4.0295              14.8200             3.7082              155            
1              [9984/50000]        3.6950              14.2100             3.7434              156            
1              [10048/50000]       3.5675              14.9300             3.7083              157            
1              [10112/50000]       3.8818              13.3800             3.8732              158            
1              [10176/50000]       3.6198              11.7000             3.9190              159            
