Current_Epoch  Batch/Total         CE_Train            Accuracy(%)         CE_TEST             Batch_Number   
0              [0/60000]           --                  9.020               2.3040              0
1              [1024/60000]        2.3032              55.9800             1.7820              1              
1              [2048/60000]        1.7902              35.9200             1.6370              2              
1              [3072/60000]        1.6426              59.0100             1.7229              3              
1              [4096/60000]        1.7963              49.1300             1.6310              4              
1              [5120/60000]        1.5566              53.8300             1.4294              5              
1              [6144/60000]        1.4581              69.6500             1.0397              6              
1              [7168/60000]        1.1126              76.0500             0.8119              7              
1              [8192/60000]        0.8384              69.8600             0.8758              8              
1              [9216/60000]        0.8545              72.5500             0.9490              9              
1              [10240/60000]       0.9559              74.8200             0.7284              10             
1              [11264/60000]       0.7163              81.3900             0.5964              11             
1              [12288/60000]       0.6332              79.4400             0.6232              12             
1              [13312/60000]       0.6369              77.8800             0.6325              13             
1              [14336/60000]       0.6793              79.1200             0.6586              14             
1              [15360/60000]       0.6776              83.8900             0.5535              15             
1              [16384/60000]       0.5385              84.4300             0.5052              16             
1              [17408/60000]       0.5021              83.4400             0.5421              17             
1              [18432/60000]       0.5847              77.9300             0.6571              18             
1              [19456/60000]       0.6816              78.1500             0.6764              19             
1              [20480/60000]       0.6560              83.5700             0.4997              20             
1              [21504/60000]       0.4911              86.0500             0.4622              21             
1              [22528/60000]       0.4924              84.3100             0.4620              22             
1              [23552/60000]       0.4576              87.6200             0.4235              23             
1              [24576/60000]       0.3990              87.9700             0.4007              24             
1              [25600/60000]       0.4062              88.6500             0.3993              25             
1              [26624/60000]       0.4622              88.0000             0.4001              26             
1              [27648/60000]       0.4274              89.2100             0.3776              27             
1              [28672/60000]       0.3506              88.1400             0.3845              28             
1              [29696/60000]       0.4315              88.3100             0.3889              29             
1              [30720/60000]       0.4111              87.3600             0.4076              30             
1              [31744/60000]       0.4511              87.9700             0.3857              31             
1              [32768/60000]       0.4212              86.5700             0.4383              32             
1              [33792/60000]       0.4824              87.6300             0.4023              33             
1              [34816/60000]       0.4541              87.7200             0.3941              34             
1              [35840/60000]       0.4146              86.8200             0.4098              35             
1              [36864/60000]       0.4004              86.2700             0.4291              36             
1              [37888/60000]       0.4676              86.3000             0.4348              37             
1              [38912/60000]       0.4544              88.4600             0.3835              38             
1              [39936/60000]       0.3937              89.7000             0.3531              39             
1              [40960/60000]       0.3946              90.4300             0.3278              40             
1              [41984/60000]       0.3186              91.0700             0.3142              41             
1              [43008/60000]       0.3231              91.7700             0.2957              42             
1              [44032/60000]       0.3509              92.0300             0.2895              43             
1              [45056/60000]       0.3061              91.9100             0.2874              44             
1              [46080/60000]       0.3508              92.2600             0.2839              45             
1              [47104/60000]       0.3405              91.9900             0.2870              46             
1              [48128/60000]       0.2850              91.7200             0.2886              47             
1              [49152/60000]       0.3065              90.8600             0.2987              48             
1              [50176/60000]       0.3074              92.1000             0.2801              49             
1              [51200/60000]       0.3064              91.6700             0.2888              50             
1              [52224/60000]       0.3333              91.1600             0.3014              51             
1              [53248/60000]       0.3259              90.2100             0.3205              52             
1              [54272/60000]       0.3419              90.4800             0.3227              53             
1              [55296/60000]       0.3460              90.1400             0.3240              54             
1              [56320/60000]       0.3546              90.7700             0.3140              55             
1              [57344/60000]       0.3305              90.6300             0.3093              56             
1              [58368/60000]       0.2979              90.9300             0.3109              57             
1              [59392/60000]       0.3036              92.1000             0.2744              58             
1              [35872/60000]       0.3659              90.2300             0.3199              59             
2              [1024/60000]        0.3046              90.9100             0.2884              60             
2              [2048/60000]        0.2998              91.5200             0.2884              61             
2              [3072/60000]        0.2919              91.4200             0.2831              62             
2              [4096/60000]        0.2711              91.6000             0.2811              63             
2              [5120/60000]        0.3144              91.4400             0.2781              64             
2              [6144/60000]        0.2495              92.7300             0.2571              65             
2              [7168/60000]        0.2611              92.6100             0.2518              66             
2              [8192/60000]        0.2473              92.7500             0.2521              67             
2              [9216/60000]        0.2802              92.6200             0.2518              68             
2              [10240/60000]       0.2748              92.2100             0.2622              69             
2              [11264/60000]       0.2540              92.4500             0.2524              70             
2              [12288/60000]       0.2654              93.0700             0.2486              71             
2              [13312/60000]       0.2682              93.1500             0.2442              72             
2              [14336/60000]       0.2689              93.2200             0.2428              73             
2              [15360/60000]       0.2575              93.4600             0.2334              74             
2              [16384/60000]       0.2344              93.4900             0.2315              75             
2              [17408/60000]       0.2992              92.9700             0.2496              76             
2              [18432/60000]       0.2714              93.3200             0.2340              77             
2              [19456/60000]       0.2437              93.5400             0.2323              78             
2              [20480/60000]       0.2395              93.5600             0.2287              79             
2              [21504/60000]       0.2739              92.5700             0.2545              80             
2              [22528/60000]       0.2332              92.5900             0.2565              81             
2              [23552/60000]       0.2938              90.7200             0.2981              82             
2              [24576/60000]       0.3332              90.4500             0.3137              83             
2              [25600/60000]       0.3572              89.1400             0.3466              84             
2              [26624/60000]       0.3599              90.0100             0.3364              85             
2              [27648/60000]       0.3911              91.5700             0.2754              86             
2              [28672/60000]       0.3009              92.6900             0.2465              87             
2              [29696/60000]       0.2728              93.8100             0.2234              88             
2              [30720/60000]       0.2263              93.9300             0.2121              89             
2              [31744/60000]       0.1956              94.1600             0.2177              90             
2              [32768/60000]       0.1909              94.0400             0.2127              91             
2              [33792/60000]       0.2664              94.1600             0.2075              92             
2              [34816/60000]       0.2508              94.0400             0.2130              93             
2              [35840/60000]       0.2367              93.9900             0.2163              94             
2              [36864/60000]       0.2113              93.9900             0.2095              95             
2              [37888/60000]       0.1796              94.0400             0.2075              96             
2              [38912/60000]       0.2176              94.3800             0.2059              97             
2              [39936/60000]       0.2134              94.1400             0.2078              98             
2              [40960/60000]       0.1777              94.4300             0.1991              99             
2              [41984/60000]       0.2049              94.6700             0.1950              100            
2              [43008/60000]       0.1806              94.0600             0.2058              101            
2              [44032/60000]       0.1864              94.1400             0.2064              102            
2              [45056/60000]       0.2071              93.8100             0.2086              103            
2              [46080/60000]       0.2110              93.7900             0.2164              104            
2              [47104/60000]       0.2624              94.0600             0.2064              105            
2              [48128/60000]       0.2250              94.1400             0.2065              106            
2              [49152/60000]       0.2272              93.9700             0.2115              107            
2              [50176/60000]       0.2070              93.7500             0.2176              108            
2              [51200/60000]       0.2213              94.2600             0.1991              109            
2              [52224/60000]       0.2281              94.1400             0.2015              110            
2              [53248/60000]       0.2187              94.1900             0.2010              111            
2              [54272/60000]       0.2049              94.7300             0.1909              112            
2              [55296/60000]       0.2182              94.2100             0.2013              113            
2              [56320/60000]       0.2092              94.2300             0.2062              114            
2              [57344/60000]       0.1998              94.4500             0.1881              115            
2              [58368/60000]       0.2032              94.6200             0.1895              116            
2              [59392/60000]       0.2217              94.4100             0.1954              117            
2              [35872/60000]       0.2337              94.0400             0.2016              118            
3              [1024/60000]        0.2228              93.8300             0.2095              119            
3              [2048/60000]        0.2149              94.2400             0.1984              120            
3              [3072/60000]        0.2144              94.8300             0.1841              121            
3              [4096/60000]        0.1978              94.6200             0.1836              122            
3              [5120/60000]        0.1446              95.0800             0.1743              123            
3              [6144/60000]        0.1567              95.3000             0.1688              124            
3              [7168/60000]        0.1684              95.1500             0.1694              125            
3              [8192/60000]        0.1907              95.1900             0.1721              126            
3              [9216/60000]        0.1440              95.0400             0.1719              127            
3              [10240/60000]       0.1753              95.1600             0.1716              128            
3              [11264/60000]       0.1816              95.1900             0.1690              129            
3              [12288/60000]       0.1634              94.8100             0.1796              130            
3              [13312/60000]       0.1825              94.8600             0.1818              131            
3              [14336/60000]       0.1697              95.4600             0.1626              132            
3              [15360/60000]       0.1900              95.3600             0.1646              133            
3              [16384/60000]       0.1565              95.1200             0.1694              134            
3              [17408/60000]       0.1714              95.3600             0.1642              135            
3              [18432/60000]       0.1878              94.8700             0.1757              136            
3              [19456/60000]       0.1745              95.4700             0.1598              137            
3              [20480/60000]       0.1610              95.3600             0.1620              138            
3              [21504/60000]       0.1729              95.0500             0.1727              139            
3              [22528/60000]       0.1712              95.5900             0.1592              140            
3              [23552/60000]       0.1626              95.2800             0.1650              141            
3              [24576/60000]       0.1657              94.6100             0.1817              142            
3              [25600/60000]       0.1554              93.9300             0.1946              143            
3              [26624/60000]       0.1583              93.6600             0.2090              144            
3              [27648/60000]       0.2094              94.3000             0.1879              145            
3              [28672/60000]       0.1834              95.1000             0.1719              146            
3              [29696/60000]       0.1697              95.1100             0.1660              147            
3              [30720/60000]       0.1702              95.0000             0.1721              148            
3              [31744/60000]       0.2199              95.0400             0.1675              149            
3              [32768/60000]       0.1618              95.3100             0.1579              150            
3              [33792/60000]       0.1724              95.5700             0.1538              151            
3              [34816/60000]       0.1873              95.6600             0.1498              152            
3              [35840/60000]       0.1709              95.1800             0.1668              153            
3              [36864/60000]       0.1688              94.8300             0.1790              154            
3              [37888/60000]       0.1640              94.8200             0.1739              155            
3              [38912/60000]       0.1774              95.5300             0.1526              156            
3              [39936/60000]       0.1561              95.7400             0.1508              157            
3              [40960/60000]       0.1403              95.8400             0.1444              158            
3              [41984/60000]       0.1396              95.9200             0.1431              159            
3              [43008/60000]       0.1218              95.8500             0.1424              160            
3              [44032/60000]       0.1741              96.0200             0.1431              161            
3              [45056/60000]       0.1481              95.9400             0.1392              162            
3              [46080/60000]       0.1603              95.9600             0.1418              163            
3              [47104/60000]       0.1371              95.6800             0.1520              164            
3              [48128/60000]       0.1446              95.5300             0.1526              165            
3              [49152/60000]       0.1697              95.2900             0.1558              166            
3              [50176/60000]       0.1670              93.8900             0.1939              167            
3              [51200/60000]       0.2175              91.0600             0.2660              168            
3              [52224/60000]       0.2715              88.5300             0.3383              169            
3              [53248/60000]       0.3628              89.7700             0.3205              170            
3              [54272/60000]       0.3420              92.5900             0.2310              171            
3              [55296/60000]       0.2471              94.7400             0.1728              172            
3              [56320/60000]       0.2036              95.9400             0.1419              173            
3              [57344/60000]       0.1644              95.9100             0.1440              174            
3              [58368/60000]       0.1415              96.0500             0.1358              175            
3              [59392/60000]       0.1535              95.8000             0.1444              176            
3              [35872/60000]       0.1202              96.0900             0.1346              177            
4              [1024/60000]        0.1606              96.0700             0.1368              178            
4              [2048/60000]        0.1801              96.2400             0.1340              179            
4              [3072/60000]        0.1314              96.3300             0.1303              180            
4              [4096/60000]        0.1127              96.2700             0.1298              181            
4              [5120/60000]        0.1123              96.1000             0.1316              182            
4              [6144/60000]        0.1056              96.1900             0.1317              183            
4              [7168/60000]        0.1218              96.3100             0.1326              184            
4              [8192/60000]        0.1421              96.0600             0.1323              185            
4              [9216/60000]        0.1241              96.1300             0.1312              186            
4              [10240/60000]       0.1258              96.0500             0.1352              187            
4              [11264/60000]       0.1093              96.3300             0.1251              188            
4              [12288/60000]       0.1114              96.5300             0.1249              189            
4              [13312/60000]       0.1311              96.4000             0.1277              190            
4              [14336/60000]       0.1710              96.3200             0.1261              191            
4              [15360/60000]       0.1259              96.5500             0.1212              192            
4              [16384/60000]       0.1158              96.3700             0.1240              193            
4              [17408/60000]       0.1038              96.2400             0.1246              194            
4              [18432/60000]       0.1226              96.2300             0.1314              195            
4              [19456/60000]       0.1390              95.8600             0.1401              196            
4              [20480/60000]       0.1287              96.4400             0.1210              197            
4              [21504/60000]       0.1274              96.3400             0.1239              198            
4              [22528/60000]       0.1083              96.5700             0.1250              199            
4              [23552/60000]       0.1351              96.4000             0.1178              200            
4              [24576/60000]       0.0962              96.2700             0.1237              201            
4              [25600/60000]       0.1414              96.1400             0.1269              202            
4              [26624/60000]       0.1258              96.5300             0.1205              203            
4              [27648/60000]       0.0840              96.3400             0.1212              204            
4              [28672/60000]       0.1259              96.2800             0.1253              205            
4              [29696/60000]       0.1225              96.4600             0.1228              206            
4              [30720/60000]       0.1336              96.6100             0.1189              207            
4              [31744/60000]       0.1019              96.7300             0.1164              208            
4              [32768/60000]       0.1300              96.7500             0.1132              209            
4              [33792/60000]       0.1136              96.4500             0.1174              210            
4              [34816/60000]       0.0894              96.7300             0.1144              211            
4              [35840/60000]       0.1183              96.5700             0.1177              212            
4              [36864/60000]       0.1166              96.6800             0.1149              213            
4              [37888/60000]       0.1086              96.8400             0.1108              214            
4              [38912/60000]       0.1160              96.5700             0.1148              215            
4              [39936/60000]       0.1199              96.8000             0.1137              216            
4              [40960/60000]       0.1333              96.4900             0.1229              217            
4              [41984/60000]       0.1400              95.8700             0.1372              218            
4              [43008/60000]       0.1304              95.8600             0.1392              219            
4              [44032/60000]       0.1316              95.8800             0.1296              220            
4              [45056/60000]       0.1278              96.7300             0.1114              221            
4              [46080/60000]       0.0958              96.9000             0.1061              222            
4              [47104/60000]       0.0958              96.7900             0.1077              223            
4              [48128/60000]       0.0975              96.6400             0.1170              224            
4              [49152/60000]       0.1093              95.9600             0.1371              225            
4              [50176/60000]       0.1276              95.5400             0.1379              226            
4              [51200/60000]       0.1530              93.9400             0.1855              227            
4              [52224/60000]       0.1627              93.9100             0.1809              228            
4              [53248/60000]       0.1880              91.4300             0.2651              229            
4              [54272/60000]       0.2573              89.5100             0.3243              230            
4              [55296/60000]       0.3764              88.9900             0.3436              231            
4              [56320/60000]       0.3557              87.7600             0.3716              232            
4              [57344/60000]       0.3893              87.5800             0.3954              233            
4              [58368/60000]       0.4519              90.7800             0.2784              234            
4              [59392/60000]       0.2646              95.9500             0.1349              235            
4              [35872/60000]       0.2057              96.5400             0.1196              236            
5              [1024/60000]        0.1255              96.3600             0.1207              237            
5              [2048/60000]        0.1185              96.6700             0.1115              238            
5              [3072/60000]        0.1053              96.5300             0.1113              239            
5              [4096/60000]        0.1175              96.8100             0.1044              240            
5              [5120/60000]        0.1134              96.8600             0.1040              241            
5              [6144/60000]        0.1180              96.7200             0.1091              242            
5              [7168/60000]        0.0901              96.9100             0.1048              243            
5              [8192/60000]        0.0811              97.0100             0.1049              244            
5              [9216/60000]        0.1155              96.9300             0.1030              245            
5              [10240/60000]       0.0746              96.9800             0.1012              246            
5              [11264/60000]       0.1082              97.0400             0.1011              247            
5              [12288/60000]       0.1147              96.9700             0.1047              248            
5              [13312/60000]       0.0873              97.0700             0.1016              249            
5              [14336/60000]       0.1257              96.8700             0.1041              250            
5              [15360/60000]       0.1125              96.8600             0.1041              251            
5              [16384/60000]       0.1092              96.8100             0.1078              252            
5              [17408/60000]       0.0787              96.8800             0.1026              253            
5              [18432/60000]       0.0854              96.9400             0.1021              254            
5              [19456/60000]       0.1013              96.8800             0.1048              255            
5              [20480/60000]       0.0981              97.1300             0.0998              256            
5              [21504/60000]       0.1012              96.7500             0.1059              257            
5              [22528/60000]       0.1022              96.8000             0.1048              258            
5              [23552/60000]       0.0968              96.9300             0.1050              259            
5              [24576/60000]       0.1134              97.1500             0.0983              260            
5              [25600/60000]       0.0977              97.0000             0.1016              261            
5              [26624/60000]       0.0765              96.9600             0.1012              262            
5              [27648/60000]       0.1066              96.9000             0.1042              263            
5              [28672/60000]       0.0897              96.8600             0.1065              264            
5              [29696/60000]       0.1086              97.0800             0.1003              265            
5              [30720/60000]       0.1033              96.9600             0.0982              266            
5              [31744/60000]       0.0828              97.0200             0.1017              267            
5              [32768/60000]       0.0971              97.1000             0.0971              268            
5              [33792/60000]       0.0682              97.1800             0.0965              269            
5              [34816/60000]       0.0921              97.0800             0.0958              270            
5              [35840/60000]       0.1060              97.2400             0.0940              271            
5              [36864/60000]       0.1070              97.0100             0.0971              272            
5              [37888/60000]       0.0833              97.1100             0.0995              273            
5              [38912/60000]       0.0803              97.2100             0.0940              274            
5              [39936/60000]       0.0831              97.1400             0.0960              275            
5              [40960/60000]       0.0797              97.0000             0.0950              276            
5              [41984/60000]       0.0886              97.1200             0.0932              277            
5              [43008/60000]       0.0888              96.8400             0.1055              278            
5              [44032/60000]       0.0901              97.0700             0.0964              279            
5              [45056/60000]       0.0783              97.2000             0.0951              280            
5              [46080/60000]       0.1085              96.9700             0.0978              281            
5              [47104/60000]       0.0913              97.2300             0.0934              282            
5              [48128/60000]       0.0912              97.0200             0.0985              283            
5              [49152/60000]       0.0887              96.9600             0.1018              284            
5              [50176/60000]       0.1296              96.9100             0.1020              285            
5              [51200/60000]       0.0802              97.1100             0.0947              286            
5              [52224/60000]       0.1036              97.1800             0.0964              287            
5              [53248/60000]       0.0976              97.2000             0.0938              288            
5              [54272/60000]       0.0930              97.2700             0.0927              289            
5              [55296/60000]       0.0827              97.0700             0.0979              290            
5              [56320/60000]       0.1127              97.0700             0.1001              291            
5              [57344/60000]       0.0951              97.1900             0.0950              292            
5              [58368/60000]       0.0993              97.0500             0.0948              293            
5              [59392/60000]       0.0695              97.1400             0.0889              294            
5              [35872/60000]       0.0615              97.1400             0.0909              295            
6              [1024/60000]        0.0683              97.0200             0.0959              296            
6              [2048/60000]        0.0778              97.1900             0.0923              297            
6              [3072/60000]        0.0674              97.2000             0.0925              298            
6              [4096/60000]        0.0834              97.1200             0.0929              299            
6              [5120/60000]        0.0772              97.3100             0.0887              300            
6              [6144/60000]        0.0875              96.5000             0.1082              301            
6              [7168/60000]        0.0965              97.0400             0.0933              302            
6              [8192/60000]        0.0994              97.0100             0.0975              303            
6              [9216/60000]        0.0858              97.1000             0.0921              304            
6              [10240/60000]       0.0695              97.0400             0.0935              305            
6              [11264/60000]       0.0659              97.2700             0.0887              306            
6              [12288/60000]       0.0841              97.3200             0.0888              307            
6              [13312/60000]       0.1016              97.3900             0.0855              308            
6              [14336/60000]       0.0717              97.3300             0.0883              309            
6              [15360/60000]       0.0706              97.0200             0.0980              310            
6              [16384/60000]       0.0955              97.1300             0.0913              311            
6              [17408/60000]       0.0834              97.1100             0.0892              312            
6              [18432/60000]       0.0882              97.0900             0.0930              313            
6              [19456/60000]       0.0696              97.1700             0.0880              314            
6              [20480/60000]       0.0632              97.0200             0.0960              315            
6              [21504/60000]       0.1043              96.5100             0.1061              316            
6              [22528/60000]       0.1134              96.7300             0.1072              317            
6              [23552/60000]       0.1054              96.4000             0.1091              318            
6              [24576/60000]       0.1269              96.1700             0.1210              319            
6              [25600/60000]       0.1088              97.0400             0.0956              320            
6              [26624/60000]       0.0760              97.2400             0.0872              321            
6              [27648/60000]       0.0747              97.2300             0.0898              322            
6              [28672/60000]       0.0863              97.4200             0.0816              323            
6              [29696/60000]       0.1175              97.4300             0.0816              324            
6              [30720/60000]       0.0777              97.3700             0.0852              325            
6              [31744/60000]       0.0551              97.4200             0.0835              326            
6              [32768/60000]       0.0788              97.0800             0.0898              327            
6              [33792/60000]       0.0611              97.4200             0.0808              328            
6              [34816/60000]       0.0798              97.1200             0.0896              329            
6              [35840/60000]       0.0835              97.3700             0.0886              330            
6              [36864/60000]       0.0875              97.4300             0.0824              331            
6              [37888/60000]       0.0790              97.2500             0.0896              332            
6              [38912/60000]       0.0850              97.3700             0.0847              333            
6              [39936/60000]       0.0759              97.3100             0.0865              334            
6              [40960/60000]       0.0753              97.3400             0.0858              335            
6              [41984/60000]       0.0786              97.4400             0.0839              336            
6              [43008/60000]       0.0850              97.3400             0.0846              337            
6              [44032/60000]       0.0713              97.4800             0.0821              338            
6              [45056/60000]       0.0432              97.5300             0.0820              339            
6              [46080/60000]       0.0781              96.9800             0.0903              340            
6              [47104/60000]       0.0721              97.3000             0.0877              341            
6              [48128/60000]       0.0760              97.1900             0.0895              342            
6              [49152/60000]       0.0833              96.6500             0.1031              343            
6              [50176/60000]       0.1065              97.1300             0.0883              344            
6              [51200/60000]       0.0867              97.0100             0.0982              345            
6              [52224/60000]       0.1180              96.7500             0.1017              346            
6              [53248/60000]       0.1073              95.3900             0.1411              347            
6              [54272/60000]       0.1322              94.0700             0.1875              348            
6              [55296/60000]       0.2115              90.2500             0.2854              349            
6              [56320/60000]       0.2981              84.5800             0.5549              350            
6              [57344/60000]       0.5437              85.9100             0.7330              351            
6              [58368/60000]       0.7681              88.7700             0.3619              352            
6              [59392/60000]       0.3637              88.9000             0.3492              353            
6              [35872/60000]       0.3328              89.2600             0.4684              354            
7              [1024/60000]        0.4279              93.2000             0.2158              355            
7              [2048/60000]        0.2102              96.0400             0.1295              356            
7              [3072/60000]        0.1044              97.1000             0.0903              357            
7              [4096/60000]        0.0817              97.2200             0.0892              358            
7              [5120/60000]        0.0758              97.1900             0.0873              359            
7              [6144/60000]        0.0860              97.2600             0.0867              360            
7              [7168/60000]        0.0820              97.1900             0.0860              361            
7              [8192/60000]        0.0645              97.4200             0.0824              362            
7              [9216/60000]        0.0706              97.3100             0.0836              363            
7              [10240/60000]       0.0778              97.2100             0.0869              364            
7              [11264/60000]       0.0727              97.3100             0.0859              365            
7              [12288/60000]       0.0646              97.3200             0.0830              366            
7              [13312/60000]       0.0667              97.4400             0.0800              367            
7              [14336/60000]       0.0780              97.4100             0.0818              368            
7              [15360/60000]       0.0921              97.4400             0.0806              369            
7              [16384/60000]       0.0808              97.3600             0.0826              370            
7              [17408/60000]       0.0486              97.5200             0.0796              371            
7              [18432/60000]       0.0680              97.4400             0.0814              372            
7              [19456/60000]       0.0756              97.4500             0.0807              373            
7              [20480/60000]       0.0723              97.4400             0.0820              374            
7              [21504/60000]       0.0807              97.3900             0.0823              375            
7              [22528/60000]       0.0740              97.4600             0.0811              376            
7              [23552/60000]       0.0973              97.4400             0.0806              377            
7              [24576/60000]       0.0724              97.3800             0.0822              378            
7              [25600/60000]       0.0664              97.4600             0.0803              379            
7              [26624/60000]       0.0639              97.3700             0.0827              380            
7              [27648/60000]       0.0552              97.4500             0.0798              381            
7              [28672/60000]       0.0711              97.4900             0.0777              382            
7              [29696/60000]       0.0813              97.3500             0.0825              383            
7              [30720/60000]       0.0609              97.5900             0.0790              384            
7              [31744/60000]       0.0639              97.5600             0.0779              385            
7              [32768/60000]       0.0776              97.2900             0.0864              386            
7              [33792/60000]       0.0687              97.4700             0.0792              387            
7              [34816/60000]       0.0802              97.5000             0.0800              388            
7              [35840/60000]       0.0453              97.5200             0.0791              389            
7              [36864/60000]       0.0722              97.6400             0.0758              390            
7              [37888/60000]       0.0538              97.6500             0.0749              391            
7              [38912/60000]       0.0667              97.6200             0.0773              392            
7              [39936/60000]       0.0474              97.6000             0.0772              393            
7              [40960/60000]       0.0796              97.5600             0.0754              394            
7              [41984/60000]       0.0684              97.6400             0.0747              395            
7              [43008/60000]       0.0699              97.5800             0.0772              396            
7              [44032/60000]       0.0774              97.6000             0.0777              397            
7              [45056/60000]       0.0600              97.6400             0.0766              398            
7              [46080/60000]       0.0673              97.6500             0.0768              399            
7              [47104/60000]       0.0649              97.5900             0.0825              400            
7              [48128/60000]       0.0687              97.5900             0.0784              401            
7              [49152/60000]       0.0467              97.5500             0.0797              402            
7              [50176/60000]       0.0624              97.6500             0.0770              403            
7              [51200/60000]       0.0576              97.6200             0.0755              404            
7              [52224/60000]       0.0793              97.6600             0.0758              405            
7              [53248/60000]       0.0558              97.6700             0.0764              406            
7              [54272/60000]       0.0906              97.7200             0.0727              407            
7              [55296/60000]       0.0756              97.5800             0.0777              408            
7              [56320/60000]       0.0564              97.7800             0.0723              409            
7              [57344/60000]       0.0542              97.6900             0.0719              410            
7              [58368/60000]       0.0732              97.5900             0.0738              411            
7              [59392/60000]       0.0670              97.7300             0.0733              412            
7              [35872/60000]       0.0742              97.7500             0.0750              413            
8              [1024/60000]        0.0684              97.5700             0.0747              414            
8              [2048/60000]        0.0762              97.7600             0.0732              415            
8              [3072/60000]        0.0559              97.6800             0.0726              416            
8              [4096/60000]        0.0583              97.5500             0.0767              417            
8              [5120/60000]        0.0754              97.3800             0.0774              418            
8              [6144/60000]        0.0638              97.5600             0.0765              419            
8              [7168/60000]        0.0425              97.6100             0.0756              420            
8              [8192/60000]        0.0546              97.7500             0.0720              421            
8              [9216/60000]        0.0666              97.6500             0.0722              422            
8              [10240/60000]       0.0558              97.3500             0.0808              423            
8              [11264/60000]       0.0640              97.5800             0.0778              424            
8              [12288/60000]       0.0547              97.6900             0.0737              425            
8              [13312/60000]       0.0772              97.4700             0.0811              426            
8              [14336/60000]       0.0621              97.4200             0.0803              427            
8              [15360/60000]       0.0588              97.5000             0.0803              428            
8              [16384/60000]       0.0552              97.7400             0.0719              429            
8              [17408/60000]       0.0450              97.6700             0.0728              430            
8              [18432/60000]       0.0708              97.6500             0.0761              431            
8              [19456/60000]       0.0568              97.4500             0.0792              432            
8              [20480/60000]       0.0819              97.2500             0.0854              433            
8              [21504/60000]       0.0666              97.4400             0.0792              434            
8              [22528/60000]       0.0628              97.4200             0.0803              435            
8              [23552/60000]       0.0492              97.7900             0.0719              436            
8              [24576/60000]       0.0500              97.6400             0.0750              437            
8              [25600/60000]       0.0717              97.7000             0.0745              438            
8              [26624/60000]       0.0628              97.4700             0.0771              439            
8              [27648/60000]       0.0509              97.6800             0.0719              440            
8              [28672/60000]       0.0438              97.5000             0.0774              441            
8              [29696/60000]       0.0711              97.6600             0.0721              442            
8              [30720/60000]       0.0627              97.6600             0.0736              443            
8              [31744/60000]       0.0687              97.3200             0.0841              444            
8              [32768/60000]       0.0575              97.6000             0.0765              445            
8              [33792/60000]       0.0422              97.7200             0.0713              446            
8              [34816/60000]       0.0649              97.5200             0.0784              447            
8              [35840/60000]       0.0556              97.7900             0.0710              448            
8              [36864/60000]       0.0575              97.6400             0.0719              449            
8              [37888/60000]       0.0836              97.6200             0.0726              450            
8              [38912/60000]       0.0708              97.7200             0.0736              451            
8              [39936/60000]       0.0758              97.3300             0.0814              452            
8              [40960/60000]       0.0737              97.6300             0.0733              453            
8              [41984/60000]       0.0519              97.8100             0.0697              454            
8              [43008/60000]       0.0462              97.6800             0.0727              455            
8              [44032/60000]       0.0790              97.5600             0.0753              456            
8              [45056/60000]       0.0673              97.7200             0.0713              457            
8              [46080/60000]       0.0605              97.8200             0.0726              458            
8              [47104/60000]       0.0657              97.5500             0.0752              459            
8              [48128/60000]       0.0617              97.8200             0.0693              460            
8              [49152/60000]       0.0505              97.6300             0.0738              461            
8              [50176/60000]       0.0798              97.5900             0.0717              462            
8              [51200/60000]       0.0658              97.5500             0.0774              463            
8              [52224/60000]       0.0719              97.6800             0.0730              464            
8              [53248/60000]       0.0682              97.7800             0.0718              465            
8              [54272/60000]       0.0597              97.5900             0.0737              466            
8              [55296/60000]       0.0623              97.4500             0.0820              467            
8              [56320/60000]       0.0512              97.9100             0.0676              468            
8              [57344/60000]       0.0443              97.7300             0.0702              469            
8              [58368/60000]       0.0434              97.8500             0.0694              470            
8              [59392/60000]       0.0511              97.9100             0.0678              471            
8              [35872/60000]       0.0501              97.6000             0.0728              472            
9              [1024/60000]        0.0583              97.4400             0.0811              473            
9              [2048/60000]        0.0664              97.7000             0.0739              474            
9              [3072/60000]        0.0521              97.7200             0.0729              475            
9              [4096/60000]        0.0474              97.6900             0.0728              476            
9              [5120/60000]        0.0439              97.8600             0.0674              477            
9              [6144/60000]        0.0560              97.5600             0.0769              478            
9              [7168/60000]        0.0702              96.7900             0.0952              479            
9              [8192/60000]        0.0707              96.1000             0.1156              480            
9              [9216/60000]        0.0710              96.4700             0.1114              481            
9              [10240/60000]       0.0898              94.1800             0.1855              482            
9              [11264/60000]       0.1423              90.7300             0.3258              483            
9              [12288/60000]       0.2867              87.2800             0.7116              484            
9              [13312/60000]       0.5555              86.3700             0.6868              485            
9              [14336/60000]       0.6606              87.1800             0.5551              486            
9              [15360/60000]       0.5307              87.3200             0.4596              487            
9              [16384/60000]       0.4600              84.9700             0.5209              488            
9              [17408/60000]       0.4680              83.8700             0.7913              489            
9              [18432/60000]       0.8053              88.1100             0.4574              490            
9              [19456/60000]       0.4298              94.9100             0.1839              491            
9              [20480/60000]       0.1796              97.2400             0.0901              492            
9              [21504/60000]       0.0834              97.2900             0.0835              493            
9              [22528/60000]       0.0751              97.4100             0.0824              494            
9              [23552/60000]       0.0560              97.4100             0.0807              495            
9              [24576/60000]       0.0542              97.3400             0.0819              496            
9              [25600/60000]       0.0543              97.4800             0.0797              497            
9              [26624/60000]       0.0508              97.4100             0.0789              498            
9              [27648/60000]       0.0525              97.5000             0.0790              499            
9              [28672/60000]       0.0536              97.4900             0.0785              500            
9              [29696/60000]       0.0873              97.4500             0.0763              501            
9              [30720/60000]       0.0541              97.4900             0.0813              502            
9              [31744/60000]       0.0539              97.4300             0.0783              503            
9              [32768/60000]       0.0613              97.4800             0.0756              504            
9              [33792/60000]       0.0641              97.4800             0.0760              505            
9              [34816/60000]       0.0469              97.5800             0.0754              506            
9              [35840/60000]       0.0622              97.6200             0.0750              507            
9              [36864/60000]       0.0485              97.5300             0.0764              508            
9              [37888/60000]       0.0444              97.6400             0.0750              509            
9              [38912/60000]       0.0693              97.6200             0.0763              510            
9              [39936/60000]       0.0397              97.6400             0.0734              511            
9              [40960/60000]       0.0712              97.3900             0.0766              512            
9              [41984/60000]       0.0590              97.5400             0.0755              513            
9              [43008/60000]       0.0632              97.6500             0.0749              514            
9              [44032/60000]       0.0446              97.6500             0.0759              515            
9              [45056/60000]       0.0819              97.5400             0.0755              516            
9              [46080/60000]       0.0658              97.5700             0.0754              517            
9              [47104/60000]       0.0812              97.4800             0.0749              518            
9              [48128/60000]       0.0690              97.5600             0.0752              519            
9              [49152/60000]       0.0740              97.6400             0.0720              520            
9              [50176/60000]       0.0481              97.6300             0.0732              521            
9              [51200/60000]       0.0453              97.6300             0.0733              522            
9              [52224/60000]       0.0618              97.6300             0.0738              523            
9              [53248/60000]       0.0656              97.5500             0.0752              524            
9              [54272/60000]       0.0760              97.4900             0.0767              525            
9              [55296/60000]       0.0848              97.6900             0.0709              526            
9              [56320/60000]       0.0494              97.7200             0.0716              527            
9              [57344/60000]       0.0610              97.6700             0.0719              528            
9              [58368/60000]       0.0679              97.7200             0.0698              529            
9              [59392/60000]       0.0481              97.8400             0.0672              530            
9              [35872/60000]       0.0637              97.6400             0.0733              531            
10             [1024/60000]        0.0557              97.7400             0.0685              532            
10             [2048/60000]        0.0575              97.8100             0.0691              533            
10             [3072/60000]        0.0702              97.6900             0.0696              534            
10             [4096/60000]        0.0432              97.7700             0.0678              535            
10             [5120/60000]        0.0511              97.8200             0.0684              536            
10             [6144/60000]        0.0362              97.8400             0.0671              537            
10             [7168/60000]        0.0383              97.7900             0.0667              538            
10             [8192/60000]        0.0639              97.6100             0.0751              539            
10             [9216/60000]        0.0583              97.8000             0.0697              540            
10             [10240/60000]       0.0518              97.7200             0.0720              541            
10             [11264/60000]       0.0448              97.7600             0.0683              542            
10             [12288/60000]       0.0455              97.6900             0.0736              543            
10             [13312/60000]       0.0485              97.7900             0.0688              544            
10             [14336/60000]       0.0364              97.9400             0.0667              545            
10             [15360/60000]       0.0316              97.9200             0.0677              546            
10             [16384/60000]       0.0336              97.8100             0.0695              547            
10             [17408/60000]       0.0481              97.9500             0.0672              548            
10             [18432/60000]       0.0561              97.8400             0.0684              549            
10             [19456/60000]       0.0682              97.9200             0.0654              550            
10             [20480/60000]       0.0500              97.8400             0.0693              551            
10             [21504/60000]       0.0228              97.9000             0.0661              552            
10             [22528/60000]       0.0461              97.6500             0.0732              553            
10             [23552/60000]       0.0586              97.8700             0.0658              554            
10             [24576/60000]       0.0607              97.9200             0.0669              555            
10             [25600/60000]       0.0375              97.7800             0.0679              556            
10             [26624/60000]       0.0562              97.7000             0.0714              557            
10             [27648/60000]       0.0457              97.9600             0.0702              558            
10             [28672/60000]       0.0672              97.7400             0.0711              559            
10             [29696/60000]       0.0450              97.7900             0.0704              560            
10             [30720/60000]       0.0647              97.8400             0.0685              561            
10             [31744/60000]       0.0351              97.7800             0.0702              562            
10             [32768/60000]       0.0523              97.9300             0.0667              563            
10             [33792/60000]       0.0401              97.9800             0.0639              564            
10             [34816/60000]       0.0437              97.9400             0.0651              565            
10             [35840/60000]       0.0502              97.7800             0.0692              566            
10             [36864/60000]       0.0479              97.7400             0.0717              567            
10             [37888/60000]       0.0696              97.9500             0.0645              568            
10             [38912/60000]       0.0691              97.7600             0.0685              569            
10             [39936/60000]       0.0400              97.7800             0.0672              570            
10             [40960/60000]       0.0595              97.9400             0.0670              571            
10             [41984/60000]       0.0483              97.8200             0.0659              572            
10             [43008/60000]       0.0422              97.9400             0.0653              573            
10             [44032/60000]       0.0480              97.8000             0.0688              574            
10             [45056/60000]       0.0516              97.8300             0.0665              575            
10             [46080/60000]       0.0653              97.8600             0.0668              576            
10             [47104/60000]       0.0383              97.6800             0.0721              577            
10             [48128/60000]       0.0486              97.6000             0.0729              578            
10             [49152/60000]       0.0403              97.9500             0.0664              579            
10             [50176/60000]       0.0511              97.6000             0.0701              580            
10             [51200/60000]       0.0535              97.5200             0.0764              581            
10             [52224/60000]       0.0809              97.2900             0.0856              582            
10             [53248/60000]       0.0562              97.6500             0.0735              583            
10             [54272/60000]       0.0735              97.5500             0.0784              584            
10             [55296/60000]       0.0495              97.6800             0.0708              585            
10             [56320/60000]       0.0560              97.7400             0.0700              586            
10             [57344/60000]       0.0524              97.8300             0.0668              587            
10             [58368/60000]       0.0390              97.8200             0.0685              588            
10             [59392/60000]       0.0443              97.4500             0.0749              589            
10             [35872/60000]       0.0476              97.5200             0.0766              590            
11             [1024/60000]        0.0567              97.8200             0.0665              591            
11             [2048/60000]        0.0348              97.7700             0.0718              592            
11             [3072/60000]        0.0446              97.6800             0.0736              593            
11             [4096/60000]        0.0454              97.7700             0.0687              594            
11             [5120/60000]        0.0393              97.8800             0.0657              595            
11             [6144/60000]        0.0538              97.8600             0.0692              596            
11             [7168/60000]        0.0434              97.8100             0.0715              597            
11             [8192/60000]        0.0428              97.9300             0.0651              598            
11             [9216/60000]        0.0256              97.9200             0.0652              599            
11             [10240/60000]       0.0683              97.4200             0.0799              600            
11             [11264/60000]       0.0419              97.9600             0.0648              601            
11             [12288/60000]       0.0452              97.7900             0.0679              602            
11             [13312/60000]       0.0455              97.8300             0.0685              603            
11             [14336/60000]       0.0450              97.6500             0.0712              604            
11             [15360/60000]       0.0500              97.9000             0.0662              605            
11             [16384/60000]       0.0450              97.9700             0.0647              606            
11             [17408/60000]       0.0398              97.9600             0.0663              607            
11             [18432/60000]       0.0318              97.8200             0.0674              608            
11             [19456/60000]       0.0382              97.8200             0.0667              609            
11             [20480/60000]       0.0483              97.7900             0.0695              610            
11             [21504/60000]       0.0498              97.9600             0.0651              611            
11             [22528/60000]       0.0479              97.8300             0.0704              612            
11             [23552/60000]       0.0517              97.7500             0.0674              613            
11             [24576/60000]       0.0443              97.8200             0.0677              614            
11             [25600/60000]       0.0460              97.7300             0.0723              615            
11             [26624/60000]       0.0669              97.5600             0.0796              616            
11             [27648/60000]       0.0590              97.4600             0.0776              617            
11             [28672/60000]       0.0549              97.8400             0.0698              618            
11             [29696/60000]       0.0450              97.8500             0.0686              619            
11             [30720/60000]       0.0541              97.8300             0.0702              620            
11             [31744/60000]       0.0303              97.9400             0.0652              621            
11             [32768/60000]       0.0528              97.8000             0.0701              622            
11             [33792/60000]       0.0367              97.7000             0.0692              623            
11             [34816/60000]       0.0595              97.8700             0.0686              624            
11             [35840/60000]       0.0540              97.8300             0.0697              625            
11             [36864/60000]       0.0520              97.9100             0.0685              626            
11             [37888/60000]       0.0379              97.7700             0.0694              627            
11             [38912/60000]       0.0524              97.8500             0.0682              628            
11             [39936/60000]       0.0489              97.7600             0.0670              629            
11             [40960/60000]       0.0500              97.8800             0.0678              630            
11             [41984/60000]       0.0342              97.9400             0.0639              631            
11             [43008/60000]       0.0646              97.9000             0.0641              632            
11             [44032/60000]       0.0465              97.7600             0.0672              633            
11             [45056/60000]       0.0508              97.7700             0.0666              634            
11             [46080/60000]       0.0393              97.9900             0.0654              635            
11             [47104/60000]       0.0318              97.8100             0.0675              636            
11             [48128/60000]       0.0382              97.9400             0.0657              637            
11             [49152/60000]       0.0379              97.9600             0.0650              638            
11             [50176/60000]       0.0489              97.9000             0.0644              639            
11             [51200/60000]       0.0274              98.0600             0.0641              640            
11             [52224/60000]       0.0338              98.0000             0.0654              641            
11             [53248/60000]       0.0360              97.5200             0.0765              642            
11             [54272/60000]       0.0533              97.6700             0.0710              643            
11             [55296/60000]       0.0340              97.7800             0.0688              644            
11             [56320/60000]       0.0462              97.7200             0.0715              645            
11             [57344/60000]       0.0505              97.8900             0.0665              646            
11             [58368/60000]       0.0565              97.7900             0.0669              647            
11             [59392/60000]       0.0229              97.9600             0.0660              648            
11             [35872/60000]       0.0447              97.9400             0.0681              649            
12             [1024/60000]        0.0335              97.8400             0.0669              650            
12             [2048/60000]        0.0377              97.9100             0.0671              651            
12             [3072/60000]        0.0358              97.8900             0.0693              652            
12             [4096/60000]        0.0269              97.6700             0.0747              653            
12             [5120/60000]        0.0357              97.9000             0.0662              654            
12             [6144/60000]        0.0386              97.9800             0.0620              655            
12             [7168/60000]        0.0486              97.8700             0.0670              656            
12             [8192/60000]        0.0420              97.9300             0.0648              657            
12             [9216/60000]        0.0319              97.8700             0.0678              658            
12             [10240/60000]       0.0465              97.8500             0.0655              659            
12             [11264/60000]       0.0364              97.6100             0.0710              660            
12             [12288/60000]       0.0472              97.9100             0.0670              661            
12             [13312/60000]       0.0459              97.9700             0.0653              662            
12             [14336/60000]       0.0395              97.9100             0.0645              663            
12             [15360/60000]       0.0529              97.7800             0.0680              664            
12             [16384/60000]       0.0318              97.8100             0.0663              665            
12             [17408/60000]       0.0336              97.9500             0.0638              666            
12             [18432/60000]       0.0185              97.9100             0.0646              667            
12             [19456/60000]       0.0313              97.9500             0.0627              668            
12             [20480/60000]       0.0561              97.8600             0.0660              669            
12             [21504/60000]       0.0390              97.8200             0.0667              670            
12             [22528/60000]       0.0345              97.8400             0.0680              671            
12             [23552/60000]       0.0436              97.6200             0.0741              672            
12             [24576/60000]       0.0378              97.8600             0.0640              673            
12             [25600/60000]       0.0351              97.7300             0.0712              674            
12             [26624/60000]       0.0401              98.0400             0.0623              675            
12             [27648/60000]       0.0362              97.8000             0.0692              676            
12             [28672/60000]       0.0478              97.7400             0.0689              677            
12             [29696/60000]       0.0453              97.9700             0.0634              678            
12             [30720/60000]       0.0354              97.9600             0.0629              679            
12             [31744/60000]       0.0432              97.8200             0.0643              680            
12             [32768/60000]       0.0577              97.7900             0.0693              681            
12             [33792/60000]       0.0440              97.8500             0.0665              682            
12             [34816/60000]       0.0416              97.5900             0.0713              683            
12             [35840/60000]       0.0463              97.2600             0.0794              684            
12             [36864/60000]       0.0541              96.7000             0.0986              685            
12             [37888/60000]       0.0597              97.7100             0.0706              686            
12             [38912/60000]       0.0418              97.9500             0.0669              687            
12             [39936/60000]       0.0298              97.8400             0.0666              688            
12             [40960/60000]       0.0359              97.6800             0.0748              689            
12             [41984/60000]       0.0441              98.0300             0.0654              690            
12             [43008/60000]       0.0373              98.0500             0.0643              691            
12             [44032/60000]       0.0401              97.9400             0.0644              692            
12             [45056/60000]       0.0563              97.6700             0.0754              693            
12             [46080/60000]       0.0531              97.6800             0.0712              694            
12             [47104/60000]       0.0544              97.7100             0.0694              695            
12             [48128/60000]       0.0298              97.9500             0.0637              696            
12             [49152/60000]       0.0335              97.9700             0.0630              697            
12             [50176/60000]       0.0405              97.8500             0.0679              698            
12             [51200/60000]       0.0410              97.7600             0.0690              699            
12             [52224/60000]       0.0534              97.8200             0.0685              700            
12             [53248/60000]       0.0366              97.8100             0.0688              701            
12             [54272/60000]       0.0507              97.6600             0.0742              702            
12             [55296/60000]       0.0427              97.8800             0.0683              703            
12             [56320/60000]       0.0476              97.8200             0.0680              704            
12             [57344/60000]       0.0654              97.8200             0.0683              705            
12             [58368/60000]       0.0367              98.0200             0.0629              706            
12             [59392/60000]       0.0305              97.8100             0.0732              707            
12             [35872/60000]       0.0560              97.6400             0.0756              708            
13             [1024/60000]        0.0637              97.5900             0.0799              709            
13             [2048/60000]        0.0527              97.4600             0.0814              710            
13             [3072/60000]        0.0452              96.9300             0.0907              711            
13             [4096/60000]        0.0795              96.6800             0.1015              712            
13             [5120/60000]        0.0643              97.1900             0.0853              713            
13             [6144/60000]        0.0505              97.5500             0.0755              714            
13             [7168/60000]        0.0479              97.8700             0.0699              715            
13             [8192/60000]        0.0367              97.8700             0.0690              716            
13             [9216/60000]        0.0331              98.0900             0.0632              717            
13             [10240/60000]       0.0334              98.0800             0.0614              718            
13             [11264/60000]       0.0369              97.8100             0.0682              719            
13             [12288/60000]       0.0233              97.9200             0.0658              720            
13             [13312/60000]       0.0256              98.0000             0.0641              721            
13             [14336/60000]       0.0287              97.9600             0.0647              722            
13             [15360/60000]       0.0265              97.9100             0.0662              723            
13             [16384/60000]       0.0328              98.0000             0.0645              724            
13             [17408/60000]       0.0361              97.9500             0.0643              725            
13             [18432/60000]       0.0294              97.7400             0.0713              726            
13             [19456/60000]       0.0505              97.8900             0.0706              727            
13             [20480/60000]       0.0362              97.9200             0.0640              728            
13             [21504/60000]       0.0310              97.6200             0.0760              729            
13             [22528/60000]       0.0513              97.6600             0.0719              730            
13             [23552/60000]       0.0394              98.0200             0.0667              731            
13             [24576/60000]       0.0340              97.8500             0.0673              732            
13             [25600/60000]       0.0283              97.9200             0.0651              733            
13             [26624/60000]       0.0316              97.9900             0.0653              734            
13             [27648/60000]       0.0515              97.7800             0.0688              735            
13             [28672/60000]       0.0314              97.8700             0.0634              736            
13             [29696/60000]       0.0638              97.8900             0.0688              737            
13             [30720/60000]       0.0438              97.8900             0.0664              738            
13             [31744/60000]       0.0313              97.8700             0.0649              739            
13             [32768/60000]       0.0511              97.8000             0.0716              740            
13             [33792/60000]       0.0501              97.9200             0.0654              741            
13             [34816/60000]       0.0476              97.8900             0.0641              742            
13             [35840/60000]       0.0346              97.9400             0.0649              743            
13             [36864/60000]       0.0407              97.8400             0.0675              744            
13             [37888/60000]       0.0372              97.9500             0.0623              745            
13             [38912/60000]       0.0333              97.7500             0.0682              746            
13             [39936/60000]       0.0401              97.7800             0.0694              747            
13             [40960/60000]       0.0394              97.9900             0.0610              748            
13             [41984/60000]       0.0479              97.9000             0.0658              749            
13             [43008/60000]       0.0497              97.9500             0.0654              750            
13             [44032/60000]       0.0337              97.8300             0.0686              751            
13             [45056/60000]       0.0434              97.2300             0.0823              752            
13             [46080/60000]       0.0450              97.8300             0.0699              753            
13             [47104/60000]       0.0351              97.7400             0.0681              754            
13             [48128/60000]       0.0367              97.6100             0.0727              755            
13             [49152/60000]       0.0297              97.9400             0.0626              756            
13             [50176/60000]       0.0270              97.8500             0.0657              757            
13             [51200/60000]       0.0334              97.7600             0.0716              758            
13             [52224/60000]       0.0361              98.0000             0.0641              759            
