Current_Epoch  Batch/Total         CE_Train            Accuracy(%)         CE_TEST             Batch_Number   
0              [0/50000]           --                  9.020               2.3164              0
1              [64/50000]          2.2900              20.2900             2.3496              1              
1              [128/50000]         2.3331              17.9000             2.2922              2              
1              [192/50000]         2.2156              21.9900             2.2025              3              
1              [256/50000]         2.2553              21.7900             2.2389              4              
1              [320/50000]         2.0472              24.5500             2.1729              5              
1              [384/50000]         2.3427              22.9000             2.3021              6              
1              [448/50000]         2.2861              25.7000             2.2296              7              
1              [512/50000]         2.0264              25.8800             2.2582              8              
1              [576/50000]         2.1802              26.3500             2.2567              9              
1              [640/50000]         2.2783              28.0100             2.0875              10             
1              [704/50000]         2.0633              30.5000             2.0579              11             
1              [768/50000]         2.2047              23.1000             2.4080              12             
1              [832/50000]         2.6383              25.9200             2.1195              13             
1              [896/50000]         2.2525              26.4800             2.1522              14             
1              [960/50000]         2.3201              28.3700             2.0684              15             
1              [1024/50000]        2.0413              27.9800             2.0446              16             
1              [1088/50000]        1.9145              27.5900             2.1027              17             
1              [1152/50000]        2.1173              27.8200             2.1160              18             
1              [1216/50000]        2.2402              27.5500             2.0998              19             
1              [1280/50000]        1.9277              26.4100             2.1407              20             
1              [1344/50000]        2.1654              27.9700             2.2287              21             
1              [1408/50000]        2.3781              27.1000             2.1489              22             
1              [1472/50000]        2.0467              26.9700             2.2747              23             
1              [1536/50000]        2.3686              28.0900             2.1937              24             
1              [1600/50000]        2.2701              29.8000             2.1507              25             
1              [1664/50000]        2.0098              29.1700             2.0431              26             
1              [1728/50000]        2.3454              29.2800             2.0529              27             
1              [1792/50000]        2.0863              29.2200             2.0696              28             
1              [1856/50000]        2.3820              27.9200             2.2034              29             
1              [1920/50000]        2.2735              28.5800             2.0363              30             
1              [1984/50000]        2.1573              30.6200             2.0208              31             
1              [2048/50000]        1.8479              32.5600             1.9915              32             
1              [2112/50000]        2.1961              31.2400             1.9780              33             
1              [2176/50000]        1.9805              29.9400             2.0153              34             
1              [2240/50000]        2.1161              29.4200             2.1132              35             
1              [2304/50000]        2.0503              28.1900             2.1948              36             
1              [2368/50000]        2.2612              28.1400             2.1155              37             
1              [2432/50000]        2.0816              30.4700             2.1069              38             
1              [2496/50000]        2.3507              29.1000             2.1003              39             
1              [2560/50000]        2.2131              31.0300             2.0501              40             
1              [2624/50000]        2.4184              29.8600             2.0504              41             
1              [2688/50000]        2.1109              29.9100             2.1326              42             
1              [2752/50000]        2.2185              27.9900             2.1413              43             
1              [2816/50000]        2.2251              28.2500             2.1095              44             
1              [2880/50000]        2.0848              32.8400             2.0335              45             
1              [2944/50000]        1.9646              31.8700             2.0686              46             
1              [3008/50000]        1.8042              32.6500             1.9854              47             
1              [3072/50000]        2.1033              33.1200             1.9927              48             
1              [3136/50000]        2.2073              30.5000             2.0304              49             
1              [3200/50000]        1.8949              31.2700             2.0507              50             
1              [3264/50000]        2.0362              34.4700             1.9973              51             
1              [3328/50000]        1.9113              34.1600             2.0027              52             
1              [3392/50000]        1.9283              30.0000             2.0950              53             
1              [3456/50000]        2.2531              31.2900             2.1094              54             
1              [3520/50000]        2.0755              32.0900             2.0704              55             
1              [3584/50000]        1.9652              32.4400             2.0317              56             
1              [3648/50000]        2.0246              30.4200             2.2229              57             
1              [3712/50000]        2.1847              31.6600             2.1389              58             
1              [3776/50000]        2.2822              31.4500             2.1131              59             
1              [3840/50000]        1.9658              33.3400             2.0201              60             
1              [3904/50000]        2.0081              33.2500             1.9913              61             
1              [3968/50000]        1.9819              32.0500             2.0514              62             
1              [4032/50000]        2.0522              33.5000             2.0231              63             
1              [4096/50000]        1.7730              32.5000             2.0412              64             
1              [4160/50000]        2.0409              32.6600             2.0532              65             
1              [4224/50000]        2.2011              32.2200             2.0323              66             
1              [4288/50000]        1.7786              30.8600             2.0847              67             
1              [4352/50000]        2.2476              33.7900             1.9417              68             
1              [4416/50000]        1.8992              30.3300             2.0508              69             
1              [4480/50000]        1.7269              32.9000             2.0247              70             
1              [4544/50000]        2.0330              33.6800             2.0202              71             
1              [4608/50000]        2.1484              31.2400             2.1227              72             
1              [4672/50000]        2.1187              33.6100             2.0088              73             
1              [4736/50000]        2.2482              32.8600             2.0037              74             
1              [4800/50000]        2.0695              31.2500             2.0333              75             
1              [4864/50000]        1.9187              31.2800             2.0353              76             
1              [4928/50000]        2.1663              28.6900             2.1838              77             
1              [4992/50000]        1.9429              30.2300             2.0635              78             
1              [5056/50000]        1.9994              31.6500             2.0678              79             
1              [5120/50000]        2.1510              29.2600             2.0718              80             
1              [5184/50000]        1.7410              30.7200             2.0743              81             
1              [5248/50000]        2.2332              29.6300             2.0589              82             
1              [5312/50000]        2.1547              32.3200             2.0365              83             
1              [5376/50000]        1.8631              29.5400             2.1256              84             
1              [5440/50000]        1.9064              30.2300             2.1224              85             
1              [5504/50000]        2.1010              32.4800             2.0368              86             
1              [5568/50000]        2.0204              30.4900             2.0991              87             
1              [5632/50000]        2.1136              32.0300             2.0549              88             
1              [5696/50000]        1.9720              33.0300             2.0097              89             
1              [5760/50000]        2.2386              29.4500             2.0703              90             
1              [5824/50000]        2.2310              32.6100             2.0530              91             
1              [5888/50000]        2.2330              32.4400             2.0085              92             
1              [5952/50000]        2.2724              30.1000             2.0300              93             
1              [6016/50000]        2.1588              31.1400             2.0645              94             
1              [6080/50000]        2.2101              33.0600             1.9432              95             
1              [6144/50000]        1.9104              31.8900             1.9912              96             
1              [6208/50000]        2.1754              30.7600             2.1560              97             
1              [6272/50000]        2.0650              32.9100             2.0054              98             
1              [6336/50000]        2.4512              29.2200             2.1444              99             
1              [6400/50000]        2.4808              31.5400             2.0762              100            
1              [6464/50000]        1.7388              32.3000             2.0814              101            
1              [6528/50000]        2.2913              31.0800             2.0054              102            
1              [6592/50000]        1.8954              30.4700             2.0000              103            
1              [6656/50000]        2.1668              31.5800             1.9816              104            
1              [6720/50000]        2.1597              31.0200             2.1196              105            
1              [6784/50000]        2.0457              29.5700             2.0592              106            
1              [6848/50000]        2.1362              31.4800             2.0407              107            
1              [6912/50000]        2.0746              33.4600             1.9542              108            
1              [6976/50000]        2.1750              31.5600             1.9673              109            
1              [7040/50000]        1.7725              32.4000             1.9819              110            
1              [7104/50000]        2.0142              30.9600             2.1086              111            
1              [7168/50000]        2.4968              31.2800             2.0575              112            
1              [7232/50000]        1.9647              32.0700             1.9645              113            
1              [7296/50000]        2.1837              31.3600             1.9852              114            
1              [7360/50000]        1.9510              27.7400             2.0869              115            
1              [7424/50000]        2.0807              31.6500             2.0435              116            
1              [7488/50000]        2.0767              31.6700             2.0092              117            
1              [7552/50000]        1.9056              31.9000             2.0287              118            
1              [7616/50000]        1.8730              34.0200             1.9601              119            
1              [7680/50000]        1.9315              30.3300             2.0950              120            
1              [7744/50000]        2.0234              32.6400             1.9852              121            
1              [7808/50000]        1.8047              31.3100             2.0672              122            
1              [7872/50000]        2.0770              31.7000             2.0030              123            
1              [7936/50000]        1.6481              31.9400             2.1015              124            
1              [8000/50000]        2.0792              33.0200             2.0400              125            
1              [8064/50000]        1.9469              33.1600             2.0416              126            
1              [8128/50000]        2.1318              34.0300             1.9533              127            
1              [8192/50000]        2.0061              33.3000             1.9688              128            
1              [8256/50000]        1.9215              34.7200             1.9308              129            
1              [8320/50000]        1.6833              30.7600             2.0419              130            
1              [8384/50000]        1.9874              33.4600             1.9449              131            
1              [8448/50000]        2.1680              30.9600             2.1138              132            
1              [8512/50000]        2.3504              31.0300             2.0498              133            
1              [8576/50000]        2.2357              32.1500             2.0194              134            
1              [8640/50000]        2.0221              33.1700             1.9995              135            
1              [8704/50000]        1.8755              30.7400             2.0547              136            
1              [8768/50000]        2.1652              33.0500             2.0021              137            
1              [8832/50000]        1.8960              30.1100             2.0290              138            
1              [8896/50000]        2.2765              33.8700             1.9696              139            
1              [8960/50000]        2.1542              31.5700             2.0270              140            
1              [9024/50000]        1.9875              33.4000             1.9628              141            
1              [9088/50000]        2.2528              34.7000             1.9154              142            
1              [9152/50000]        2.1980              33.3300             1.9718              143            
1              [9216/50000]        1.9607              32.4100             2.0131              144            
1              [9280/50000]        2.2761              32.8700             2.0172              145            
1              [9344/50000]        2.0526              33.1600             1.9522              146            
1              [9408/50000]        2.0254              32.2300             1.9817              147            
1              [9472/50000]        2.0424              32.6300             2.0495              148            
1              [9536/50000]        1.7515              33.3800             1.9655              149            
1              [9600/50000]        2.0420              31.1100             2.0455              150            
1              [9664/50000]        1.6927              32.1800             2.1018              151            
1              [9728/50000]        2.3420              33.4100             2.0289              152            
1              [9792/50000]        2.1313              34.2900             1.9190              153            
1              [9856/50000]        1.8493              33.1200             2.0256              154            
1              [9920/50000]        1.9691              33.5900             1.9431              155            
1              [9984/50000]        1.8806              32.9800             1.9904              156            
1              [10048/50000]       2.0445              31.2800             2.1570              157            
1              [10112/50000]       1.9689              33.2300             2.0197              158            
1              [10176/50000]       1.9574              32.3800             1.9796              159            
1              [10240/50000]       2.1102              33.0200             1.9747              160            
1              [10304/50000]       1.9535              31.7000             2.0589              161            
1              [10368/50000]       2.1425              33.8000             1.9905              162            
1              [10432/50000]       1.8606              32.2400             1.9946              163            
1              [10496/50000]       1.9727              32.2600             2.2210              164            
1              [10560/50000]       2.6762              31.6600             2.0410              165            
1              [10624/50000]       2.3174              30.4200             2.0480              166            
1              [10688/50000]       1.8943              33.0400             1.9800              167            
1              [10752/50000]       2.2027              35.6000             1.9254              168            
1              [10816/50000]       1.9256              32.7500             1.9782              169            
1              [10880/50000]       2.0301              33.8000             1.9891              170            
1              [10944/50000]       1.9189              31.8300             2.0643              171            
1              [11008/50000]       1.9887              32.7400             1.9622              172            
1              [11072/50000]       1.6041              33.0200             2.0360              173            
1              [11136/50000]       2.2775              31.8500             2.0020              174            
1              [11200/50000]       1.9190              32.1000             2.0465              175            
1              [11264/50000]       2.2255              33.5800             1.9641              176            
1              [11328/50000]       1.9665              31.9400             2.0260              177            
1              [11392/50000]       1.9096              32.7900             2.1027              178            
1              [11456/50000]       1.9153              32.4700             2.0453              179            
1              [11520/50000]       1.8830              32.0900             1.9807              180            
1              [11584/50000]       1.9232              31.8100             1.9846              181            
1              [11648/50000]       1.6986              31.5200             2.0205              182            
1              [11712/50000]       2.3925              32.2600             2.0395              183            
1              [11776/50000]       1.7058              31.6400             2.0408              184            
1              [11840/50000]       1.9228              33.9500             1.9852              185            
1              [11904/50000]       1.8834              34.0500             1.9419              186            
1              [11968/50000]       1.9201              33.5100             2.0124              187            
1              [12032/50000]       2.3986              30.9200             2.0478              188            
1              [12096/50000]       1.9715              33.6700             2.0044              189            
1              [12160/50000]       1.8547              32.0700             2.0839              190            
1              [12224/50000]       2.1609              33.5800             1.9692              191            
1              [12288/50000]       1.8555              31.7100             2.0785              192            
1              [12352/50000]       1.9756              32.9300             1.9946              193            
1              [12416/50000]       1.8893              33.5900             2.0087              194            
1              [12480/50000]       2.0333              31.7000             2.0102              195            
1              [12544/50000]       2.0621              32.6600             2.0000              196            
1              [12608/50000]       2.1113              31.8700             2.0676              197            
1              [12672/50000]       2.0322              32.0800             2.0767              198            
1              [12736/50000]       2.1224              30.1000             2.0814              199            
1              [12800/50000]       2.2464              31.3700             2.0756              200            
1              [12864/50000]       2.2973              30.6500             2.0942              201            
1              [12928/50000]       2.1901              31.6500             1.9791              202            
1              [12992/50000]       1.8835              30.3200             2.0982              203            
1              [13056/50000]       2.1478              29.9900             2.0041              204            
1              [13120/50000]       2.0073              30.7700             1.9984              205            
1              [13184/50000]       2.0027              33.5500             1.9763              206            
1              [13248/50000]       1.8147              34.1600             1.9716              207            
1              [13312/50000]       1.7666              32.7900             2.0703              208            
1              [13376/50000]       2.1336              32.9600             2.0218              209            
1              [13440/50000]       2.2253              34.7800             1.9360              210            
1              [13504/50000]       2.0269              31.1200             2.0010              211            
1              [13568/50000]       2.3990              31.5800             1.9809              212            
1              [13632/50000]       1.7829              33.9400             2.0720              213            
1              [13696/50000]       1.8721              30.8500             2.0648              214            
1              [13760/50000]       2.1487              31.3900             2.0649              215            
1              [13824/50000]       2.2195              34.8700             1.9536              216            
1              [13888/50000]       2.2543              33.7000             1.9370              217            
1              [13952/50000]       2.0862              32.3600             1.9840              218            
1              [14016/50000]       1.9496              32.3900             2.0565              219            
1              [14080/50000]       2.1734              34.1000             1.9304              220            
1              [14144/50000]       1.9476              34.0600             1.9937              221            
1              [14208/50000]       1.8785              32.7700             2.0506              222            
1              [14272/50000]       1.8160              32.9900             2.0168              223            
1              [14336/50000]       2.0653              33.3900             1.9846              224            
1              [14400/50000]       2.1061              34.0600             1.9631              225            
1              [14464/50000]       2.0725              33.1500             1.9671              226            
1              [14528/50000]       1.9712              31.3600             2.0085              227            
1              [14592/50000]       1.8348              34.2700             1.9452              228            
1              [14656/50000]       2.0073              34.9500             1.9338              229            
1              [14720/50000]       2.1730              30.5500             2.0695              230            
1              [14784/50000]       2.1779              33.9200             2.0040              231            
1              [14848/50000]       2.2644              33.0600             1.9671              232            
1              [14912/50000]       1.7501              35.2400             1.9729              233            
1              [14976/50000]       2.2246              32.5800             2.0750              234            
1              [15040/50000]       2.1044              32.5200             2.0026              235            
1              [15104/50000]       2.1443              31.3800             2.0936              236            
1              [15168/50000]       2.0715              35.3300             1.9369              237            
1              [15232/50000]       1.9287              33.7100             1.9572              238            
1              [15296/50000]       2.3583              33.0100             2.0042              239            
1              [15360/50000]       2.0598              33.0500             1.9737              240            
1              [15424/50000]       1.9381              30.4800             2.0654              241            
1              [15488/50000]       2.1214              32.0000             2.0246              242            
1              [15552/50000]       1.9170              33.4500             1.9552              243            
1              [15616/50000]       2.1096              33.1700             1.9576              244            
1              [15680/50000]       1.8021              34.0100             1.9720              245            
1              [15744/50000]       1.9849              34.0300             1.9780              246            
1              [15808/50000]       1.9512              33.0000             2.0069              247            
1              [15872/50000]       2.0865              32.9600             1.9689              248            
1              [15936/50000]       2.0566              32.8700             1.9811              249            
1              [16000/50000]       1.8437              32.3100             2.0310              250            
1              [16064/50000]       2.1117              31.3900             2.0549              251            
1              [16128/50000]       1.9140              33.1000             1.9821              252            
1              [16192/50000]       1.6511              32.9700             1.9938              253            
1              [16256/50000]       1.7528              33.2300             1.9906              254            
1              [16320/50000]       1.9702              35.2200             1.9358              255            
1              [16384/50000]       1.8699              31.4200             2.0617              256            
1              [16448/50000]       2.2327              32.6300             1.9792              257            
1              [16512/50000]       1.8676              33.3200             2.0017              258            
1              [16576/50000]       1.8702              32.1800             2.0393              259            
1              [16640/50000]       2.0793              31.7200             2.0463              260            
1              [16704/50000]       1.9469              33.2400             2.0220              261            
1              [16768/50000]       2.3621              33.5500             1.9756              262            
1              [16832/50000]       1.6370              32.8600             2.1070              263            
1              [16896/50000]       1.7973              34.2600             1.9963              264            
1              [16960/50000]       2.3328              31.7000             2.1013              265            
1              [17024/50000]       2.3732              32.8900             1.9728              266            
1              [17088/50000]       2.1714              34.7900             1.9267              267            
1              [17152/50000]       1.7896              34.6600             2.0260              268            
1              [17216/50000]       1.7792              32.8700             2.0512              269            
1              [17280/50000]       1.9224              33.5100             2.0933              270            
1              [17344/50000]       2.0250              32.9500             2.0551              271            
1              [17408/50000]       1.9140              32.6500             2.0236              272            
1              [17472/50000]       2.1030              34.0400             1.9876              273            
1              [17536/50000]       2.1415              31.3400             2.1678              274            
1              [17600/50000]       2.2240              30.8400             2.0687              275            
1              [17664/50000]       2.2991              33.2800             2.0085              276            
1              [17728/50000]       2.2462              32.7600             2.0156              277            
1              [17792/50000]       2.2650              32.0100             1.9973              278            
1              [17856/50000]       2.0267              33.9600             1.9985              279            
1              [17920/50000]       1.7838              34.7500             2.0137              280            
1              [17984/50000]       1.9697              33.5400             2.0625              281            
1              [18048/50000]       2.3252              33.4600             1.9787              282            
1              [18112/50000]       1.7149              34.1700             1.9768              283            
1              [18176/50000]       1.9890              34.2900             1.9842              284            
1              [18240/50000]       2.2563              34.5400             1.9996              285            
1              [18304/50000]       1.9914              32.3600             2.0062              286            
1              [18368/50000]       2.2333              33.8800             2.0573              287            
1              [18432/50000]       1.7857              33.5800             1.9888              288            
1              [18496/50000]       1.9770              32.6300             1.9986              289            
1              [18560/50000]       1.8910              35.2200             1.9258              290            
1              [18624/50000]       1.8547              36.1600             1.9175              291            
1              [18688/50000]       1.7871              34.3400             1.9717              292            
1              [18752/50000]       2.2618              34.9900             1.9501              293            
1              [18816/50000]       1.8525              35.0300             1.9342              294            
1              [18880/50000]       1.8131              36.4000             1.9226              295            
1              [18944/50000]       1.8707              36.7600             1.9296              296            
1              [19008/50000]       1.7883              34.2400             2.0248              297            
1              [19072/50000]       2.0051              33.2400             2.0408              298            
1              [19136/50000]       1.8982              34.0200             1.9922              299            
1              [19200/50000]       1.7411              35.1800             1.9375              300            
1              [19264/50000]       1.7378              34.8700             1.9687              301            
1              [19328/50000]       1.8816              35.5300             1.9698              302            
1              [19392/50000]       2.1260              33.0900             2.0824              303            
1              [19456/50000]       2.1026              33.0200             2.0149              304            
1              [19520/50000]       2.0142              31.6700             2.0221              305            
1              [19584/50000]       2.2520              32.7600             1.9581              306            
1              [19648/50000]       1.9666              32.6600             2.0830              307            
1              [19712/50000]       2.4944              32.6400             1.9920              308            
1              [19776/50000]       1.9319              33.3800             1.9577              309            
1              [19840/50000]       2.0940              32.9800             1.9839              310            
1              [19904/50000]       1.8651              35.0300             1.9206              311            
1              [19968/50000]       1.6997              34.0800             1.9850              312            
1              [20032/50000]       2.0011              36.0500             1.9337              313            
1              [20096/50000]       1.6828              32.4600             1.9876              314            
1              [20160/50000]       2.0034              33.6700             1.9809              315            
1              [20224/50000]       2.2657              33.9100             1.9798              316            
1              [20288/50000]       2.1219              32.3100             2.0127              317            
1              [20352/50000]       1.8062              35.1500             1.9084              318            
1              [20416/50000]       1.8136              34.9000             1.9413              319            
1              [20480/50000]       1.9077              33.3400             1.9923              320            
1              [20544/50000]       2.2745              35.0800             1.9587              321            
1              [20608/50000]       2.3965              32.8800             2.0010              322            
1              [20672/50000]       1.7977              33.9300             1.9734              323            
1              [20736/50000]       2.1897              32.8700             1.9896              324            
1              [20800/50000]       1.8887              34.1200             1.9393              325            
1              [20864/50000]       1.9069              31.7900             2.0057              326            
1              [20928/50000]       1.9464              33.1800             1.9941              327            
1              [20992/50000]       2.1594              33.4600             1.9715              328            
1              [21056/50000]       2.0405              33.7500             1.9848              329            
1              [21120/50000]       1.9306              33.3300             1.9547              330            
1              [21184/50000]       2.1220              33.4600             2.0387              331            
1              [21248/50000]       1.8348              29.4000             2.1165              332            
1              [21312/50000]       2.1686              31.1200             2.1193              333            
1              [21376/50000]       2.0728              33.5300             2.0268              334            
1              [21440/50000]       1.9316              31.8000             2.0703              335            
1              [21504/50000]       2.2197              33.6000             1.9924              336            
1              [21568/50000]       2.0861              34.5200             1.9712              337            
1              [21632/50000]       2.1227              34.5300             1.9433              338            
1              [21696/50000]       1.7315              32.9800             1.9571              339            
1              [21760/50000]       2.1256              33.7800             2.0511              340            
1              [21824/50000]       1.9833              33.6800             1.9895              341            
1              [21888/50000]       1.9364              34.7100             1.9391              342            
1              [21952/50000]       1.6687              33.1500             2.1075              343            
1              [22016/50000]       2.0333              35.1500             1.9011              344            
1              [22080/50000]       2.0192              33.2000             1.9827              345            
1              [22144/50000]       1.9722              34.1100             1.9606              346            
1              [22208/50000]       1.9310              35.7000             1.9064              347            
1              [22272/50000]       1.9369              32.1900             2.0030              348            
1              [22336/50000]       1.9322              34.2300             1.9558              349            
1              [22400/50000]       2.1573              33.8700             2.0280              350            
1              [22464/50000]       2.2497              33.7800             1.9782              351            
1              [22528/50000]       1.8886              34.8600             1.9550              352            
1              [22592/50000]       1.9955              32.4600             2.0644              353            
1              [22656/50000]       2.1101              34.3100             1.9921              354            
1              [22720/50000]       2.2036              33.6800             1.9649              355            
1              [22784/50000]       2.0703              35.4100             1.9538              356            
1              [22848/50000]       1.9993              33.4500             1.9840              357            
1              [22912/50000]       2.1408              32.5200             1.9977              358            
1              [22976/50000]       1.8225              32.1400             1.9718              359            
1              [23040/50000]       1.8787              32.7500             2.0141              360            
1              [23104/50000]       1.9561              30.9200             2.0878              361            
1              [23168/50000]       2.2331              32.8100             2.0060              362            
1              [23232/50000]       1.9153              34.1700             1.9443              363            
1              [23296/50000]       1.7218              35.8500             1.9088              364            
1              [23360/50000]       2.0633              33.4300             1.9842              365            
1              [23424/50000]       2.0580              32.9000             2.0188              366            
1              [23488/50000]       1.8796              34.9500             1.9323              367            
1              [23552/50000]       1.9284              32.0200             2.0262              368            
1              [23616/50000]       2.0765              33.4400             1.9928              369            
1              [23680/50000]       1.7022              33.2800             1.9846              370            
1              [23744/50000]       2.2316              34.1800             1.9724              371            
1              [23808/50000]       1.9470              33.1700             2.0287              372            
1              [23872/50000]       1.9475              34.2500             1.9625              373            
1              [23936/50000]       2.0810              33.4000             2.0002              374            
1              [24000/50000]       2.1289              29.3800             2.1688              375            
1              [24064/50000]       2.2727              35.6700             1.9370              376            
1              [24128/50000]       1.9657              32.7600             2.0260              377            
1              [24192/50000]       1.9815              33.6800             2.0265              378            
1              [24256/50000]       2.3608              34.3800             2.0109              379            
1              [24320/50000]       2.0177              35.1100             1.9769              380            
1              [24384/50000]       2.1064              32.9600             2.0787              381            
1              [24448/50000]       2.2921              34.3400             1.9279              382            
1              [24512/50000]       2.1353              34.7100             1.9541              383            
1              [24576/50000]       2.1174              36.1700             1.8901              384            
1              [24640/50000]       1.8864              31.1400             2.0795              385            
1              [24704/50000]       2.2745              28.8300             2.2112              386            
1              [24768/50000]       2.2223              30.7400             2.0873              387            
1              [24832/50000]       1.8765              33.7800             1.9437              388            
1              [24896/50000]       1.8719              33.0900             1.9647              389            
1              [24960/50000]       2.1547              30.7800             2.0197              390            
1              [25024/50000]       2.1702              32.2000             2.0885              391            
1              [25088/50000]       1.7134              33.2700             2.0230              392            
1              [25152/50000]       1.8004              34.1800             1.9770              393            
1              [25216/50000]       1.9466              33.4600             1.9831              394            
1              [25280/50000]       2.2343              33.3800             2.0182              395            
1              [25344/50000]       2.5352              32.0800             2.0445              396            
1              [25408/50000]       1.8504              34.3700             1.9940              397            
1              [25472/50000]       2.0059              33.7400             2.0011              398            
1              [25536/50000]       2.1945              33.5200             1.9656              399            
1              [25600/50000]       1.8222              35.2400             1.9470              400            
1              [25664/50000]       2.1569              35.8200             1.9160              401            
1              [25728/50000]       1.8766              31.5800             2.0425              402            
1              [25792/50000]       2.2606              35.3500             1.9280              403            
1              [25856/50000]       1.8889              34.7200             1.9240              404            
1              [25920/50000]       1.8090              34.3300             1.9676              405            
1              [25984/50000]       1.8793              33.8300             2.0145              406            
1              [26048/50000]       2.0962              33.1300             1.9871              407            
1              [26112/50000]       2.2524              32.0400             2.0402              408            
1              [26176/50000]       1.9558              32.1900             2.1072              409            
1              [26240/50000]       2.0373              36.2300             1.9507              410            
1              [26304/50000]       1.8715              34.8300             1.9599              411            
1              [26368/50000]       2.2923              34.2700             1.9603              412            
1              [26432/50000]       1.6042              33.6000             2.0053              413            
1              [26496/50000]       2.1860              33.1300             1.9919              414            
1              [26560/50000]       1.8454              32.9600             2.0287              415            
1              [26624/50000]       2.1824              34.5300             1.9257              416            
1              [26688/50000]       1.7786              34.2600             1.9710              417            
1              [26752/50000]       2.0830              33.0800             2.0211              418            
1              [26816/50000]       2.2278              32.4300             2.0916              419            
1              [26880/50000]       2.3774              32.7200             2.0651              420            
1              [26944/50000]       2.1838              32.5000             1.9874              421            
1              [27008/50000]       1.9314              32.6500             2.0638              422            
1              [27072/50000]       1.9283              34.6600             1.9781              423            
1              [27136/50000]       1.8688              34.1900             2.0042              424            
1              [27200/50000]       1.7370              33.3300             1.9845              425            
1              [27264/50000]       1.9964              34.3200             1.9835              426            
1              [27328/50000]       2.1747              34.0000             1.9473              427            
1              [27392/50000]       1.6952              33.8700             2.0044              428            
1              [27456/50000]       1.9575              35.3900             2.0259              429            
1              [27520/50000]       2.0585              32.0100             2.0099              430            
1              [27584/50000]       1.9133              33.0500             2.1110              431            
1              [27648/50000]       1.8209              34.0400             2.0010              432            
1              [27712/50000]       2.0531              34.5100             1.9619              433            
1              [27776/50000]       1.9727              35.0900             1.9734              434            
1              [27840/50000]       1.9706              32.6100             2.1151              435            
1              [27904/50000]       2.1524              34.4800             1.9589              436            
1              [27968/50000]       1.8453              35.3600             1.9529              437            
1              [28032/50000]       1.8070              33.8800             1.9682              438            
1              [28096/50000]       1.8505              31.0600             2.1381              439            
1              [28160/50000]       2.2620              35.3200             1.9159              440            
1              [28224/50000]       1.7623              33.2600             2.0292              441            
1              [28288/50000]       2.3959              34.0700             1.9836              442            
1              [28352/50000]       1.8791              33.9000             1.9589              443            
1              [28416/50000]       1.9825              34.4900             1.9237              444            
1              [28480/50000]       1.9785              35.3500             1.8977              445            
1              [28544/50000]       1.7227              34.8400             1.9522              446            
1              [28608/50000]       1.8885              33.2900             2.0638              447            
1              [28672/50000]       1.9997              34.4400             1.9649              448            
1              [28736/50000]       2.0604              32.9000             2.0231              449            
1              [28800/50000]       2.2041              34.3700             1.9486              450            
1              [28864/50000]       1.9021              29.5900             2.1192              451            
1              [28928/50000]       2.1020              33.1200             1.9908              452            
1              [28992/50000]       1.8979              35.0200             1.9427              453            
1              [29056/50000]       1.8815              32.9700             2.0197              454            
1              [29120/50000]       2.3798              34.8900             1.9803              455            
1              [29184/50000]       1.9935              33.8600             2.0286              456            
1              [29248/50000]       2.3097              31.4300             2.1637              457            
1              [29312/50000]       2.1544              32.6500             2.0191              458            
1              [29376/50000]       1.9798              32.7900             2.0188              459            
1              [29440/50000]       2.0415              33.6300             1.9560              460            
1              [29504/50000]       1.8150              32.5800             2.0472              461            
1              [29568/50000]       2.1182              34.8500             1.9811              462            
1              [29632/50000]       2.0475              33.7700             1.9518              463            
1              [29696/50000]       2.1843              30.9000             2.0669              464            
1              [29760/50000]       2.4782              29.5500             2.2839              465            
1              [29824/50000]       2.5166              33.6400             2.0466              466            
1              [29888/50000]       2.4308              33.8200             1.9752              467            
1              [29952/50000]       1.9945              32.3100             1.9758              468            
1              [30016/50000]       1.8572              31.0500             2.0509              469            
1              [30080/50000]       2.0844              34.5300             1.9569              470            
1              [30144/50000]       1.9984              35.1900             1.9371              471            
1              [30208/50000]       1.8498              35.7100             1.8928              472            
1              [30272/50000]       1.6757              34.0200             1.9160              473            
1              [30336/50000]       2.3546              29.3400             2.1070              474            
1              [30400/50000]       2.3260              31.1800             2.0775              475            
1              [30464/50000]       2.2298              34.6700             1.8961              476            
1              [30528/50000]       1.8893              33.0600             2.0269              477            
1              [30592/50000]       1.8277              35.0100             1.9409              478            
1              [30656/50000]       1.7169              35.4700             1.9107              479            
1              [30720/50000]       2.0015              31.2500             2.0000              480            
1              [30784/50000]       1.8651              35.2300             1.9273              481            
1              [30848/50000]       1.9375              33.5500             1.9908              482            
1              [30912/50000]       1.8016              34.9200             1.9840              483            
1              [30976/50000]       1.9757              35.0200             1.9808              484            
1              [31040/50000]       1.9198              32.0800             2.0634              485            
1              [31104/50000]       2.3289              34.4300             2.0470              486            
1              [31168/50000]       1.9115              34.0100             2.0375              487            
1              [31232/50000]       2.0616              33.0800             2.0403              488            
1              [31296/50000]       1.6865              36.3300             1.9358              489            
1              [31360/50000]       1.6738              36.2000             1.9100              490            
1              [31424/50000]       1.9024              32.8000             2.0665              491            
1              [31488/50000]       2.0098              34.7200             1.9939              492            
1              [31552/50000]       1.8417              31.9600             2.1235              493            
1              [31616/50000]       2.0483              34.6600             1.9758              494            
1              [31680/50000]       2.2110              34.0400             1.9737              495            
1              [31744/50000]       2.2131              33.6500             1.9824              496            
1              [31808/50000]       1.8045              32.9500             2.0090              497            
1              [31872/50000]       1.9505              33.1000             1.9953              498            
1              [31936/50000]       2.1184              34.5900             1.9315              499            
1              [32000/50000]       2.0155              31.5600             2.1020              500            
1              [32064/50000]       1.9011              34.9100             1.9690              501            
1              [32128/50000]       1.7330              33.4500             1.9747              502            
1              [32192/50000]       1.8411              32.2300             2.0844              503            
1              [32256/50000]       2.2273              34.7800             2.0230              504            
1              [32320/50000]       1.9426              34.0400             1.9643              505            
1              [32384/50000]       2.1091              33.6500             1.9871              506            
1              [32448/50000]       2.0702              35.4900             1.9245              507            
1              [32512/50000]       1.7176              34.0000             2.0233              508            
1              [32576/50000]       2.1519              34.4900             1.9617              509            
1              [32640/50000]       1.8769              35.0300             1.9482              510            
1              [32704/50000]       1.8601              31.5900             2.0938              511            
1              [32768/50000]       1.9592              32.2900             2.0697              512            
1              [32832/50000]       2.3236              31.3400             2.0321              513            
1              [32896/50000]       1.9115              31.9800             2.0835              514            
1              [32960/50000]       2.0065              35.6800             1.9150              515            
1              [33024/50000]       2.0550              34.6700             1.9251              516            
1              [33088/50000]       1.6939              34.1300             1.9840              517            
1              [33152/50000]       1.9219              32.7600             1.9714              518            
1              [33216/50000]       2.1633              36.1500             1.8809              519            
1              [33280/50000]       1.8673              33.5500             2.0645              520            
1              [33344/50000]       2.5294              34.8400             1.9447              521            
1              [33408/50000]       1.8805              33.2700             1.9586              522            
1              [33472/50000]       1.8947              31.5900             2.0084              523            
1              [33536/50000]       1.9792              35.3900             1.9120              524            
1              [33600/50000]       1.8873              35.8600             1.9228              525            
1              [33664/50000]       2.0857              33.3200             2.0656              526            
1              [33728/50000]       2.3383              31.9700             2.0267              527            
1              [33792/50000]       1.8472              32.2400             2.0729              528            
1              [33856/50000]       2.0429              32.1600             2.0967              529            
1              [33920/50000]       2.0150              35.5900             1.8979              530            
1              [33984/50000]       1.9390              31.9600             2.0874              531            
1              [34048/50000]       2.2290              32.3000             2.1209              532            
1              [34112/50000]       1.9576              34.3000             1.9728              533            
1              [34176/50000]       1.8703              32.1100             2.0609              534            
1              [34240/50000]       2.1280              34.7400             1.9700              535            
1              [34304/50000]       2.1424              32.5400             2.0143              536            
1              [34368/50000]       1.8931              34.0500             1.9608              537            
1              [34432/50000]       1.8222              32.6800             1.9998              538            
1              [34496/50000]       2.2391              34.2200             1.9555              539            
1              [34560/50000]       1.8389              35.7600             1.8884              540            
1              [34624/50000]       1.9020              31.7700             2.0327              541            
1              [34688/50000]       2.2075              36.6300             1.9133              542            
1              [34752/50000]       1.9045              33.7500             1.9895              543            
1              [34816/50000]       2.0473              33.8000             1.9989              544            
1              [34880/50000]       2.0248              36.2500             1.8915              545            
1              [34944/50000]       1.5994              35.6300             1.9216              546            
1              [35008/50000]       2.0719              30.5600             2.1665              547            
1              [35072/50000]       1.8800              34.8200             2.0333              548            
1              [35136/50000]       2.1799              33.9300             2.0182              549            
1              [35200/50000]       2.0346              34.9600             1.9176              550            
1              [35264/50000]       1.8441              32.2000             2.1042              551            
1              [35328/50000]       2.2540              36.1800             1.9020              552            
1              [35392/50000]       2.0461              31.5300             2.0526              553            
1              [35456/50000]       1.9910              32.9800             2.0432              554            
1              [35520/50000]       2.2707              32.6000             1.9763              555            
1              [35584/50000]       2.0180              36.1400             1.8849              556            
1              [35648/50000]       2.0246              35.6500             1.9300              557            
1              [35712/50000]       2.0816              33.7400             1.9892              558            
1              [35776/50000]       2.0509              35.4800             1.9413              559            
1              [35840/50000]       2.0676              31.9300             2.0737              560            
1              [35904/50000]       2.0543              32.8500             1.9878              561            
1              [35968/50000]       1.9790              34.8200             1.9200              562            
1              [36032/50000]       1.7486              32.3200             1.9654              563            
1              [36096/50000]       1.7479              32.8200             2.0271              564            
1              [36160/50000]       2.2729              32.4500             2.0059              565            
1              [36224/50000]       1.8903              34.0000             2.0015              566            
1              [36288/50000]       1.7721              33.6300             1.9880              567            
1              [36352/50000]       2.1476              33.5300             2.0044              568            
1              [36416/50000]       1.9623              34.9400             1.9322              569            
1              [36480/50000]       1.8314              34.2100             1.9388              570            
1              [36544/50000]       1.9668              29.8300             2.1060              571            
1              [36608/50000]       1.8419              31.9200             2.0183              572            
1              [36672/50000]       2.1564              30.4700             2.0928              573            
1              [36736/50000]       2.1399              34.6400             1.9689              574            
1              [36800/50000]       1.8340              35.5500             1.9370              575            
1              [36864/50000]       1.7414              34.3300             2.0073              576            
1              [36928/50000]       2.0614              35.1000             1.9465              577            
1              [36992/50000]       2.0358              34.8100             1.9380              578            
1              [37056/50000]       1.9654              33.2500             1.9594              579            
1              [37120/50000]       1.9680              33.9800             1.9621              580            
1              [37184/50000]       1.9644              31.4600             2.0671              581            
1              [37248/50000]       2.1262              31.4600             2.0152              582            
1              [37312/50000]       2.0120              32.0300             2.0425              583            
1              [37376/50000]       2.1176              34.7000             1.9210              584            
1              [37440/50000]       1.9849              35.3700             1.9570              585            
1              [37504/50000]       1.8344              31.6900             2.0993              586            
1              [37568/50000]       2.1253              35.1400             1.9911              587            
1              [37632/50000]       2.2830              33.7300             1.9567              588            
1              [37696/50000]       2.0696              33.4500             2.0239              589            
1              [37760/50000]       1.6594              35.1400             1.9454              590            
1              [37824/50000]       1.6486              36.6300             1.9623              591            
1              [37888/50000]       1.8887              37.4400             1.8746              592            
1              [37952/50000]       2.1022              35.9900             1.9595              593            
1              [38016/50000]       2.0666              33.9900             1.9518              594            
1              [38080/50000]       2.0457              33.8100             1.9734              595            
1              [38144/50000]       1.8739              36.0000             1.9116              596            
1              [38208/50000]       2.0204              33.8000             2.0411              597            
1              [38272/50000]       2.0653              32.7000             2.0098              598            
1              [38336/50000]       2.0963              34.8400             1.9382              599            
1              [38400/50000]       2.0785              35.3500             1.9338              600            
1              [38464/50000]       1.7673              34.9600             1.9235              601            
1              [38528/50000]       2.1890              32.0600             2.0329              602            
1              [38592/50000]       2.0494              36.3500             1.9126              603            
1              [38656/50000]       2.0922              33.3500             1.9684              604            
1              [38720/50000]       2.1695              32.9700             2.0879              605            
1              [38784/50000]       2.1614              33.6000             1.9664              606            
1              [38848/50000]       1.9294              34.0300             1.9273              607            
1              [38912/50000]       1.8520              32.3300             2.0553              608            
1              [38976/50000]       2.3215              33.2100             1.9374              609            
1              [39040/50000]       1.9772              29.5000             2.1940              610            
1              [39104/50000]       2.0016              33.0500             1.9619              611            
1              [39168/50000]       2.0238              31.3400             2.0237              612            
1              [39232/50000]       1.9951              32.1000             1.9578              613            
1              [39296/50000]       2.2577              30.9600             2.0117              614            
1              [39360/50000]       1.9898              32.8800             1.9856              615            
1              [39424/50000]       2.0306              32.9900             2.0200              616            
1              [39488/50000]       1.8960              33.6700             1.9239              617            
1              [39552/50000]       1.8236              34.5700             1.9392              618            
1              [39616/50000]       1.8639              33.2200             2.0031              619            
1              [39680/50000]       2.1390              33.7500             2.0048              620            
1              [39744/50000]       2.1784              33.5400             2.0852              621            
1              [39808/50000]       1.9081              34.8100             1.9433              622            
1              [39872/50000]       2.1128              33.8700             2.0644              623            
1              [39936/50000]       1.7813              36.0100             1.9116              624            
1              [40000/50000]       1.7402              34.9800             1.9734              625            
1              [40064/50000]       1.7623              33.8600             1.9867              626            
1              [40128/50000]       1.9683              35.0400             1.9854              627            
1              [40192/50000]       2.2693              34.8600             1.9373              628            
1              [40256/50000]       2.4217              33.0700             1.9648              629            
1              [40320/50000]       1.8556              32.2800             2.1212              630            
1              [40384/50000]       2.4917              30.9000             2.1136              631            
1              [40448/50000]       2.0667              33.7100             1.9653              632            
1              [40512/50000]       1.8419              34.1000             1.9762              633            
1              [40576/50000]       2.0501              32.8700             2.0076              634            
1              [40640/50000]       1.8563              35.3300             1.9125              635            
1              [40704/50000]       2.3368              33.9100             1.9875              636            
1              [40768/50000]       2.1460              35.0100             1.9062              637            
1              [40832/50000]       1.9773              33.8300             2.0238              638            
1              [40896/50000]       2.0282              33.4800             1.9517              639            
1              [40960/50000]       2.2334              33.6000             1.9658              640            
1              [41024/50000]       1.7572              34.5000             1.9599              641            
1              [41088/50000]       1.9156              34.0800             1.9682              642            
1              [41152/50000]       2.3428              33.0100             2.0376              643            
1              [41216/50000]       2.0480              33.1800             2.0069              644            
1              [41280/50000]       1.9198              34.7900             1.9481              645            
1              [41344/50000]       1.7114              35.1500             1.9706              646            
1              [41408/50000]       1.8018              32.8900             2.0749              647            
1              [41472/50000]       2.0028              34.4800             1.9795              648            
1              [41536/50000]       2.3891              33.3600             1.9832              649            
1              [41600/50000]       1.8968              33.2000             1.9860              650            
1              [41664/50000]       2.0466              31.0700             2.1465              651            
1              [41728/50000]       2.0249              34.4400             1.9661              652            
1              [41792/50000]       2.1644              32.5400             2.0061              653            
1              [41856/50000]       2.2095              33.2700             1.9660              654            
1              [41920/50000]       1.8639              34.8600             1.9186              655            
1              [41984/50000]       1.7713              36.0500             1.9064              656            
1              [42048/50000]       1.9184              33.3800             1.9597              657            
1              [42112/50000]       2.2597              31.5700             2.1194              658            
1              [42176/50000]       2.1415              32.2600             2.0279              659            
1              [42240/50000]       2.0655              32.9800             2.0211              660            
1              [42304/50000]       1.9592              35.9500             1.9080              661            
1              [42368/50000]       1.9416              32.5300             1.9802              662            
1              [42432/50000]       1.9400              34.6200             1.9293              663            
1              [42496/50000]       1.8136              35.8400             1.9280              664            
1              [42560/50000]       1.9619              31.4100             2.0938              665            
1              [42624/50000]       1.9672              33.2000             2.0278              666            
1              [42688/50000]       2.1990              34.0300             1.9353              667            
1              [42752/50000]       2.0190              32.1400             2.0824              668            
1              [42816/50000]       2.0940              33.3900             1.9661              669            
1              [42880/50000]       1.9051              35.3500             1.9131              670            
1              [42944/50000]       1.7909              35.0700             1.9611              671            
1              [43008/50000]       2.0907              33.4000             2.0221              672            
1              [43072/50000]       1.8462              33.8400             1.9482              673            
1              [43136/50000]       1.9788              32.1500             2.0142              674            
1              [43200/50000]       2.5125              34.7500             1.9543              675            
1              [43264/50000]       2.0574              32.5700             2.0032              676            
1              [43328/50000]       2.0999              33.1900             2.0011              677            
1              [43392/50000]       1.7157              34.7200             1.9252              678            
1              [43456/50000]       2.0381              36.1300             1.8834              679            
1              [43520/50000]       2.0445              36.6200             1.8987              680            
1              [43584/50000]       1.8738              33.4900             2.0034              681            
1              [43648/50000]       2.0922              32.3900             1.9988              682            
1              [43712/50000]       2.1633              32.3800             2.0345              683            
1              [43776/50000]       1.9848              31.3100             2.1318              684            
1              [43840/50000]       1.9331              34.0300             1.9397              685            
1              [43904/50000]       2.2444              34.1600             2.0165              686            
1              [43968/50000]       1.8914              34.6400             1.9427              687            
1              [44032/50000]       2.0215              32.6100             2.0232              688            
1              [44096/50000]       1.9217              33.6900             2.0014              689            
1              [44160/50000]       2.1203              32.6600             2.0345              690            
1              [44224/50000]       2.1959              33.1100             2.0447              691            
1              [44288/50000]       1.9487              35.7700             1.9311              692            
1              [44352/50000]       2.1372              32.6600             1.9800              693            
1              [44416/50000]       1.9800              35.0200             1.9298              694            
1              [44480/50000]       1.8956              32.8900             2.0144              695            
1              [44544/50000]       1.8178              35.0100             1.9293              696            
1              [44608/50000]       1.9861              33.2200             2.0135              697            
1              [44672/50000]       2.2431              33.9500             1.9586              698            
1              [44736/50000]       2.2945              32.3100             2.0680              699            
1              [44800/50000]       2.1958              34.1100             1.9664              700            
1              [44864/50000]       1.8609              35.6000             1.9037              701            
1              [44928/50000]       2.1564              35.0300             1.9781              702            
1              [44992/50000]       2.5341              33.7500             1.9642              703            
1              [45056/50000]       1.8468              33.4000             2.0207              704            
1              [45120/50000]       1.9334              35.0800             1.9566              705            
1              [45184/50000]       2.0982              34.2200             1.9463              706            
1              [45248/50000]       2.1801              33.9300             1.9870              707            
1              [45312/50000]       2.1444              35.0000             1.9376              708            
1              [45376/50000]       2.0513              34.3800             1.9495              709            
1              [45440/50000]       2.2014              35.3400             1.9689              710            
1              [45504/50000]       2.2678              34.4600             1.9792              711            
1              [45568/50000]       2.1743              34.4400             2.0155              712            
1              [45632/50000]       1.9674              35.8500             1.9040              713            
1              [45696/50000]       1.8827              35.4200             1.9180              714            
1              [45760/50000]       1.8763              35.5100             1.9428              715            
1              [45824/50000]       1.9320              35.5300             1.9288              716            
1              [45888/50000]       1.7804              34.8000             1.9255              717            
1              [45952/50000]       1.8502              34.9600             1.9539              718            
1              [46016/50000]       2.3341              32.0600             2.1176              719            
1              [46080/50000]       1.9953              33.8500             1.9677              720            
1              [46144/50000]       1.7585              33.8500             1.9908              721            
1              [46208/50000]       1.7691              33.6700             1.9625              722            
1              [46272/50000]       2.4118              30.0500             2.2068              723            
1              [46336/50000]       2.3563              32.7100             2.0105              724            
1              [46400/50000]       1.6800              34.7800             1.9434              725            
1              [46464/50000]       1.8342              31.3900             2.0539              726            
1              [46528/50000]       1.8983              33.0400             2.0025              727            
1              [46592/50000]       2.1667              33.7100             2.0990              728            
1              [46656/50000]       2.3898              31.8000             2.1248              729            
1              [46720/50000]       2.0204              35.3000             1.9532              730            
1              [46784/50000]       2.0448              34.5300             2.0511              731            
1              [46848/50000]       2.0395              35.0900             1.9765              732            
1              [46912/50000]       2.2522              35.5800             1.9505              733            
1              [46976/50000]       1.8865              34.7400             1.9735              734            
1              [47040/50000]       2.0951              32.5600             2.0932              735            
1              [47104/50000]       2.1115              32.5700             2.0976              736            
1              [47168/50000]       2.0894              35.0300             1.9321              737            
1              [47232/50000]       1.7772              35.6200             1.9163              738            
1              [47296/50000]       1.7928              34.3700             1.9379              739            
1              [47360/50000]       2.0657              35.1600             1.9611              740            
1              [47424/50000]       2.2373              32.8200             1.9758              741            
1              [47488/50000]       2.0038              33.0600             2.0344              742            
1              [47552/50000]       2.2609              33.6900             2.0592              743            
1              [47616/50000]       1.9290              33.7400             1.9688              744            
1              [47680/50000]       2.0426              34.0000             1.9595              745            
1              [47744/50000]       2.1556              33.6600             1.9871              746            
1              [47808/50000]       1.8543              34.7800             1.9153              747            
1              [47872/50000]       2.0233              33.5200             1.9641              748            
1              [47936/50000]       1.7212              31.2500             2.1313              749            
1              [48000/50000]       2.0539              33.9800             1.9805              750            
1              [48064/50000]       1.8482              36.0300             1.9261              751            
1              [48128/50000]       1.9268              35.5300             1.8983              752            
1              [48192/50000]       1.7206              34.5300             1.9472              753            
1              [48256/50000]       1.9612              34.8700             1.9300              754            
1              [48320/50000]       2.0637              32.9800             1.9863              755            
1              [48384/50000]       1.8848              35.3700             2.0113              756            
1              [48448/50000]       2.3830              33.5400             1.9575              757            
1              [48512/50000]       1.8130              34.1500             2.0031              758            
1              [48576/50000]       2.0502              34.3600             1.9476              759            
1              [48640/50000]       1.7795              33.9700             2.0192              760            
1              [48704/50000]       2.2333              33.1900             1.9529              761            
1              [48768/50000]       1.6066              34.9000             1.9364              762            
1              [48832/50000]       1.8262              35.0000             1.9244              763            
1              [48896/50000]       2.1227              33.1000             2.0597              764            
1              [48960/50000]       2.1675              33.9700             1.9610              765            
1              [49024/50000]       2.1215              35.4400             1.9015              766            
1              [49088/50000]       1.9429              32.0000             2.0521              767            
1              [49152/50000]       1.8992              32.1200             2.0431              768            
1              [49216/50000]       2.0861              36.4800             1.9360              769            
1              [49280/50000]       1.8600              34.3500             1.9781              770            
1              [49344/50000]       1.9469              32.7400             2.0116              771            
1              [49408/50000]       1.9500              33.2200             1.9702              772            
1              [49472/50000]       1.8321              33.6500             1.9853              773            
1              [49536/50000]       1.8696              35.2800             2.0065              774            
1              [49600/50000]       1.7197              35.9100             1.9598              775            
1              [49664/50000]       1.9148              34.4000             1.9413              776            
1              [49728/50000]       2.2431              34.7000             1.9647              777            
1              [49792/50000]       1.8086              34.8600             1.9591              778            
1              [49856/50000]       2.1073              32.1200             2.1298              779            
1              [49920/50000]       2.0520              31.9700             2.0440              780            
1              [49984/50000]       1.9332              33.2500             2.0194              781            
1              [12512/50000]       1.8451              30.1600             2.1754              782            
