Current_Epoch  Batch/Total         CE_Train            Accuracy(%)         CE_TEST             Batch_Number   
0              [0/60000]           --                  9.020               2.3094              0
1              [1024/60000]        2.3112              39.1200             3.2675              1              
1              [2048/60000]        3.1826              34.4000             7.3374              2              
1              [3072/60000]        7.3029              39.5400             6.7889              3              
1              [4096/60000]        6.2592              39.2000             6.7327              4              
1              [5120/60000]        6.6757              36.5700             6.8706              5              
1              [6144/60000]        7.2427              37.7100             5.6543              6              
1              [7168/60000]        5.3555              30.9600             4.9777              7              
1              [8192/60000]        5.0658              55.2000             3.4486              8              
1              [9216/60000]        3.4625              51.6700             2.2646              9              
1              [10240/60000]       2.3302              63.0200             2.0398              10             
1              [11264/60000]       2.1227              60.0800             1.5376              11             
1              [12288/60000]       1.4762              71.8300             1.3382              12             
1              [13312/60000]       1.1106              71.9700             1.0349              13             
1              [14336/60000]       1.0736              70.7200             0.8395              14             
1              [15360/60000]       0.7654              71.3400             0.9417              15             
1              [16384/60000]       0.9368              69.1500             0.9833              16             
1              [17408/60000]       0.9446              65.8100             1.1849              17             
1              [18432/60000]       1.2697              66.2600             1.3292              18             
1              [19456/60000]       1.2581              68.5900             1.0377              19             
1              [20480/60000]       1.0711              70.3800             0.9368              20             
1              [21504/60000]       0.8937              74.9700             0.7224              21             
1              [22528/60000]       0.7456              73.2600             0.7616              22             
1              [23552/60000]       0.7409              76.0500             0.6928              23             
1              [24576/60000]       0.6824              75.4400             0.6846              24             
1              [25600/60000]       0.6458              73.3200             0.7796              25             
1              [26624/60000]       0.7867              74.4600             0.8736              26             
1              [27648/60000]       0.8994              74.6800             0.7291              27             
1              [28672/60000]       0.7227              75.4700             0.7034              28             
1              [29696/60000]       0.6834              73.0000             0.7619              29             
1              [30720/60000]       0.7718              72.9400             0.8630              30             
1              [31744/60000]       0.8225              74.6800             0.7775              31             
1              [32768/60000]       0.8412              74.9700             0.7090              32             
1              [33792/60000]       0.6869              77.3700             0.6610              33             
1              [34816/60000]       0.6724              75.4900             0.7076              34             
1              [35840/60000]       0.7178              77.6000             0.6555              35             
1              [36864/60000]       0.6717              73.4800             0.8094              36             
1              [37888/60000]       0.7280              76.4500             0.7863              37             
1              [38912/60000]       0.7971              73.0700             0.7088              38             
1              [39936/60000]       0.6767              72.4300             0.8645              39             
1              [40960/60000]       0.8480              68.7500             0.8502              40             
1              [41984/60000]       0.8310              72.6600             0.8277              41             
1              [43008/60000]       0.8319              71.8600             0.7826              42             
1              [44032/60000]       0.7489              75.7700             0.6960              43             
1              [45056/60000]       0.6710              75.2300             0.6808              44             
1              [46080/60000]       0.6749              75.7900             0.7349              45             
1              [47104/60000]       0.7260              75.7800             0.6889              46             
1              [48128/60000]       0.6523              78.7800             0.6017              47             
1              [49152/60000]       0.6340              73.7000             0.7044              48             
1              [50176/60000]       0.7434              76.5300             0.8442              49             
1              [51200/60000]       0.8034              79.7800             0.5800              50             
1              [52224/60000]       0.5164              79.6400             0.5797              51             
1              [53248/60000]       0.5730              79.4500             0.5836              52             
1              [54272/60000]       0.5633              78.0700             0.6209              53             
1              [55296/60000]       0.5549              78.3600             0.6247              54             
1              [56320/60000]       0.6221              76.9300             0.6432              55             
1              [57344/60000]       0.6059              75.3200             0.6791              56             
1              [58368/60000]       0.6559              76.5100             0.6817              57             
1              [59392/60000]       0.6849              76.8700             0.7019              58             
1              [35872/60000]       0.6728              79.4000             0.5998              59             
2              [1024/60000]        0.5755              78.0400             0.5909              60             
2              [2048/60000]        0.5705              76.3800             0.7316              61             
2              [3072/60000]        0.7136              75.7200             0.6943              62             
2              [4096/60000]        0.7435              74.2000             0.7523              63             
2              [5120/60000]        0.7735              73.6700             0.7238              64             
2              [6144/60000]        0.6665              76.4000             0.6850              65             
2              [7168/60000]        0.6172              79.6200             0.5751              66             
2              [8192/60000]        0.5177              79.6600             0.5388              67             
2              [9216/60000]        0.5072              81.3600             0.5226              68             
2              [10240/60000]       0.5366              81.3000             0.5180              69             
2              [11264/60000]       0.4817              81.6700             0.5160              70             
2              [12288/60000]       0.4240              80.2400             0.5284              71             
2              [13312/60000]       0.4972              80.4500             0.5458              72             
2              [14336/60000]       0.5506              80.9200             0.5217              73             
2              [15360/60000]       0.5337              81.0000             0.5353              74             
2              [16384/60000]       0.5191              78.0100             0.5699              75             
2              [17408/60000]       0.5389              79.7600             0.5998              76             
2              [18432/60000]       0.5416              81.1400             0.5186              77             
2              [19456/60000]       0.4729              79.7200             0.5907              78             
2              [20480/60000]       0.5730              77.4800             0.5798              79             
2              [21504/60000]       0.5555              78.3900             0.6283              80             
2              [22528/60000]       0.6061              76.5400             0.6273              81             
2              [23552/60000]       0.5679              79.2700             0.5893              82             
2              [24576/60000]       0.5670              79.8900             0.5502              83             
2              [25600/60000]       0.5090              81.8000             0.5184              84             
2              [26624/60000]       0.4776              79.7300             0.5457              85             
2              [27648/60000]       0.5320              80.1600             0.5526              86             
2              [28672/60000]       0.5401              79.0600             0.5631              87             
2              [29696/60000]       0.5446              77.7300             0.5973              88             
2              [30720/60000]       0.5684              80.0900             0.5445              89             
2              [31744/60000]       0.4620              80.1100             0.5457              90             
2              [32768/60000]       0.5290              78.1000             0.5885              91             
2              [33792/60000]       0.5913              77.7400             0.6057              92             
2              [34816/60000]       0.5358              81.0200             0.5247              93             
2              [35840/60000]       0.5494              79.8900             0.5415              94             
2              [36864/60000]       0.5269              79.3900             0.5637              95             
2              [37888/60000]       0.5802              79.5400             0.5379              96             
2              [38912/60000]       0.5110              81.3200             0.5397              97             
2              [39936/60000]       0.5148              81.6000             0.4913              98             
2              [40960/60000]       0.4484              82.3500             0.5029              99             
2              [41984/60000]       0.5065              78.9000             0.5378              100            
2              [43008/60000]       0.5582              80.7200             0.5591              101            
2              [44032/60000]       0.5911              80.5100             0.5131              102            
2              [45056/60000]       0.4914              82.0400             0.5081              103            
2              [46080/60000]       0.4330              82.2400             0.4796              104            
2              [47104/60000]       0.4925              82.6200             0.4949              105            
2              [48128/60000]       0.4417              81.5300             0.4939              106            
2              [49152/60000]       0.4801              81.4300             0.5277              107            
2              [50176/60000]       0.5481              78.5800             0.5550              108            
2              [51200/60000]       0.5018              80.9400             0.5349              109            
2              [52224/60000]       0.5384              81.6800             0.4977              110            
2              [53248/60000]       0.5004              83.7400             0.4703              111            
2              [54272/60000]       0.4631              83.3800             0.4728              112            
2              [55296/60000]       0.4373              83.8900             0.4582              113            
2              [56320/60000]       0.4612              84.0700             0.4563              114            
2              [57344/60000]       0.4386              83.1900             0.4767              115            
2              [58368/60000]       0.4574              84.1900             0.4494              116            
2              [59392/60000]       0.4323              83.7000             0.4546              117            
2              [35872/60000]       0.4012              82.9000             0.4815              118            
3              [1024/60000]        0.5057              82.0300             0.5019              119            
3              [2048/60000]        0.4930              82.8600             0.4806              120            
3              [3072/60000]        0.4366              83.5900             0.4611              121            
3              [4096/60000]        0.3950              83.6600             0.4649              122            
3              [5120/60000]        0.4611              83.0000             0.4690              123            
3              [6144/60000]        0.4455              83.3200             0.4610              124            
3              [7168/60000]        0.3843              81.6300             0.4947              125            
3              [8192/60000]        0.4670              81.1700             0.5284              126            
3              [9216/60000]        0.5080              81.6200             0.4957              127            
3              [10240/60000]       0.4433              81.6400             0.4985              128            
3              [11264/60000]       0.5034              81.2300             0.5254              129            
3              [12288/60000]       0.4902              80.4500             0.5387              130            
3              [13312/60000]       0.5094              82.5600             0.4881              131            
3              [14336/60000]       0.4579              82.8900             0.4731              132            
3              [15360/60000]       0.4319              81.6800             0.5037              133            
3              [16384/60000]       0.5241              82.3600             0.4958              134            
3              [17408/60000]       0.4334              82.2500             0.4826              135            
3              [18432/60000]       0.4772              83.5800             0.4574              136            
3              [19456/60000]       0.4162              84.1000             0.4491              137            
3              [20480/60000]       0.4357              80.5500             0.5055              138            
3              [21504/60000]       0.4310              83.4500             0.4765              139            
3              [22528/60000]       0.4839              80.8800             0.4846              140            
3              [23552/60000]       0.4605              80.8600             0.5499              141            
3              [24576/60000]       0.5276              81.4100             0.4859              142            
3              [25600/60000]       0.4367              82.7000             0.4815              143            
3              [26624/60000]       0.4512              84.1900             0.4434              144            
3              [27648/60000]       0.4297              84.5100             0.4378              145            
3              [28672/60000]       0.4712              84.9400             0.4240              146            
3              [29696/60000]       0.4151              84.9900             0.4267              147            
3              [30720/60000]       0.4080              84.9100             0.4328              148            
3              [31744/60000]       0.3857              84.6200             0.4285              149            
3              [32768/60000]       0.3782              85.2200             0.4219              150            
3              [33792/60000]       0.3816              84.0800             0.4356              151            
3              [34816/60000]       0.4129              84.0000             0.4538              152            
3              [35840/60000]       0.4512              82.3800             0.4792              153            
3              [36864/60000]       0.4851              81.7700             0.5272              154            
3              [37888/60000]       0.5159              83.0200             0.4633              155            
3              [38912/60000]       0.4313              82.4500             0.4808              156            
3              [39936/60000]       0.4441              81.4200             0.4914              157            
3              [40960/60000]       0.5160              83.4400             0.4627              158            
3              [41984/60000]       0.4608              83.8600             0.4368              159            
3              [43008/60000]       0.3966              84.5900             0.4388              160            
3              [44032/60000]       0.4002              81.7300             0.5014              161            
3              [45056/60000]       0.4698              82.5800             0.4828              162            
3              [46080/60000]       0.4545              82.5500             0.4792              163            
3              [47104/60000]       0.4258              83.7500             0.4498              164            
3              [48128/60000]       0.4451              82.8700             0.4503              165            
3              [49152/60000]       0.4276              83.1700             0.4634              166            
3              [50176/60000]       0.4540              83.8300             0.4327              167            
3              [51200/60000]       0.3864              84.9100             0.4207              168            
3              [52224/60000]       0.3724              84.3100             0.4212              169            
3              [53248/60000]       0.4140              85.0000             0.4234              170            
3              [54272/60000]       0.3589              83.4000             0.4504              171            
3              [55296/60000]       0.4547              82.2600             0.4803              172            
3              [56320/60000]       0.4430              83.7000             0.4538              173            
3              [57344/60000]       0.4275              84.9000             0.4269              174            
3              [58368/60000]       0.4196              84.6100             0.4268              175            
3              [59392/60000]       0.4066              85.2400             0.4146              176            
3              [35872/60000]       0.3832              84.9300             0.4158              177            
4              [1024/60000]        0.3756              84.8600             0.4175              178            
4              [2048/60000]        0.3954              84.6200             0.4258              179            
4              [3072/60000]        0.4048              82.6200             0.4601              180            
4              [4096/60000]        0.3954              83.7900             0.4557              181            
4              [5120/60000]        0.4907              80.6000             0.4963              182            
4              [6144/60000]        0.4847              82.3800             0.5131              183            
4              [7168/60000]        0.4587              82.7800             0.4704              184            
4              [8192/60000]        0.4667              84.4700             0.4361              185            
4              [9216/60000]        0.3594              85.2100             0.4133              186            
4              [10240/60000]       0.3941              84.2900             0.4270              187            
4              [11264/60000]       0.4100              84.0200             0.4465              188            
4              [12288/60000]       0.4388              82.2100             0.4762              189            
4              [13312/60000]       0.4466              84.0200             0.4448              190            
4              [14336/60000]       0.4262              82.1200             0.4678              191            
4              [15360/60000]       0.4579              83.6400             0.4720              192            
4              [16384/60000]       0.4259              84.5300             0.4209              193            
4              [17408/60000]       0.3825              85.3300             0.4138              194            
4              [18432/60000]       0.4052              83.5600             0.4447              195            
4              [19456/60000]       0.3695              84.2400             0.4347              196            
4              [20480/60000]       0.4240              84.9400             0.4202              197            
4              [21504/60000]       0.3591              85.2000             0.4086              198            
4              [22528/60000]       0.3614              84.9900             0.4123              199            
