Current_Epoch  Batch/Total         CE_Train            Accuracy(%)         CE_TEST             Batch_Number   
0              [0/60000]           --                  9.020               2.3034              0
1              [64/60000]          2.3047              41.4800             2.2208              1              
1              [128/60000]         2.2181              20.7000             2.1299              2              
1              [192/60000]         2.1672              37.9800             2.0310              3              
1              [256/60000]         2.0366              36.1200             1.9655              4              
1              [320/60000]         1.9580              43.3400             1.8494              5              
1              [384/60000]         1.8571              38.5100             1.8066              6              
1              [448/60000]         1.6996              46.0200             1.5974              7              
1              [512/60000]         1.5591              47.7000             1.4729              8              
1              [576/60000]         1.4750              55.0600             1.3082              9              
1              [640/60000]         1.3386              47.1100             1.2890              10             
1              [704/60000]         1.3088              49.3600             1.5019              11             
1              [768/60000]         1.3392              62.8500             1.2665              12             
1              [832/60000]         1.0929              55.3800             1.2401              13             
1              [896/60000]         1.2571              59.6500             1.1050              14             
1              [960/60000]         0.9318              54.0700             1.1918              15             
1              [1024/60000]        1.3331              52.8100             1.1767              16             
1              [1088/60000]        1.0320              57.1400             1.0492              17             
1              [1152/60000]        0.9471              63.1400             1.0326              18             
1              [1216/60000]        0.9547              63.2000             0.9625              19             
1              [1280/60000]        0.7714              66.8600             1.0309              20             
1              [1344/60000]        1.0202              63.3800             0.9610              21             
1              [1408/60000]        0.9258              69.6600             0.9204              22             
1              [1472/60000]        0.9232              63.9500             0.9461              23             
1              [1536/60000]        1.2116              57.4800             1.1052              24             
1              [1600/60000]        1.1855              66.8700             0.9525              25             
1              [1664/60000]        0.6840              63.1600             1.0177              26             
1              [1728/60000]        1.1103              65.4400             0.9294              27             
1              [1792/60000]        1.0250              65.7700             0.8555              28             
1              [1856/60000]        0.8264              68.9900             0.8550              29             
1              [1920/60000]        0.8094              69.9200             0.8119              30             
1              [1984/60000]        0.9083              66.0300             0.8666              31             
1              [2048/60000]        0.9503              71.0400             0.9370              32             
1              [2112/60000]        1.1852              72.2100             0.7753              33             
1              [2176/60000]        0.6888              70.7800             0.8245              34             
1              [2240/60000]        0.9986              72.5200             0.7744              35             
1              [2304/60000]        0.8490              71.7400             0.7589              36             
1              [2368/60000]        0.6654              70.9300             0.8009              37             
1              [2432/60000]        0.8859              71.3800             0.7490              38             
1              [2496/60000]        0.7205              65.9500             0.8867              39             
1              [2560/60000]        0.8223              69.6300             0.7686              40             
1              [2624/60000]        0.8905              62.7300             0.9638              41             
1              [2688/60000]        0.9729              73.4300             0.7721              42             
1              [2752/60000]        0.7411              74.2300             0.6935              43             
1              [2816/60000]        0.5964              71.7100             0.7592              44             
1              [2880/60000]        0.7625              72.3700             0.7350              45             
1              [2944/60000]        0.7385              70.4800             0.7419              46             
1              [3008/60000]        1.2277              66.8200             0.9224              47             
1              [3072/60000]        0.7445              75.6400             0.6772              48             
1              [3136/60000]        0.4397              76.6600             0.6599              49             
1              [3200/60000]        0.4343              73.9800             0.7060              50             
1              [3264/60000]        0.7762              71.8900             0.7173              51             
1              [3328/60000]        0.6274              75.8200             0.6624              52             
1              [3392/60000]        0.7993              72.8400             0.7309              53             
1              [3456/60000]        0.8238              71.2200             0.7571              54             
1              [3520/60000]        0.7167              74.8400             0.6757              55             
1              [3584/60000]        0.5468              73.2200             0.6683              56             
1              [3648/60000]        0.6259              76.9600             0.6416              57             
1              [3712/60000]        0.6640              76.2600             0.6345              58             
1              [3776/60000]        0.5657              76.4200             0.6376              59             
1              [3840/60000]        0.8214              71.0200             0.7629              60             
1              [3904/60000]        0.9778              70.7000             0.7453              61             
1              [3968/60000]        0.6817              77.3000             0.6321              62             
1              [4032/60000]        0.4964              75.1900             0.6722              63             
1              [4096/60000]        0.3971              74.7400             0.6719              64             
1              [4160/60000]        0.5970              76.7000             0.6343              65             
1              [4224/60000]        0.5732              72.5600             0.6846              66             
1              [4288/60000]        1.0328              73.2500             0.7301              67             
1              [4352/60000]        0.8182              78.1700             0.6131              68             
1              [4416/60000]        0.4962              78.3700             0.6211              69             
1              [4480/60000]        0.5799              75.8300             0.6239              70             
1              [4544/60000]        0.6198              76.1200             0.6484              71             
1              [4608/60000]        0.7427              74.0500             0.6488              72             
1              [4672/60000]        0.4950              75.6600             0.6179              73             
1              [4736/60000]        0.7140              71.1700             0.7503              74             
1              [4800/60000]        0.6677              74.2500             0.6501              75             
1              [4864/60000]        0.6633              76.4600             0.6336              76             
1              [4928/60000]        0.7119              77.3600             0.6274              77             
1              [4992/60000]        0.6130              74.7700             0.6882              78             
1              [5056/60000]        0.6092              75.2300             0.6684              79             
1              [5120/60000]        0.7884              72.9400             0.6601              80             
1              [5184/60000]        0.6572              78.1300             0.6306              81             
1              [5248/60000]        0.5609              80.0100             0.5552              82             
1              [5312/60000]        0.3647              79.5100             0.5661              83             
1              [5376/60000]        0.3781              78.7100             0.5764              84             
1              [5440/60000]        0.3723              78.4600             0.6021              85             
1              [5504/60000]        0.6707              80.1100             0.5632              86             
1              [5568/60000]        0.6279              78.1700             0.6059              87             
1              [5632/60000]        0.5698              78.0700             0.5881              88             
1              [5696/60000]        0.4359              79.4500             0.5668              89             
1              [5760/60000]        0.6903              75.4700             0.6319              90             
1              [5824/60000]        0.6762              81.0900             0.5316              91             
1              [5888/60000]        0.7281              77.1500             0.5860              92             
1              [5952/60000]        0.6475              79.3100             0.5820              93             
1              [6016/60000]        0.3778              80.0600             0.5656              94             
1              [6080/60000]        0.3863              78.5300             0.6140              95             
1              [6144/60000]        0.6492              80.0100             0.5598              96             
1              [6208/60000]        0.7467              79.4700             0.5792              97             
1              [6272/60000]        0.5550              79.0900             0.5620              98             
1              [6336/60000]        0.5301              80.3400             0.5459              99             
1              [6400/60000]        0.6223              78.5900             0.5858              100            
1              [6464/60000]        0.4209              75.8200             0.6576              101            
1              [6528/60000]        0.5559              75.7600             0.6536              102            
1              [6592/60000]        0.5048              79.5000             0.5832              103            
1              [6656/60000]        0.6764              75.8000             0.6383              104            
1              [6720/60000]        0.7424              79.4700             0.5735              105            
1              [6784/60000]        0.4036              80.2300             0.5499              106            
1              [6848/60000]        0.3481              80.0800             0.5411              107            
1              [6912/60000]        0.3510              81.2400             0.5218              108            
1              [6976/60000]        0.3096              80.7200             0.5343              109            
1              [7040/60000]        0.5661              77.6700             0.5912              110            
1              [7104/60000]        0.5817              79.4200             0.5947              111            
1              [7168/60000]        0.5608              79.1300             0.5795              112            
1              [7232/60000]        0.5788              81.3200             0.5213              113            
1              [7296/60000]        0.5709              78.9500             0.5706              114            
1              [7360/60000]        0.5606              79.2400             0.5868              115            
1              [7424/60000]        0.7245              78.3300             0.5834              116            
1              [7488/60000]        0.6423              77.5200             0.6285              117            
1              [7552/60000]        0.5141              81.1800             0.5154              118            
1              [7616/60000]        0.5301              80.8300             0.5287              119            
