Current_Epoch  Batch/Total         CE_Train            Accuracy(%)         CE_TEST             Batch_Number   
0              [0/50000]           --                  9.020               2.3064              0
1              [64/50000]          2.3097              18.0200             2.7176              1              
1              [128/50000]         2.7658              17.3700             2.9126              2              
1              [192/50000]         2.6640              14.3700             2.6248              3              
1              [256/50000]         2.6521              15.4800             2.9543              4              
1              [320/50000]         2.7633              19.2300             2.3818              5              
1              [384/50000]         2.4156              25.0100             2.1033              6              
1              [448/50000]         2.1044              23.2400             2.1658              7              
1              [512/50000]         2.2726              18.9100             2.1899              8              
1              [576/50000]         2.1203              22.1100             2.1475              9              
1              [640/50000]         2.1744              20.5300             2.1911              10             
1              [704/50000]         2.1850              22.8300             2.1269              11             
1              [768/50000]         2.0419              28.6300             2.0229              12             
1              [832/50000]         1.9586              24.3700             2.0515              13             
1              [896/50000]         2.1268              28.3800             2.0175              14             
1              [960/50000]         2.0671              25.4300             2.0309              15             
1              [1024/50000]        2.0546              27.3100             2.0077              16             
1              [1088/50000]        2.0444              29.3400             1.9621              17             
1              [1152/50000]        1.9648              30.4400             1.9716              18             
1              [1216/50000]        2.0098              28.7700             1.9425              19             
1              [1280/50000]        1.9112              24.6700             1.9865              20             
1              [1344/50000]        2.2412              27.3300             2.0002              21             
1              [1408/50000]        1.9040              28.1300             1.9790              22             
1              [1472/50000]        2.0664              29.2100             1.9200              23             
1              [1536/50000]        1.8507              33.2900             1.8874              24             
1              [1600/50000]        1.8560              29.8600             1.9302              25             
1              [1664/50000]        1.8560              31.4400             1.8958              26             
1              [1728/50000]        1.8884              34.4900             1.8589              27             
1              [1792/50000]        2.0715              32.9400             1.8618              28             
1              [1856/50000]        1.7980              34.4700             1.8277              29             
1              [1920/50000]        1.9034              33.7300             1.8661              30             
1              [1984/50000]        1.8311              33.2800             1.8754              31             
1              [2048/50000]        1.7848              33.1600             1.8856              32             
1              [2112/50000]        2.0266              31.7100             1.9350              33             
1              [2176/50000]        1.9099              33.3400             1.8579              34             
1              [2240/50000]        1.7970              34.6300             1.8887              35             
1              [2304/50000]        1.8374              33.0900             1.8568              36             
1              [2368/50000]        1.8856              33.9600             1.8469              37             
1              [2432/50000]        1.9398              36.0500             1.8270              38             
1              [2496/50000]        1.9224              36.1600             1.7965              39             
1              [2560/50000]        1.7817              35.4400             1.8059              40             
1              [2624/50000]        1.8387              34.9700             1.8217              41             
1              [2688/50000]        1.7802              36.9700             1.7787              42             
1              [2752/50000]        1.7323              35.1400             1.8584              43             
1              [2816/50000]        2.0039              35.0100             1.8099              44             
1              [2880/50000]        1.6776              39.2600             1.7538              45             
1              [2944/50000]        1.7915              37.1900             1.7981              46             
1              [3008/50000]        1.7321              32.2600             1.9568              47             
1              [3072/50000]        1.6596              38.0100             1.7806              48             
1              [3136/50000]        1.8530              37.5200             1.7551              49             
1              [3200/50000]        1.7947              38.5600             1.7629              50             
1              [3264/50000]        1.6681              32.1600             1.8685              51             
1              [3328/50000]        1.9591              40.1600             1.7184              52             
1              [3392/50000]        1.6630              38.6500             1.7554              53             
1              [3456/50000]        1.6521              38.1900             1.7989              54             
1              [3520/50000]        2.0098              32.9500             1.8426              55             
1              [3584/50000]        1.8984              33.4000             1.9052              56             
1              [3648/50000]        1.9437              31.5200             1.9245              57             
1              [3712/50000]        2.0848              28.8100             1.9540              58             
1              [3776/50000]        2.1638              37.7300             1.7757              59             
1              [3840/50000]        1.6303              37.7200             1.7395              60             
1              [3904/50000]        1.8202              40.5200             1.6806              61             
1              [3968/50000]        1.8288              39.3100             1.7246              62             
1              [4032/50000]        1.7862              37.7900             1.7393              63             
1              [4096/50000]        1.7922              34.2900             1.7530              64             
1              [4160/50000]        1.8746              40.3000             1.6977              65             
1              [4224/50000]        1.5152              37.9000             1.7230              66             
1              [4288/50000]        1.8832              38.4700             1.7031              67             
1              [4352/50000]        1.5193              36.9300             1.7161              68             
1              [4416/50000]        1.7644              38.7500             1.7148              69             
1              [4480/50000]        1.5376              40.5800             1.6944              70             
1              [4544/50000]        1.9137              37.5600             1.7193              71             
1              [4608/50000]        1.6717              36.8100             1.7103              72             
1              [4672/50000]        1.7064              34.1300             1.8548              73             
1              [4736/50000]        1.8525              30.7200             1.9495              74             
1              [4800/50000]        1.9305              38.4000             1.7106              75             
1              [4864/50000]        1.7294              38.9000             1.7343              76             
1              [4928/50000]        1.6636              36.0500             1.7577              77             
1              [4992/50000]        1.7521              37.3300             1.7256              78             
1              [5056/50000]        1.5766              34.3500             1.7833              79             
1              [5120/50000]        1.6587              38.0100             1.7543              80             
1              [5184/50000]        1.5414              38.4500             1.6934              81             
1              [5248/50000]        1.5810              37.0300             1.7357              82             
1              [5312/50000]        1.7245              34.1000             1.8384              83             
1              [5376/50000]        1.7708              40.8200             1.6535              84             
1              [5440/50000]        1.6304              39.7100             1.7183              85             
1              [5504/50000]        1.8290              42.6500             1.6402              86             
1              [5568/50000]        1.9586              39.6300             1.6829              87             
1              [5632/50000]        1.6095              39.9800             1.6666              88             
1              [5696/50000]        1.6645              37.1300             1.7476              89             
1              [5760/50000]        1.8097              39.0200             1.6760              90             
1              [5824/50000]        1.7098              42.3100             1.6470              91             
1              [5888/50000]        1.6567              39.6300             1.6580              92             
1              [5952/50000]        1.6989              41.4000             1.6635              93             
1              [6016/50000]        1.9276              37.8900             1.7266              94             
1              [6080/50000]        1.4527              34.9900             1.7630              95             
1              [6144/50000]        1.9101              38.1600             1.7112              96             
1              [6208/50000]        1.8286              40.1600             1.6341              97             
1              [6272/50000]        1.6406              41.5200             1.6385              98             
1              [6336/50000]        1.4879              43.5500             1.6063              99             
1              [6400/50000]        1.5535              40.5300             1.6569              100            
1              [6464/50000]        1.5452              41.0700             1.6685              101            
1              [6528/50000]        1.6485              42.4400             1.6233              102            
1              [6592/50000]        1.5616              42.9600             1.6075              103            
1              [6656/50000]        1.7372              41.8300             1.6516              104            
1              [6720/50000]        1.7383              37.4500             1.7051              105            
1              [6784/50000]        1.5293              42.1200             1.6139              106            
1              [6848/50000]        1.5537              42.2600             1.6034              107            
1              [6912/50000]        1.7937              40.3900             1.6611              108            
1              [6976/50000]        1.8227              40.3500             1.6557              109            
1              [7040/50000]        1.7044              41.5200             1.6811              110            
1              [7104/50000]        1.8513              42.0200             1.6683              111            
1              [7168/50000]        1.6273              41.2800             1.6363              112            
1              [7232/50000]        1.7437              39.4100             1.6385              113            
1              [7296/50000]        1.5341              43.7900             1.5737              114            
1              [7360/50000]        1.5628              44.7100             1.5706              115            
1              [7424/50000]        1.5304              43.4300             1.5976              116            
1              [7488/50000]        1.6629              37.6500             1.7593              117            
1              [7552/50000]        1.9466              40.2000             1.6880              118            
1              [7616/50000]        1.7272              37.1300             1.7088              119            
1              [7680/50000]        1.5977              41.3000             1.6238              120            
1              [7744/50000]        1.6176              42.9600             1.6046              121            
1              [7808/50000]        1.8828              45.1900             1.5588              122            
1              [7872/50000]        1.5983              44.7100             1.5650              123            
1              [7936/50000]        1.4220              37.3800             1.7812              124            
1              [8000/50000]        1.5350              44.2200             1.5838              125            
1              [8064/50000]        1.4280              42.6900             1.6244              126            
1              [8128/50000]        1.6853              41.2800             1.6560              127            
1              [8192/50000]        1.9273              40.0200             1.6786              128            
1              [8256/50000]        1.6263              44.2600             1.5667              129            
1              [8320/50000]        1.8266              42.9500             1.6257              130            
1              [8384/50000]        1.4810              42.4600             1.6328              131            
1              [8448/50000]        1.4795              41.7600             1.6183              132            
1              [8512/50000]        1.8353              41.3900             1.6143              133            
1              [8576/50000]        1.8012              43.3600             1.5964              134            
1              [8640/50000]        1.6164              40.5300             1.6713              135            
1              [8704/50000]        1.6149              44.0200             1.5622              136            
1              [8768/50000]        1.6609              42.3700             1.5886              137            
1              [8832/50000]        1.6657              40.7000             1.6689              138            
1              [8896/50000]        1.5120              42.2700             1.5764              139            
1              [8960/50000]        1.4821              42.6500             1.5952              140            
1              [9024/50000]        1.8178              36.2900             1.7415              141            
1              [9088/50000]        1.6582              45.0100             1.5412              142            
1              [9152/50000]        1.4710              42.9200             1.5703              143            
1              [9216/50000]        1.6879              39.6500             1.6981              144            
1              [9280/50000]        1.7358              42.6200             1.6143              145            
1              [9344/50000]        1.5746              42.7600             1.5778              146            
1              [9408/50000]        1.5503              42.1600             1.5864              147            
1              [9472/50000]        1.5216              43.5700             1.5512              148            
1              [9536/50000]        1.6484              40.5700             1.6386              149            
1              [9600/50000]        1.6085              39.9400             1.6308              150            
1              [9664/50000]        1.8606              44.8400             1.5448              151            
1              [9728/50000]        1.4019              41.3800             1.6055              152            
1              [9792/50000]        1.7195              43.0500             1.5987              153            
1              [9856/50000]        1.5321              41.1600             1.5941              154            
1              [9920/50000]        1.6121              44.5600             1.6039              155            
1              [9984/50000]        1.7963              42.7600             1.6161              156            
1              [10048/50000]       1.5746              42.2000             1.6647              157            
1              [10112/50000]       1.7295              39.7200             1.6626              158            
1              [10176/50000]       1.7760              43.1800             1.6005              159            
