Current_Epoch  Batch/Total         CE_Train            Accuracy(%)         CE_TEST             Batch_Number   
0              [0/60000]           --                  9.020               2.3165              0
1              [60000/60000]       2.3144              34.6300             2.0538              1              
2              [60000/60000]       2.0504              45.7900             1.8496              2              
3              [60000/60000]       1.8448              56.7300             1.6878              3              
4              [60000/60000]       1.6823              56.6900             1.5596              4              
5              [60000/60000]       1.5528              62.8200             1.4572              5              
6              [60000/60000]       1.4499              61.1400             1.3738              6              
7              [60000/60000]       1.3655              64.5900             1.3079              7              
8              [60000/60000]       1.2989              63.0200             1.2509              8              
9              [60000/60000]       1.2416              65.4600             1.2060              9              
10             [60000/60000]       1.1955              64.6800             1.1633              10             
11             [60000/60000]       1.1531              66.3400             1.1303              11             
12             [60000/60000]       1.1187              66.1500             1.0962              12             
13             [60000/60000]       1.0851              67.3500             1.0701              13             
14             [60000/60000]       1.0577              67.7300             1.0423              14             
15             [60000/60000]       1.0304              68.2500             1.0207              15             
16             [60000/60000]       1.0076              69.0400             0.9979              16             
17             [60000/60000]       0.9852              69.0800             0.9795              17             
18             [60000/60000]       0.9658              70.0900             0.9605              18             
19             [60000/60000]       0.9471              69.6500             0.9445              19             
20             [60000/60000]       0.9303              70.9900             0.9287              20             
21             [60000/60000]       0.9147              70.4300             0.9146              21             
22             [60000/60000]       0.9001              71.8000             0.9014              22             
23             [60000/60000]       0.8868              70.9900             0.8888              23             
24             [60000/60000]       0.8739              72.3500             0.8777              24             
25             [60000/60000]       0.8625              71.5000             0.8664              25             
26             [60000/60000]       0.8511              72.8100             0.8569              26             
27             [60000/60000]       0.8412              71.8600             0.8467              27             
28             [60000/60000]       0.8311              73.2000             0.8386              28             
29             [60000/60000]       0.8224              72.4100             0.8292              29             
30             [60000/60000]       0.8133              73.5100             0.8223              30             
31             [60000/60000]       0.8057              72.7900             0.8137              31             
32             [60000/60000]       0.7975              73.9100             0.8079              32             
33             [60000/60000]       0.7908              73.1600             0.7999              33             
34             [60000/60000]       0.7835              74.1000             0.7950              34             
35             [60000/60000]       0.7775              73.4900             0.7875              35             
36             [60000/60000]       0.7709              74.4400             0.7835              36             
37             [60000/60000]       0.7656              73.7400             0.7764              37             
38             [60000/60000]       0.7596              74.5300             0.7730              38             
39             [60000/60000]       0.7547              73.9000             0.7662              39             
40             [60000/60000]       0.7492              74.6500             0.7633              40             
41             [60000/60000]       0.7445              74.1900             0.7568              41             
42             [60000/60000]       0.7396              74.7500             0.7542              42             
43             [60000/60000]       0.7351              74.4400             0.7480              43             
44             [60000/60000]       0.7307              74.8400             0.7457              44             
45             [60000/60000]       0.7262              74.6000             0.7398              45             
46             [60000/60000]       0.7223              75.1400             0.7378              46             
47             [60000/60000]       0.7179              74.9100             0.7322              47             
48             [60000/60000]       0.7145              75.3900             0.7303              48             
49             [60000/60000]       0.7101              75.1500             0.7250              49             
50             [60000/60000]       0.7071              75.5900             0.7233              50             
51             [60000/60000]       0.7027              75.3800             0.7182              51             
52             [60000/60000]       0.7002              75.7000             0.7165              52             
53             [60000/60000]       0.6957              75.5200             0.7118              53             
54             [60000/60000]       0.6935              75.8400             0.7101              54             
55             [60000/60000]       0.6889              75.7500             0.7057              55             
56             [60000/60000]       0.6872              75.9800             0.7039              56             
57             [60000/60000]       0.6825              75.9000             0.7000              57             
58             [60000/60000]       0.6812              76.1000             0.6980              58             
59             [60000/60000]       0.6764              75.9400             0.6949              59             
60             [60000/60000]       0.6757              76.2000             0.6927              60             
61             [60000/60000]       0.6709              76.1900             0.6905              61             
62             [60000/60000]       0.6709              76.2700             0.6878              62             
63             [60000/60000]       0.6659              76.4000             0.6864              63             
64             [60000/60000]       0.6664              76.3400             0.6834              64             
65             [60000/60000]       0.6613              76.5500             0.6823              65             
66             [60000/60000]       0.6620              76.4300             0.6792              66             
67             [60000/60000]       0.6569              76.4700             0.6782              67             
68             [60000/60000]       0.6575              76.5500             0.6752              68             
69             [60000/60000]       0.6526              76.5700             0.6741              69             
70             [60000/60000]       0.6530              76.6400             0.6715              70             
71             [60000/60000]       0.6487              76.6400             0.6701              71             
72             [60000/60000]       0.6487              76.7300             0.6682              72             
73             [60000/60000]       0.6452              76.6100             0.6663              73             
74             [60000/60000]       0.6447              76.7000             0.6652              74             
75             [60000/60000]       0.6420              76.6200             0.6627              75             
76             [60000/60000]       0.6407              76.6700             0.6621              76             
77             [60000/60000]       0.6387              76.7200             0.6589              77             
78             [60000/60000]       0.6367              76.7400             0.6586              78             
79             [60000/60000]       0.6351              76.6900             0.6550              79             
80             [60000/60000]       0.6325              76.8600             0.6549              80             
81             [60000/60000]       0.6312              76.6600             0.6512              81             
82             [60000/60000]       0.6284              76.9600             0.6510              82             
83             [60000/60000]       0.6273              76.7200             0.6475              83             
84             [60000/60000]       0.6244              77.0600             0.6471              84             
85             [60000/60000]       0.6233              76.7500             0.6439              85             
86             [60000/60000]       0.6205              77.1900             0.6434              86             
87             [60000/60000]       0.6195              76.8100             0.6408              87             
88             [60000/60000]       0.6171              77.4000             0.6400              88             
89             [60000/60000]       0.6162              76.8300             0.6387              89             
90             [60000/60000]       0.6145              77.2500             0.6376              90             
91             [60000/60000]       0.6139              76.8500             0.6389              91             
92             [60000/60000]       0.6141              77.2600             0.6378              92             
93             [60000/60000]       0.6143              76.5400             0.6423              93             
94             [60000/60000]       0.6169              77.2600             0.6400              94             
95             [60000/60000]       0.6167              76.3400             0.6443              95             
96             [60000/60000]       0.6184              77.1800             0.6399              96             
97             [60000/60000]       0.6166              76.4000             0.6426              97             
98             [60000/60000]       0.6164              77.2900             0.6376              98             
99             [60000/60000]       0.6141              76.5700             0.6398              99             
100            [60000/60000]       0.6133              77.4200             0.6347              100            
101            [60000/60000]       0.6110              76.6600             0.6368              101            
102            [60000/60000]       0.6101              77.5500             0.6318              102            
103            [60000/60000]       0.6079              76.8500             0.6338              103            
104            [60000/60000]       0.6069              77.7100             0.6290              104            
105            [60000/60000]       0.6048              76.9200             0.6310              105            
106            [60000/60000]       0.6039              77.8200             0.6263              106            
107            [60000/60000]       0.6019              76.9800             0.6283              107            
108            [60000/60000]       0.6010              77.8900             0.6237              108            
109            [60000/60000]       0.5992              77.2200             0.6257              109            
110            [60000/60000]       0.5982              77.9800             0.6213              110            
111            [60000/60000]       0.5965              77.2600             0.6233              111            
112            [60000/60000]       0.5956              78.0100             0.6189              112            
113            [60000/60000]       0.5940              77.3100             0.6209              113            
114            [60000/60000]       0.5931              78.0900             0.6167              114            
115            [60000/60000]       0.5915              77.4100             0.6187              115            
116            [60000/60000]       0.5907              78.2500             0.6145              116            
117            [60000/60000]       0.5892              77.5300             0.6166              117            
118            [60000/60000]       0.5884              78.3000             0.6125              118            
119            [60000/60000]       0.5870              77.5200             0.6146              119            
120            [60000/60000]       0.5862              78.3800             0.6106              120            
121            [60000/60000]       0.5849              77.5700             0.6127              121            
122            [60000/60000]       0.5841              78.4400             0.6087              122            
123            [60000/60000]       0.5829              77.6700             0.6108              123            
124            [60000/60000]       0.5821              78.5100             0.6069              124            
125            [60000/60000]       0.5809              77.7100             0.6091              125            
126            [60000/60000]       0.5802              78.5100             0.6052              126            
127            [60000/60000]       0.5791              77.8200             0.6074              127            
128            [60000/60000]       0.5784              78.6100             0.6036              128            
129            [60000/60000]       0.5773              77.8800             0.6059              129            
130            [60000/60000]       0.5767              78.7500             0.6021              130            
131            [60000/60000]       0.5756              77.9000             0.6044              131            
132            [60000/60000]       0.5750              78.8000             0.6006              132            
133            [60000/60000]       0.5740              77.9500             0.6029              133            
134            [60000/60000]       0.5734              78.8300             0.5992              134            
135            [60000/60000]       0.5724              77.9500             0.6016              135            
136            [60000/60000]       0.5719              78.8300             0.5978              136            
137            [60000/60000]       0.5709              77.9900             0.6002              137            
138            [60000/60000]       0.5704              78.9000             0.5965              138            
139            [60000/60000]       0.5695              78.0800             0.5990              139            
140            [60000/60000]       0.5690              78.9500             0.5953              140            
141            [60000/60000]       0.5681              78.1200             0.5978              141            
142            [60000/60000]       0.5677              78.9900             0.5941              142            
143            [60000/60000]       0.5668              78.1500             0.5966              143            
144            [60000/60000]       0.5664              79.0700             0.5929              144            
145            [60000/60000]       0.5655              78.1800             0.5955              145            
146            [60000/60000]       0.5651              79.1200             0.5918              146            
147            [60000/60000]       0.5643              78.2300             0.5945              147            
148            [60000/60000]       0.5639              79.1300             0.5908              148            
149            [60000/60000]       0.5631              78.2800             0.5934              149            
150            [60000/60000]       0.5627              79.2200             0.5897              150            
151            [60000/60000]       0.5619              78.3400             0.5925              151            
152            [60000/60000]       0.5616              79.2500             0.5888              152            
153            [60000/60000]       0.5608              78.3200             0.5915              153            
154            [60000/60000]       0.5605              79.3000             0.5878              154            
155            [60000/60000]       0.5598              78.3700             0.5906              155            
156            [60000/60000]       0.5595              79.3300             0.5869              156            
157            [60000/60000]       0.5587              78.4100             0.5897              157            
158            [60000/60000]       0.5584              79.3700             0.5860              158            
159            [60000/60000]       0.5577              78.4400             0.5888              159            
160            [60000/60000]       0.5574              79.4400             0.5851              160            
161            [60000/60000]       0.5567              78.4800             0.5880              161            
162            [60000/60000]       0.5565              79.4300             0.5843              162            
163            [60000/60000]       0.5558              78.5000             0.5872              163            
164            [60000/60000]       0.5555              79.4500             0.5835              164            
165            [60000/60000]       0.5549              78.5500             0.5864              165            
166            [60000/60000]       0.5546              79.4500             0.5827              166            
167            [60000/60000]       0.5540              78.6000             0.5857              167            
168            [60000/60000]       0.5538              79.4900             0.5820              168            
169            [60000/60000]       0.5531              78.6300             0.5850              169            
170            [60000/60000]       0.5529              79.4900             0.5813              170            
171            [60000/60000]       0.5523              78.6800             0.5843              171            
172            [60000/60000]       0.5521              79.5300             0.5806              172            
173            [60000/60000]       0.5515              78.6800             0.5836              173            
174            [60000/60000]       0.5513              79.5800             0.5799              174            
175            [60000/60000]       0.5507              78.6400             0.5829              175            
176            [60000/60000]       0.5505              79.5700             0.5793              176            
177            [60000/60000]       0.5499              78.6700             0.5823              177            
178            [60000/60000]       0.5497              79.5700             0.5786              178            
179            [60000/60000]       0.5492              78.7000             0.5817              179            
180            [60000/60000]       0.5490              79.5400             0.5780              180            
181            [60000/60000]       0.5485              78.7100             0.5811              181            
182            [60000/60000]       0.5483              79.5400             0.5774              182            
183            [60000/60000]       0.5478              78.7300             0.5805              183            
184            [60000/60000]       0.5476              79.5600             0.5769              184            
185            [60000/60000]       0.5471              78.7100             0.5799              185            
186            [60000/60000]       0.5469              79.5500             0.5763              186            
187            [60000/60000]       0.5464              78.7000             0.5794              187            
188            [60000/60000]       0.5463              79.5600             0.5758              188            
189            [60000/60000]       0.5458              78.7400             0.5789              189            
190            [60000/60000]       0.5456              79.6300             0.5753              190            
191            [60000/60000]       0.5452              78.7300             0.5784              191            
192            [60000/60000]       0.5450              79.7000             0.5748              192            
193            [60000/60000]       0.5446              78.7800             0.5779              193            
194            [60000/60000]       0.5444              79.7300             0.5743              194            
195            [60000/60000]       0.5440              78.7600             0.5774              195            
196            [60000/60000]       0.5438              79.7400             0.5738              196            
197            [60000/60000]       0.5434              78.7900             0.5769              197            
198            [60000/60000]       0.5433              79.7800             0.5734              198            
199            [60000/60000]       0.5429              78.8100             0.5765              199            
200            [60000/60000]       0.5427              79.8400             0.5729              200            
201            [60000/60000]       0.5423              78.8000             0.5761              201            
202            [60000/60000]       0.5422              79.8400             0.5725              202            
203            [60000/60000]       0.5418              78.8200             0.5756              203            
204            [60000/60000]       0.5416              79.8700             0.5721              204            
205            [60000/60000]       0.5413              78.8500             0.5752              205            
206            [60000/60000]       0.5411              79.8700             0.5717              206            
207            [60000/60000]       0.5408              78.9000             0.5748              207            
208            [60000/60000]       0.5406              79.8600             0.5713              208            
209            [60000/60000]       0.5403              78.9100             0.5745              209            
210            [60000/60000]       0.5402              79.8700             0.5710              210            
211            [60000/60000]       0.5399              78.9300             0.5741              211            
212            [60000/60000]       0.5397              79.8800             0.5706              212            
213            [60000/60000]       0.5394              78.9700             0.5737              213            
214            [60000/60000]       0.5392              79.9200             0.5703              214            
215            [60000/60000]       0.5390              78.9400             0.5734              215            
216            [60000/60000]       0.5388              79.9300             0.5699              216            
217            [60000/60000]       0.5386              78.9700             0.5731              217            
218            [60000/60000]       0.5384              79.9500             0.5696              218            
219            [60000/60000]       0.5381              78.9800             0.5727              219            
