Current_Epoch  Batch/Total         CE_Train            Accuracy(%)         CE_TEST             Batch_Number   
0              [0/50000]           --                  9.020               2.3004              0
1              [64/50000]          2.3003              14.1000             7.7477              1              
1              [128/50000]         7.6053              16.4400             7.9607              2              
1              [192/50000]         7.3350              14.8000             13.5728             3              
1              [256/50000]         14.1046             10.3700             11.0161             4              
1              [320/50000]         11.3284             17.2500             8.7622              5              
1              [384/50000]         7.7501              11.1600             8.3261              6              
1              [448/50000]         7.7064              12.3500             10.0554             7              
1              [512/50000]         11.0564             14.4600             10.1606             8              
1              [576/50000]         10.1437             20.0600             7.5047              9              
1              [640/50000]         7.3741              15.3900             6.9541              10             
1              [704/50000]         7.1629              20.2100             4.5550              11             
1              [768/50000]         4.8619              21.6300             2.7542              12             
1              [832/50000]         2.5898              20.0500             2.4795              13             
1              [896/50000]         2.4361              26.2700             2.4348              14             
1              [960/50000]         2.4837              22.5900             2.4875              15             
1              [1024/50000]        2.9122              27.1400             2.4515              16             
1              [1088/50000]        2.6107              29.8000             2.3620              17             
1              [1152/50000]        2.4485              22.6800             2.2766              18             
1              [1216/50000]        2.4143              31.6200             2.0369              19             
1              [1280/50000]        2.0126              29.5300             1.9837              20             
1              [1344/50000]        2.0736              31.0500             1.9419              21             
1              [1408/50000]        2.0366              24.3400             2.1393              22             
1              [1472/50000]        1.8746              29.1300             2.3320              23             
1              [1536/50000]        2.1316              33.7800             1.9585              24             
1              [1600/50000]        2.0912              28.3800             2.0722              25             
1              [1664/50000]        2.1904              30.8700             2.1848              26             
1              [1728/50000]        2.3217              31.0900             1.9494              27             
1              [1792/50000]        2.2141              37.2000             1.8158              28             
1              [1856/50000]        1.9148              34.9300             1.8402              29             
1              [1920/50000]        1.9900              28.7500             2.0779              30             
1              [1984/50000]        1.9211              33.3600             1.9550              31             
1              [2048/50000]        1.8826              34.4100             1.8082              32             
1              [2112/50000]        1.5973              32.2900             1.8518              33             
1              [2176/50000]        1.7312              36.0600             1.8156              34             
1              [2240/50000]        1.8626              35.0900             1.8663              35             
1              [2304/50000]        1.9103              34.0900             1.8750              36             
1              [2368/50000]        1.7644              31.2200             1.9975              37             
1              [2432/50000]        2.2281              31.6500             1.9003              38             
1              [2496/50000]        1.9544              25.3700             2.2677              39             
1              [2560/50000]        2.4551              35.7700             2.0923              40             
1              [2624/50000]        1.6862              32.4800             2.1634              41             
1              [2688/50000]        2.0625              33.2700             2.1104              42             
1              [2752/50000]        2.2959              33.7100             1.9212              43             
1              [2816/50000]        2.0065              36.2500             1.8440              44             
1              [2880/50000]        2.0172              29.7300             1.9974              45             
1              [2944/50000]        2.0828              30.6900             2.0693              46             
1              [3008/50000]        2.1843              30.2600             1.9922              47             
1              [3072/50000]        2.1146              30.3800             2.0412              48             
1              [3136/50000]        2.0468              30.6700             1.9944              49             
1              [3200/50000]        2.0033              33.0900             1.8681              50             
1              [3264/50000]        1.8596              34.5500             1.8032              51             
1              [3328/50000]        1.7996              37.2100             1.7484              52             
1              [3392/50000]        1.7946              33.4800             1.8062              53             
1              [3456/50000]        1.8155              33.7700             1.8617              54             
1              [3520/50000]        1.8204              33.9000             1.8427              55             
1              [3584/50000]        1.8640              35.0500             1.8810              56             
1              [3648/50000]        2.4443              28.0700             2.0938              57             
1              [3712/50000]        2.2766              37.6400             1.7978              58             
1              [3776/50000]        1.7738              33.3400             1.8277              59             
1              [3840/50000]        1.8880              36.5800             1.7708              60             
1              [3904/50000]        1.7891              39.5300             1.7183              61             
1              [3968/50000]        1.5284              33.0600             1.8235              62             
1              [4032/50000]        1.6488              37.9500             1.7350              63             
1              [4096/50000]        1.9129              35.4000             1.7747              64             
1              [4160/50000]        1.9279              38.6100             1.7793              65             
1              [4224/50000]        1.7892              31.3000             1.8453              66             
1              [4288/50000]        1.6709              37.2700             1.7661              67             
1              [4352/50000]        1.9077              34.0700             1.8026              68             
1              [4416/50000]        1.6985              38.6400             1.7280              69             
1              [4480/50000]        1.8726              37.0300             1.7561              70             
1              [4544/50000]        1.8352              30.4100             1.9134              71             
1              [4608/50000]        1.8015              36.2100             1.7564              72             
1              [4672/50000]        1.7620              36.7400             1.7834              73             
1              [4736/50000]        1.6121              39.2300             1.6977              74             
1              [4800/50000]        1.5659              40.3500             1.6712              75             
1              [4864/50000]        1.5773              38.9100             1.7233              76             
1              [4928/50000]        1.7905              37.3300             1.7367              77             
1              [4992/50000]        1.7132              39.2200             1.7283              78             
1              [5056/50000]        1.5736              41.6400             1.6701              79             
1              [5120/50000]        1.6735              39.8800             1.6814              80             
1              [5184/50000]        1.7487              41.1700             1.6605              81             
1              [5248/50000]        1.7038              41.1100             1.6570              82             
1              [5312/50000]        1.5984              37.7100             1.7367              83             
1              [5376/50000]        1.8031              37.4400             1.7614              84             
1              [5440/50000]        1.6698              39.1000             1.6955              85             
1              [5504/50000]        1.7291              37.0300             1.7608              86             
1              [5568/50000]        1.5759              39.2300             1.7119              87             
1              [5632/50000]        1.7380              35.1800             1.7769              88             
1              [5696/50000]        1.6563              35.8500             1.7494              89             
1              [5760/50000]        1.7831              37.8300             1.7385              90             
1              [5824/50000]        1.8400              43.1000             1.6052              91             
1              [5888/50000]        1.6304              43.2400             1.6010              92             
1              [5952/50000]        1.6940              37.8500             1.7070              93             
1              [6016/50000]        1.5799              38.8200             1.7095              94             
1              [6080/50000]        1.7285              37.2700             1.7661              95             
1              [6144/50000]        1.8525              42.5400             1.6297              96             
1              [6208/50000]        1.8699              40.9400             1.6561              97             
1              [6272/50000]        1.7030              43.7800             1.6151              98             
1              [6336/50000]        1.5936              36.2000             1.7652              99             
1              [6400/50000]        1.7973              41.4300             1.6327              100            
1              [6464/50000]        1.8029              37.2400             1.7685              101            
1              [6528/50000]        1.7251              42.8700             1.6271              102            
1              [6592/50000]        1.6059              42.2700             1.6418              103            
1              [6656/50000]        1.5194              37.0300             1.7378              104            
1              [6720/50000]        1.7591              40.1000             1.7022              105            
1              [6784/50000]        1.9212              41.7100             1.6432              106            
1              [6848/50000]        1.4936              41.4500             1.6452              107            
1              [6912/50000]        1.5950              33.7200             1.8011              108            
1              [6976/50000]        1.9558              40.3600             1.6699              109            
1              [7040/50000]        1.6156              39.9500             1.6794              110            
1              [7104/50000]        1.7724              37.2700             1.7547              111            
1              [7168/50000]        1.9095              43.2700             1.6237              112            
1              [7232/50000]        1.8243              42.1300             1.6340              113            
1              [7296/50000]        1.5094              41.9500             1.6358              114            
1              [7360/50000]        1.6790              37.6700             1.7302              115            
1              [7424/50000]        1.6897              41.4300             1.6522              116            
1              [7488/50000]        1.8559              43.1900             1.5942              117            
1              [7552/50000]        1.3705              42.7300             1.6079              118            
1              [7616/50000]        1.7499              40.9700             1.6441              119            
1              [7680/50000]        1.5648              43.0300             1.5915              120            
1              [7744/50000]        1.6505              40.2100             1.6639              121            
1              [7808/50000]        1.5843              41.6000             1.6160              122            
1              [7872/50000]        1.6671              44.1600             1.5946              123            
1              [7936/50000]        1.3858              44.3300             1.5838              124            
1              [8000/50000]        1.6210              42.1700             1.6058              125            
1              [8064/50000]        1.7601              42.1900             1.5972              126            
1              [8128/50000]        1.6647              43.1300             1.5982              127            
1              [8192/50000]        1.5868              40.3600             1.6379              128            
1              [8256/50000]        1.5278              42.0800             1.6156              129            
1              [8320/50000]        1.5231              43.3800             1.5768              130            
1              [8384/50000]        1.5716              43.5000             1.5845              131            
1              [8448/50000]        1.6063              42.3600             1.6150              132            
1              [8512/50000]        1.8125              40.9600             1.6522              133            
1              [8576/50000]        1.8404              37.9700             1.7772              134            
1              [8640/50000]        1.7653              38.6500             1.7248              135            
1              [8704/50000]        1.8108              43.8600             1.5907              136            
1              [8768/50000]        1.6794              43.0800             1.5884              137            
1              [8832/50000]        1.5450              38.1300             1.6903              138            
1              [8896/50000]        1.8484              42.7000             1.6273              139            
1              [8960/50000]        1.8799              40.5200             1.6658              140            
1              [9024/50000]        1.8004              46.4300             1.5436              141            
1              [9088/50000]        1.5560              42.2200             1.6295              142            
1              [9152/50000]        1.6776              44.8600             1.5497              143            
1              [9216/50000]        1.5318              40.8600             1.6420              144            
1              [9280/50000]        1.6524              38.2700             1.7181              145            
1              [9344/50000]        1.6448              37.2300             1.7835              146            
1              [9408/50000]        2.0107              39.1700             1.6830              147            
1              [9472/50000]        1.7088              42.7000             1.6144              148            
1              [9536/50000]        1.7274              42.6800             1.6145              149            
1              [9600/50000]        1.7196              42.8000             1.6035              150            
1              [9664/50000]        1.7591              42.9600             1.5922              151            
1              [9728/50000]        1.9654              41.5100             1.6303              152            
1              [9792/50000]        1.5589              43.9600             1.5742              153            
1              [9856/50000]        1.6281              44.5200             1.5634              154            
1              [9920/50000]        1.5618              43.4300             1.6177              155            
1              [9984/50000]        1.5077              43.4500             1.5750              156            
1              [10048/50000]       1.7477              40.8500             1.6062              157            
1              [10112/50000]       1.9157              45.0000             1.5620              158            
1              [10176/50000]       1.5610              43.6000             1.5845              159            
1              [10240/50000]       1.6712              43.3500             1.5911              160            
1              [10304/50000]       1.6926              43.0300             1.5863              161            
1              [10368/50000]       1.7337              44.2500             1.5710              162            
1              [10432/50000]       1.3976              43.1400             1.5804              163            
1              [10496/50000]       1.6526              42.0900             1.6200              164            
1              [10560/50000]       1.5096              45.8400             1.5629              165            
1              [10624/50000]       1.7283              42.1700             1.5918              166            
1              [10688/50000]       1.8478              42.9300             1.5899              167            
1              [10752/50000]       1.6331              40.6000             1.6111              168            
1              [10816/50000]       1.5672              44.9300             1.5571              169            
1              [10880/50000]       1.4771              44.6900             1.5471              170            
1              [10944/50000]       1.6874              43.6600             1.5586              171            
1              [11008/50000]       1.5848              42.8900             1.6065              172            
1              [11072/50000]       1.3793              37.8600             1.7182              173            
1              [11136/50000]       1.7596              45.1400             1.5643              174            
1              [11200/50000]       1.7122              43.4900             1.5763              175            
1              [11264/50000]       1.3634              45.3100             1.5459              176            
1              [11328/50000]       1.8164              43.5600             1.6094              177            
1              [11392/50000]       1.5573              43.5200             1.5508              178            
1              [11456/50000]       1.6404              41.4500             1.5981              179            
1              [11520/50000]       1.5427              45.7400             1.5279              180            
1              [11584/50000]       1.5294              44.0500             1.5928              181            
1              [11648/50000]       1.6849              41.7300             1.5943              182            
1              [11712/50000]       1.5018              44.0200             1.5928              183            
1              [11776/50000]       1.6528              42.7100             1.5882              184            
1              [11840/50000]       1.5832              44.3900             1.5677              185            
1              [11904/50000]       1.5340              43.9000             1.5622              186            
1              [11968/50000]       1.4280              45.7200             1.5177              187            
1              [12032/50000]       1.5401              44.7500             1.5477              188            
1              [12096/50000]       1.5940              45.4300             1.5305              189            
1              [12160/50000]       1.5202              42.6000             1.5969              190            
1              [12224/50000]       1.4281              45.9300             1.5546              191            
1              [12288/50000]       1.2057              46.7200             1.5084              192            
1              [12352/50000]       1.3330              42.1500             1.5985              193            
1              [12416/50000]       1.8164              43.3500             1.6203              194            
1              [12480/50000]       1.7037              41.3000             1.6036              195            
1              [12544/50000]       1.5250              44.5400             1.5604              196            
1              [12608/50000]       1.4073              43.4300             1.5608              197            
1              [12672/50000]       1.6660              36.6100             1.7373              198            
1              [12736/50000]       1.4992              45.5400             1.5335              199            
