Current_Epoch  Batch/Total         CE_Train            Accuracy(%)         CE_TEST             Batch_Number   
0              [0/50000]           --                  9.020               2.3017              0
1              [64/50000]          2.3001              16.8900             2.7066              1              
1              [128/50000]         2.6436              18.2400             2.8367              2              
1              [192/50000]         2.8444              16.6800             2.6491              3              
1              [256/50000]         2.6266              14.4600             2.7240              4              
1              [320/50000]         3.0487              21.0400             2.4561              5              
1              [384/50000]         2.4053              17.0800             2.3055              6              
1              [448/50000]         2.3628              21.0700             2.1184              7              
1              [512/50000]         2.0704              22.9800             2.1115              8              
1              [576/50000]         2.1437              24.8100             2.0661              9              
1              [640/50000]         2.0987              25.9300             2.0375              10             
1              [704/50000]         2.1600              31.4700             1.9601              11             
1              [768/50000]         2.0196              31.5700             1.9555              12             
1              [832/50000]         1.9383              19.1700             2.1064              13             
1              [896/50000]         2.1128              23.8600             2.0957              14             
1              [960/50000]         1.8186              31.7200             1.9422              15             
1              [1024/50000]        1.8536              29.6800             1.9412              16             
1              [1088/50000]        1.8056              26.7500             1.9958              17             
1              [1152/50000]        2.0594              24.0800             2.1319              18             
1              [1216/50000]        2.1379              28.0200             1.9904              19             
1              [1280/50000]        2.0529              31.0000             1.9414              20             
1              [1344/50000]        1.9704              30.9800             1.9542              21             
1              [1408/50000]        1.9449              32.6500             1.8862              22             
1              [1472/50000]        1.9244              33.1700             1.8690              23             
1              [1536/50000]        1.9677              32.3200             1.8921              24             
1              [1600/50000]        1.8794              33.6700             1.8753              25             
1              [1664/50000]        1.8753              32.8300             1.8883              26             
1              [1728/50000]        1.9614              31.0700             1.8884              27             
1              [1792/50000]        1.9062              32.5700             1.8711              28             
1              [1856/50000]        1.9571              35.4000             1.8326              29             
1              [1920/50000]        1.9350              34.4900             1.8275              30             
1              [1984/50000]        1.9306              35.3700             1.8269              31             
1              [2048/50000]        1.8447              32.1100             1.8378              32             
1              [2112/50000]        1.7739              32.4500             1.8477              33             
1              [2176/50000]        1.6233              33.7900             1.8387              34             
1              [2240/50000]        1.8720              35.5600             1.8278              35             
1              [2304/50000]        1.8571              34.5000             1.8223              36             
1              [2368/50000]        1.8628              29.9500             1.9210              37             
1              [2432/50000]        1.8450              31.6800             1.8955              38             
1              [2496/50000]        1.8053              36.6000             1.8058              39             
1              [2560/50000]        1.7997              32.3100             1.8717              40             
1              [2624/50000]        1.8472              32.1800             1.8473              41             
1              [2688/50000]        1.9645              33.3900             1.8219              42             
1              [2752/50000]        1.9705              33.4700             1.8423              43             
1              [2816/50000]        1.7973              37.8000             1.7605              44             
1              [2880/50000]        1.7821              36.5200             1.7901              45             
1              [2944/50000]        1.7331              30.9800             1.8497              46             
1              [3008/50000]        1.7545              36.1600             1.7950              47             
1              [3072/50000]        1.6230              36.7800             1.7697              48             
1              [3136/50000]        1.5326              36.0400             1.7725              49             
1              [3200/50000]        1.9500              35.2800             1.8147              50             
1              [3264/50000]        2.0120              33.4600             1.8196              51             
1              [3328/50000]        1.8632              34.4900             1.8117              52             
1              [3392/50000]        1.8284              37.3400             1.7547              53             
1              [3456/50000]        1.8650              37.0500             1.7692              54             
1              [3520/50000]        1.6035              37.7600             1.7466              55             
1              [3584/50000]        1.7361              34.0800             1.8419              56             
1              [3648/50000]        1.8488              33.3300             1.8252              57             
1              [3712/50000]        1.9524              34.7600             1.8155              58             
1              [3776/50000]        1.7622              36.8000             1.7667              59             
1              [3840/50000]        1.7361              35.7100             1.7513              60             
1              [3904/50000]        1.7344              38.4000             1.7304              61             
1              [3968/50000]        2.0460              35.5500             1.7921              62             
1              [4032/50000]        2.0086              36.6200             1.7408              63             
1              [4096/50000]        1.8820              38.1100             1.7310              64             
1              [4160/50000]        1.6947              41.4300             1.7000              65             
1              [4224/50000]        1.7004              37.6900             1.7435              66             
1              [4288/50000]        1.7520              34.4400             1.7789              67             
1              [4352/50000]        1.8762              39.3900             1.7255              68             
1              [4416/50000]        1.8068              36.9500             1.7307              69             
1              [4480/50000]        1.8079              34.9400             1.7715              70             
1              [4544/50000]        1.8787              36.7500             1.7629              71             
1              [4608/50000]        1.8626              37.7200             1.7196              72             
1              [4672/50000]        1.7387              37.6000             1.7308              73             
1              [4736/50000]        1.7901              33.0300             1.8045              74             
1              [4800/50000]        1.8522              35.3600             1.7793              75             
1              [4864/50000]        1.7659              39.0200             1.6900              76             
1              [4928/50000]        1.7441              37.8500             1.7211              77             
1              [4992/50000]        1.8079              35.8300             1.7489              78             
1              [5056/50000]        1.5394              39.0400             1.6971              79             
1              [5120/50000]        1.7090              39.3300             1.6879              80             
1              [5184/50000]        1.5798              37.6900             1.7533              81             
1              [5248/50000]        1.6946              41.3800             1.6470              82             
1              [5312/50000]        1.8017              32.2500             1.8038              83             
1              [5376/50000]        2.1905              41.3400             1.6870              84             
1              [5440/50000]        1.8511              39.9700             1.6708              85             
1              [5504/50000]        1.5106              40.6200             1.6621              86             
1              [5568/50000]        1.5517              39.2700             1.6991              87             
1              [5632/50000]        1.8011              37.2700             1.7231              88             
1              [5696/50000]        1.7069              41.0800             1.6787              89             
1              [5760/50000]        1.8455              40.1300             1.6760              90             
1              [5824/50000]        2.0328              38.0700             1.6892              91             
1              [5888/50000]        1.7374              40.7000             1.6640              92             
1              [5952/50000]        1.6947              40.1900             1.6639              93             
1              [6016/50000]        1.5783              38.6100             1.6751              94             
1              [6080/50000]        1.6541              41.1800             1.6540              95             
1              [6144/50000]        1.5773              39.0000             1.6607              96             
1              [6208/50000]        1.6452              38.0400             1.7279              97             
1              [6272/50000]        1.6194              41.5000             1.6514              98             
1              [6336/50000]        1.5883              42.1400             1.6446              99             
1              [6400/50000]        1.7420              41.6900             1.6265              100            
1              [6464/50000]        1.5320              39.6200             1.6880              101            
1              [6528/50000]        1.5908              40.1200             1.6702              102            
1              [6592/50000]        1.8443              37.1000             1.7195              103            
1              [6656/50000]        1.7006              40.3300             1.6417              104            
1              [6720/50000]        1.6925              40.4600             1.6506              105            
1              [6784/50000]        1.6703              40.9600             1.6369              106            
1              [6848/50000]        1.4879              40.9200             1.6465              107            
1              [6912/50000]        1.4102              38.9600             1.6988              108            
1              [6976/50000]        1.7372              41.1300             1.6587              109            
1              [7040/50000]        1.7292              42.4500             1.6335              110            
1              [7104/50000]        1.5563              41.2400             1.6348              111            
1              [7168/50000]        1.8671              38.7800             1.6710              112            
1              [7232/50000]        1.5740              41.1900             1.6282              113            
1              [7296/50000]        1.6950              42.9700             1.5986              114            
1              [7360/50000]        1.6291              43.2900             1.5993              115            
1              [7424/50000]        1.6684              45.1200             1.5701              116            
1              [7488/50000]        1.6446              41.4900             1.6503              117            
1              [7552/50000]        1.7815              41.1400             1.6433              118            
1              [7616/50000]        1.7841              43.1100             1.6016              119            
1              [7680/50000]        1.6454              41.9000             1.6177              120            
1              [7744/50000]        1.6854              42.2300             1.6142              121            
1              [7808/50000]        1.8391              41.2100             1.6456              122            
1              [7872/50000]        1.7881              42.9500             1.6005              123            
1              [7936/50000]        1.5616              40.7900             1.6411              124            
1              [8000/50000]        1.6807              37.2600             1.7083              125            
1              [8064/50000]        1.6964              41.7000             1.6225              126            
1              [8128/50000]        1.6600              37.9600             1.6874              127            
1              [8192/50000]        1.7537              40.4500             1.6431              128            
1              [8256/50000]        1.5484              42.8100             1.6119              129            
1              [8320/50000]        1.5837              44.4800             1.5906              130            
1              [8384/50000]        1.6371              45.5900             1.5641              131            
1              [8448/50000]        1.6354              41.5600             1.6392              132            
1              [8512/50000]        1.7750              41.9100             1.6526              133            
1              [8576/50000]        1.6285              43.1400             1.6124              134            
1              [8640/50000]        1.7173              43.7600             1.5811              135            
1              [8704/50000]        1.5954              43.9900             1.5744              136            
1              [8768/50000]        1.5358              43.2600             1.5960              137            
1              [8832/50000]        1.5509              42.8700             1.6151              138            
1              [8896/50000]        1.6105              39.8200             1.6350              139            
1              [8960/50000]        1.7238              41.1700             1.6289              140            
1              [9024/50000]        1.6986              42.4900             1.6283              141            
1              [9088/50000]        1.5785              43.1000             1.5865              142            
1              [9152/50000]        1.7631              42.7800             1.5996              143            
1              [9216/50000]        1.4960              43.9900             1.5761              144            
1              [9280/50000]        1.5926              43.6300             1.5904              145            
1              [9344/50000]        1.4102              43.5500             1.5853              146            
1              [9408/50000]        1.5744              43.6200             1.5810              147            
1              [9472/50000]        1.6523              45.2100             1.5493              148            
1              [9536/50000]        1.4449              45.0200             1.5603              149            
1              [9600/50000]        1.8056              41.4100             1.6437              150            
1              [9664/50000]        1.7466              43.1600             1.5829              151            
1              [9728/50000]        1.6528              43.7600             1.5860              152            
1              [9792/50000]        1.6610              43.8700             1.6139              153            
1              [9856/50000]        1.5995              40.3900             1.6630              154            
1              [9920/50000]        1.7165              38.4400             1.6866              155            
1              [9984/50000]        1.6226              43.5600             1.5791              156            
1              [10048/50000]       1.5793              40.9300             1.6288              157            
1              [10112/50000]       1.5844              42.1400             1.6116              158            
1              [10176/50000]       1.7041              42.5800             1.6182              159            
