Current_Epoch  Batch/Total         CE_Train            Accuracy(%)         CE_TEST             Batch_Number   
0              [0/50000]           --                  9.020               2.3012              0
1              [64/50000]          2.3021              18.5900             2.8132              1              
1              [128/50000]         2.7934              12.3900             3.0657              2              
1              [192/50000]         3.3516              19.3900             2.7781              3              
1              [256/50000]         2.6474              17.0400             2.6501              4              
1              [320/50000]         2.5066              16.0400             2.5316              5              
1              [384/50000]         2.5113              20.5300             2.2275              6              
1              [448/50000]         2.1958              26.3500             2.0897              7              
1              [512/50000]         2.0200              23.0700             2.0693              8              
1              [576/50000]         2.0794              21.9900             2.1371              9              
1              [640/50000]         1.9506              25.8300             2.0503              10             
1              [704/50000]         2.0590              21.3100             2.1171              11             
1              [768/50000]         2.1348              22.7700             2.0521              12             
1              [832/50000]         2.3112              25.9600             2.0270              13             
1              [896/50000]         2.0196              21.3700             2.0887              14             
1              [960/50000]         2.0107              28.8100             1.9626              15             
1              [1024/50000]        1.8837              27.6500             2.0100              16             
1              [1088/50000]        2.0071              27.5700             1.9948              17             
1              [1152/50000]        2.1017              27.8200             2.0438              18             
1              [1216/50000]        2.0631              29.7600             1.9401              19             
1              [1280/50000]        1.9274              30.3200             1.9642              20             
1              [1344/50000]        1.8541              28.4400             1.9886              21             
1              [1408/50000]        1.9389              30.1300             1.9618              22             
1              [1472/50000]        1.8634              31.4800             1.9258              23             
1              [1536/50000]        2.0248              29.0300             1.9293              24             
1              [1600/50000]        1.8771              32.2000             1.9318              25             
1              [1664/50000]        1.7929              33.8900             1.8750              26             
1              [1728/50000]        1.9295              28.8000             1.9989              27             
1              [1792/50000]        2.0424              34.7300             1.8899              28             
1              [1856/50000]        1.8229              34.7700             1.8695              29             
1              [1920/50000]        1.8443              34.3200             1.8497              30             
1              [1984/50000]        1.7529              31.3200             1.8825              31             
1              [2048/50000]        1.8866              31.0800             1.8865              32             
1              [2112/50000]        1.9148              32.2200             1.8573              33             
1              [2176/50000]        1.7310              30.8600             1.9089              34             
1              [2240/50000]        1.9131              31.9600             1.9664              35             
1              [2304/50000]        2.0966              33.0800             1.8570              36             
1              [2368/50000]        1.7619              32.4200             1.8675              37             
1              [2432/50000]        1.9014              32.8300             1.8630              38             
1              [2496/50000]        1.8475              33.7400             1.8377              39             
1              [2560/50000]        1.9408              33.1300             1.8858              40             
1              [2624/50000]        1.8535              34.2400             1.8546              41             
1              [2688/50000]        1.8203              35.2100             1.8094              42             
1              [2752/50000]        2.0101              37.9100             1.8029              43             
1              [2816/50000]        1.8382              37.4200             1.7830              44             
1              [2880/50000]        1.9281              34.3700             1.8318              45             
1              [2944/50000]        1.9385              33.2800             1.8440              46             
1              [3008/50000]        1.8034              36.2500             1.7986              47             
1              [3072/50000]        1.8538              30.4500             1.8833              48             
1              [3136/50000]        1.8943              38.7000             1.7529              49             
1              [3200/50000]        1.6232              36.8500             1.7548              50             
1              [3264/50000]        1.6724              36.8300             1.7576              51             
1              [3328/50000]        1.6650              39.0000             1.7415              52             
1              [3392/50000]        1.7366              38.9600             1.7662              53             
1              [3456/50000]        1.5072              33.7100             1.8393              54             
1              [3520/50000]        1.9048              38.6200             1.7504              55             
1              [3584/50000]        1.8151              33.1300             1.8082              56             
1              [3648/50000]        1.8989              31.2900             1.8782              57             
1              [3712/50000]        2.0750              35.4500             1.8194              58             
1              [3776/50000]        1.9649              31.6500             1.8433              59             
1              [3840/50000]        1.8467              38.6900             1.7344              60             
1              [3904/50000]        1.5631              38.6800             1.7195              61             
1              [3968/50000]        1.7767              38.1000             1.7257              62             
1              [4032/50000]        1.8419              37.4500             1.7294              63             
1              [4096/50000]        1.8469              37.8900             1.7264              64             
1              [4160/50000]        2.0122              39.8000             1.7258              65             
1              [4224/50000]        1.8351              40.3000             1.7013              66             
1              [4288/50000]        1.7369              38.5600             1.7397              67             
1              [4352/50000]        1.8842              36.7000             1.7665              68             
1              [4416/50000]        1.5355              40.3700             1.6884              69             
1              [4480/50000]        1.8558              38.1700             1.7536              70             
1              [4544/50000]        2.0684              38.3900             1.6974              71             
1              [4608/50000]        1.7276              38.3900             1.7081              72             
1              [4672/50000]        1.6813              41.3200             1.6738              73             
1              [4736/50000]        1.6907              40.8400             1.6840              74             
1              [4800/50000]        1.6791              39.0900             1.7000              75             
1              [4864/50000]        1.6866              35.7400             1.7545              76             
1              [4928/50000]        1.7361              39.3000             1.7072              77             
1              [4992/50000]        1.7073              42.2000             1.6526              78             
1              [5056/50000]        1.5370              40.3900             1.6951              79             
1              [5120/50000]        1.7011              37.1100             1.7418              80             
1              [5184/50000]        1.8424              40.3800             1.6766              81             
1              [5248/50000]        1.6442              38.8100             1.7132              82             
1              [5312/50000]        1.5783              41.9100             1.6660              83             
1              [5376/50000]        1.7457              42.2400             1.6497              84             
1              [5440/50000]        1.4415              36.4700             1.7792              85             
1              [5504/50000]        1.6332              39.8700             1.6972              86             
1              [5568/50000]        1.6878              39.8600             1.6877              87             
1              [5632/50000]        1.6197              37.2600             1.7112              88             
1              [5696/50000]        1.8906              40.1600             1.6751              89             
1              [5760/50000]        1.8729              42.2200             1.6506              90             
1              [5824/50000]        1.4427              41.2700             1.6604              91             
1              [5888/50000]        2.0101              36.6200             1.7674              92             
1              [5952/50000]        1.5904              39.9500             1.6910              93             
1              [6016/50000]        1.4808              41.1900             1.6566              94             
1              [6080/50000]        1.8205              37.3000             1.7253              95             
1              [6144/50000]        1.6847              41.4700             1.6716              96             
1              [6208/50000]        1.7970              40.4000             1.6514              97             
1              [6272/50000]        1.7404              38.9400             1.6860              98             
1              [6336/50000]        1.4835              41.2900             1.6804              99             
1              [6400/50000]        1.5505              42.3300             1.6505              100            
1              [6464/50000]        1.5557              41.7900             1.6269              101            
1              [6528/50000]        1.5230              39.0200             1.6965              102            
1              [6592/50000]        1.5384              38.8500             1.7419              103            
1              [6656/50000]        1.7871              41.5300             1.6557              104            
1              [6720/50000]        1.6105              39.6200             1.6866              105            
1              [6784/50000]        1.4810              39.2800             1.6943              106            
1              [6848/50000]        1.9608              35.4300             1.9093              107            
1              [6912/50000]        1.7543              37.9400             1.7180              108            
1              [6976/50000]        1.6080              39.5900             1.6866              109            
1              [7040/50000]        1.7646              38.8600             1.6681              110            
1              [7104/50000]        1.5367              41.7100             1.6209              111            
1              [7168/50000]        1.6575              41.3300             1.6417              112            
1              [7232/50000]        1.5252              38.3200             1.6952              113            
1              [7296/50000]        1.8379              39.6400             1.6686              114            
1              [7360/50000]        1.6371              42.8800             1.5958              115            
1              [7424/50000]        1.5121              43.7300             1.6123              116            
1              [7488/50000]        1.7678              40.4400             1.6352              117            
1              [7552/50000]        1.4568              40.3700             1.6560              118            
1              [7616/50000]        1.7232              40.2700             1.6477              119            
