Current_Epoch  Batch/Total         CE_Train            Accuracy(%)         CE_TEST             Batch_Number   
0              [0/50000]           --                  9.020               2.3037              0
1              [64/50000]          2.3044              14.3000             8.4145              1              
1              [128/50000]         8.4363              17.5100             8.1563              2              
1              [192/50000]         7.6846              16.3400             7.5751              3              
1              [256/50000]         6.3550              11.5900             5.7744              4              
1              [320/50000]         5.3182              10.0000             10.7695             5              
1              [384/50000]         10.3166             12.8700             4.8093              6              
1              [448/50000]         5.2358              16.5300             4.0865              7              
1              [512/50000]         4.3475              20.6800             3.0890              8              
1              [576/50000]         3.0636              19.4900             2.6827              9              
1              [640/50000]         2.8066              24.9100             2.4143              10             
1              [704/50000]         2.2468              22.1900             2.1442              11             
1              [768/50000]         2.1085              24.6600             2.1126              12             
1              [832/50000]         2.3001              26.7500             2.1381              13             
1              [896/50000]         2.0329              26.8800             2.1023              14             
1              [960/50000]         2.0446              25.5800             2.0349              15             
1              [1024/50000]        1.8701              31.4700             1.9619              16             
1              [1088/50000]        1.7820              23.2300             2.1600              17             
1              [1152/50000]        2.2454              27.0200             2.0403              18             
1              [1216/50000]        2.1556              27.5100             2.0135              19             
1              [1280/50000]        1.9890              19.6300             2.4198              20             
1              [1344/50000]        2.6191              29.7200             2.2447              21             
1              [1408/50000]        2.0212              24.8000             2.2924              22             
1              [1472/50000]        2.4433              25.0300             2.0426              23             
1              [1536/50000]        2.0502              28.8700             1.9536              24             
1              [1600/50000]        1.8784              30.4300             1.9466              25             
1              [1664/50000]        1.8897              31.3000             1.9420              26             
1              [1728/50000]        2.0771              31.3800             1.9307              27             
1              [1792/50000]        1.9609              31.3400             1.8815              28             
1              [1856/50000]        1.8658              35.1600             1.8195              29             
1              [1920/50000]        1.9727              31.4900             1.9180              30             
1              [1984/50000]        2.0243              33.4300             1.8914              31             
1              [2048/50000]        1.9782              25.5600             2.1434              32             
1              [2112/50000]        2.2949              29.5300             2.1809              33             
1              [2176/50000]        2.1799              32.0300             1.8965              34             
1              [2240/50000]        1.9307              32.8100             1.8688              35             
1              [2304/50000]        2.0058              32.8300             1.8664              36             
1              [2368/50000]        1.8938              31.8200             1.9250              37             
1              [2432/50000]        1.8796              31.7200             1.9121              38             
1              [2496/50000]        1.9718              28.5200             2.0695              39             
1              [2560/50000]        1.8103              36.1300             1.8304              40             
1              [2624/50000]        1.7180              31.7300             1.9093              41             
1              [2688/50000]        2.0086              33.3800             1.8679              42             
1              [2752/50000]        1.8891              30.0100             1.9184              43             
1              [2816/50000]        1.6418              36.5300             1.7850              44             
1              [2880/50000]        1.8997              32.7400             1.8669              45             
1              [2944/50000]        1.9479              30.0300             1.9634              46             
1              [3008/50000]        2.2603              33.6900             1.9061              47             
1              [3072/50000]        1.9873              37.4600             1.7882              48             
1              [3136/50000]        1.8580              31.1500             1.8584              49             
1              [3200/50000]        1.9686              35.3700             1.7883              50             
1              [3264/50000]        1.9110              34.3400             1.8064              51             
1              [3328/50000]        1.9333              33.4900             1.8586              52             
1              [3392/50000]        1.7981              35.8600             1.7684              53             
1              [3456/50000]        1.8812              36.7800             1.7845              54             
1              [3520/50000]        1.7545              32.8800             1.8354              55             
1              [3584/50000]        1.9139              33.4100             1.8483              56             
1              [3648/50000]        1.7964              36.4000             1.7702              57             
1              [3712/50000]        1.8479              32.7900             1.8414              58             
1              [3776/50000]        1.7240              33.4800             1.8155              59             
1              [3840/50000]        1.9278              32.0400             1.8643              60             
1              [3904/50000]        2.0046              36.6000             1.8144              61             
1              [3968/50000]        1.6454              34.6100             1.7959              62             
1              [4032/50000]        1.9352              34.0000             1.8890              63             
1              [4096/50000]        1.8481              36.5900             1.7885              64             
1              [4160/50000]        2.1296              34.3200             1.8076              65             
1              [4224/50000]        1.7363              39.8700             1.7054              66             
1              [4288/50000]        1.6605              37.1800             1.7336              67             
1              [4352/50000]        1.7047              30.3800             1.8784              68             
1              [4416/50000]        1.6201              37.7100             1.7608              69             
1              [4480/50000]        1.9953              39.5000             1.7258              70             
1              [4544/50000]        1.6748              38.3400             1.7290              71             
1              [4608/50000]        1.8652              36.4600             1.7818              72             
1              [4672/50000]        1.8501              41.4800             1.6857              73             
1              [4736/50000]        1.5859              41.9800             1.6621              74             
1              [4800/50000]        1.6883              39.3800             1.6940              75             
1              [4864/50000]        1.8146              40.3400             1.6851              76             
1              [4928/50000]        1.5306              37.1900             1.7351              77             
1              [4992/50000]        1.6621              39.1300             1.7040              78             
1              [5056/50000]        1.5845              38.3500             1.7274              79             
1              [5120/50000]        1.7605              38.7500             1.7244              80             
1              [5184/50000]        1.8717              40.4100             1.7101              81             
1              [5248/50000]        1.7856              39.1000             1.6933              82             
1              [5312/50000]        1.8738              38.6900             1.7072              83             
1              [5376/50000]        1.5851              38.5400             1.7110              84             
1              [5440/50000]        1.6936              40.4600             1.6895              85             
1              [5504/50000]        1.4893              36.3500             1.7362              86             
1              [5568/50000]        1.7348              38.6600             1.7062              87             
1              [5632/50000]        1.9340              37.2900             1.7345              88             
1              [5696/50000]        1.8720              38.7900             1.7153              89             
1              [5760/50000]        1.5292              35.9500             1.7390              90             
1              [5824/50000]        1.7878              37.5100             1.7055              91             
1              [5888/50000]        1.6194              41.5900             1.6390              92             
1              [5952/50000]        1.8246              39.1900             1.7158              93             
1              [6016/50000]        1.5496              37.0100             1.7360              94             
1              [6080/50000]        1.6915              40.2600             1.7286              95             
1              [6144/50000]        1.5933              38.0200             1.6965              96             
1              [6208/50000]        1.6303              39.2400             1.7300              97             
1              [6272/50000]        1.7303              34.2900             1.8414              98             
1              [6336/50000]        1.9905              38.5300             1.7173              99             
1              [6400/50000]        1.8494              39.6200             1.6814              100            
1              [6464/50000]        1.7769              40.4400             1.6874              101            
1              [6528/50000]        1.6323              38.9800             1.6887              102            
1              [6592/50000]        1.7087              38.5000             1.7160              103            
1              [6656/50000]        1.6999              40.2000             1.6723              104            
1              [6720/50000]        1.8161              41.4700             1.6401              105            
1              [6784/50000]        1.7282              42.3700             1.6237              106            
1              [6848/50000]        1.5030              36.8500             1.7399              107            
1              [6912/50000]        1.8238              38.9300             1.6591              108            
1              [6976/50000]        1.9778              41.2000             1.6754              109            
1              [7040/50000]        1.4529              38.4900             1.6813              110            
1              [7104/50000]        1.9349              41.1600             1.6339              111            
1              [7168/50000]        1.8294              40.8000             1.6764              112            
1              [7232/50000]        1.6201              41.6400             1.6455              113            
1              [7296/50000]        1.8420              37.0800             1.7316              114            
1              [7360/50000]        1.6610              35.6500             1.7349              115            
1              [7424/50000]        1.6452              36.7100             1.7791              116            
1              [7488/50000]        1.7425              41.0800             1.6286              117            
1              [7552/50000]        1.4577              40.2700             1.6635              118            
1              [7616/50000]        1.6164              41.1600             1.6364              119            
1              [7680/50000]        1.4484              43.8000             1.5691              120            
1              [7744/50000]        1.5118              44.0200             1.5826              121            
1              [7808/50000]        1.5278              30.8800             1.8579              122            
1              [7872/50000]        2.2427              38.8800             1.8022              123            
1              [7936/50000]        1.7967              42.2200             1.6293              124            
1              [8000/50000]        1.6387              40.6300             1.6109              125            
1              [8064/50000]        1.3613              43.8500             1.5829              126            
1              [8128/50000]        1.3474              42.0300             1.6135              127            
1              [8192/50000]        1.8288              42.1600             1.6057              128            
1              [8256/50000]        1.6159              40.7000             1.6359              129            
1              [8320/50000]        1.7135              41.6900             1.6521              130            
1              [8384/50000]        1.3668              44.5300             1.5649              131            
1              [8448/50000]        1.5758              42.2300             1.5948              132            
1              [8512/50000]        1.6501              36.4500             1.6941              133            
1              [8576/50000]        1.9634              38.9400             1.7184              134            
1              [8640/50000]        1.8486              45.0500             1.5497              135            
1              [8704/50000]        1.4734              37.5900             1.7186              136            
1              [8768/50000]        1.6161              43.5000             1.5638              137            
1              [8832/50000]        1.5329              42.9500             1.6053              138            
1              [8896/50000]        1.7558              39.1600             1.6576              139            
1              [8960/50000]        1.6658              41.6800             1.6370              140            
1              [9024/50000]        1.6770              36.8600             1.8463              141            
1              [9088/50000]        1.7789              43.5200             1.6108              142            
1              [9152/50000]        1.6587              43.9100             1.5823              143            
1              [9216/50000]        1.5570              42.9200             1.5934              144            
1              [9280/50000]        1.5563              40.2600             1.6800              145            
1              [9344/50000]        1.8567              39.7600             1.6528              146            
1              [9408/50000]        1.8233              44.7400             1.5884              147            
1              [9472/50000]        1.4991              43.6800             1.5823              148            
1              [9536/50000]        1.5019              42.6800             1.5945              149            
1              [9600/50000]        1.4144              44.7000             1.5857              150            
1              [9664/50000]        1.8711              39.2300             1.7069              151            
1              [9728/50000]        1.9242              41.0200             1.6982              152            
1              [9792/50000]        1.5880              42.3100             1.5922              153            
1              [9856/50000]        1.2259              43.8600             1.5485              154            
1              [9920/50000]        1.5028              42.0200             1.5963              155            
1              [9984/50000]        1.4441              44.7100             1.5603              156            
1              [10048/50000]       1.5758              39.9200             1.6953              157            
1              [10112/50000]       1.4536              42.0700             1.6459              158            
1              [10176/50000]       1.4378              46.4400             1.5195              159            
1              [10240/50000]       1.3800              44.6300             1.5399              160            
1              [10304/50000]       1.4099              43.6200             1.5551              161            
1              [10368/50000]       1.6375              43.5500             1.5972              162            
1              [10432/50000]       1.5253              41.1000             1.6385              163            
1              [10496/50000]       1.6449              45.7900             1.5163              164            
1              [10560/50000]       1.5080              45.7800             1.5225              165            
1              [10624/50000]       1.2522              46.5700             1.5232              166            
1              [10688/50000]       1.4675              45.1800             1.5339              167            
1              [10752/50000]       1.7208              42.3400             1.5982              168            
1              [10816/50000]       1.5023              40.4900             1.6590              169            
1              [10880/50000]       1.4760              43.1800             1.5571              170            
1              [10944/50000]       1.5946              41.2900             1.6049              171            
1              [11008/50000]       1.6495              40.8000             1.6057              172            
1              [11072/50000]       1.7308              42.8600             1.5686              173            
1              [11136/50000]       1.4813              43.1700             1.6038              174            
1              [11200/50000]       1.5446              43.6200             1.5893              175            
1              [11264/50000]       1.6217              36.7300             1.7931              176            
1              [11328/50000]       1.5700              40.5000             1.6225              177            
1              [11392/50000]       1.4093              44.4900             1.5557              178            
1              [11456/50000]       1.6062              46.7000             1.4981              179            
1              [11520/50000]       1.6096              44.4900             1.5614              180            
1              [11584/50000]       1.5832              46.4100             1.5096              181            
1              [11648/50000]       1.7012              44.9900             1.5659              182            
1              [11712/50000]       1.3554              44.3500             1.5365              183            
1              [11776/50000]       1.4471              46.7800             1.5007              184            
1              [11840/50000]       1.6367              38.9100             1.6763              185            
1              [11904/50000]       1.8187              36.1700             1.8282              186            
1              [11968/50000]       1.3707              42.2800             1.5675              187            
1              [12032/50000]       1.4631              44.0300             1.5826              188            
1              [12096/50000]       1.5965              45.2100             1.5704              189            
1              [12160/50000]       1.6246              43.6700             1.6127              190            
1              [12224/50000]       1.8605              40.5700             1.6497              191            
1              [12288/50000]       1.7950              44.2100             1.5566              192            
1              [12352/50000]       1.4393              44.4300             1.5427              193            
1              [12416/50000]       1.7378              42.3400             1.5919              194            
1              [12480/50000]       1.7753              44.5500             1.5475              195            
1              [12544/50000]       1.4387              44.7800             1.5697              196            
1              [12608/50000]       1.3429              46.0700             1.4965              197            
1              [12672/50000]       1.4543              41.4300             1.6163              198            
1              [12736/50000]       1.5500              43.7900             1.6012              199            
