Current_Epoch  Batch/Total         CE_Train            Accuracy(%)         CE_TEST             Batch_Number   
0              [0/50000]           --                  9.020               2.3026              0
1              [64/50000]          2.3022              14.2100             2.4686              1              
1              [128/50000]         2.4225              14.5400             2.3174              2              
1              [192/50000]         2.3023              15.2200             2.3899              3              
1              [256/50000]         2.4466              19.2700             2.2864              4              
1              [320/50000]         2.2250              23.7900             2.1168              5              
1              [384/50000]         1.9995              24.2800             2.1409              6              
1              [448/50000]         2.1508              22.7500             2.1739              7              
1              [512/50000]         2.2972              23.4900             2.1399              8              
1              [576/50000]         2.0788              24.3200             2.0653              9              
1              [640/50000]         2.2558              23.7900             2.0874              10             
1              [704/50000]         2.0921              22.7300             2.0690              11             
1              [768/50000]         1.9111              25.8800             2.0903              12             
1              [832/50000]         2.0777              25.7100             2.0305              13             
1              [896/50000]         1.9850              27.4200             2.0056              14             
1              [960/50000]         1.9104              24.5300             2.0948              15             
1              [1024/50000]        2.1682              26.0900             2.0262              16             
1              [1088/50000]        2.0250              27.8900             1.9740              17             
1              [1152/50000]        1.9637              28.3300             1.9909              18             
1              [1216/50000]        2.0421              26.6900             2.0065              19             
1              [1280/50000]        1.9625              29.6100             1.9605              20             
1              [1344/50000]        2.1891              24.8900             2.0385              21             
1              [1408/50000]        2.1307              27.7700             1.9739              22             
1              [1472/50000]        1.9919              29.9400             1.9629              23             
1              [1536/50000]        1.9192              31.1700             1.9635              24             
1              [1600/50000]        2.0169              31.4400             1.9219              25             
1              [1664/50000]        1.9545              33.2500             1.9015              26             
1              [1728/50000]        1.9218              28.6200             1.9628              27             
1              [1792/50000]        1.8000              30.5600             1.9387              28             
1              [1856/50000]        1.7786              34.8900             1.8939              29             
1              [1920/50000]        2.1358              32.5500             1.8946              30             
1              [1984/50000]        2.0275              34.6000             1.8781              31             
1              [2048/50000]        1.7911              28.7700             1.9423              32             
1              [2112/50000]        1.8413              34.5400             1.8633              33             
1              [2176/50000]        1.9444              31.2500             1.9084              34             
1              [2240/50000]        1.9876              34.1700             1.9013              35             
1              [2304/50000]        1.8976              29.6300             1.9113              36             
1              [2368/50000]        1.9250              33.9600             1.8729              37             
1              [2432/50000]        1.8616              34.9600             1.8457              38             
1              [2496/50000]        1.9452              34.7400             1.8459              39             
1              [2560/50000]        1.8079              33.7900             1.8395              40             
1              [2624/50000]        1.9013              35.4400             1.8260              41             
1              [2688/50000]        1.9311              35.8300             1.8085              42             
1              [2752/50000]        1.7085              36.4700             1.7986              43             
1              [2816/50000]        1.7860              31.2600             1.9263              44             
1              [2880/50000]        1.7827              32.7700             1.8480              45             
1              [2944/50000]        1.8544              38.0100             1.7758              46             
1              [3008/50000]        2.0789              30.6800             1.9004              47             
1              [3072/50000]        2.0097              33.8500             1.8133              48             
1              [3136/50000]        1.9289              33.7100             1.8313              49             
1              [3200/50000]        1.8420              33.4000             1.8254              50             
1              [3264/50000]        1.7600              33.6300             1.8403              51             
1              [3328/50000]        1.8479              35.3600             1.8291              52             
1              [3392/50000]        1.9677              35.5900             1.8079              53             
1              [3456/50000]        1.8468              35.0000             1.8149              54             
1              [3520/50000]        1.7609              37.9100             1.7764              55             
1              [3584/50000]        1.6551              33.7200             1.8383              56             
1              [3648/50000]        1.8510              36.6000             1.7835              57             
1              [3712/50000]        1.7429              38.5600             1.7746              58             
1              [3776/50000]        1.8491              38.6900             1.7576              59             
1              [3840/50000]        1.6964              37.0900             1.8054              60             
1              [3904/50000]        1.9867              34.5700             1.8033              61             
1              [3968/50000]        1.8205              32.3500             1.8951              62             
1              [4032/50000]        1.9323              31.7400             1.8832              63             
1              [4096/50000]        1.8172              36.0200             1.7916              64             
1              [4160/50000]        1.8028              33.6000             1.8139              65             
1              [4224/50000]        2.0217              37.0600             1.7759              66             
1              [4288/50000]        1.9881              36.7900             1.7984              67             
1              [4352/50000]        1.9178              38.8700             1.7352              68             
1              [4416/50000]        1.7848              39.7600             1.7260              69             
1              [4480/50000]        1.5881              37.8100             1.7632              70             
1              [4544/50000]        1.6702              37.5700             1.7521              71             
1              [4608/50000]        1.6219              33.7200             1.8237              72             
1              [4672/50000]        1.6556              36.9500             1.7702              73             
1              [4736/50000]        1.6645              35.9400             1.7863              74             
1              [4800/50000]        1.7806              34.9300             1.8293              75             
1              [4864/50000]        1.7349              37.9800             1.7543              76             
1              [4928/50000]        1.8251              36.6000             1.7838              77             
1              [4992/50000]        1.8080              40.3900             1.7113              78             
1              [5056/50000]        1.7961              37.5800             1.7506              79             
1              [5120/50000]        1.8348              36.3300             1.7553              80             
1              [5184/50000]        1.7249              35.7600             1.7884              81             
1              [5248/50000]        1.6313              33.0600             1.8371              82             
1              [5312/50000]        1.9882              37.3900             1.7791              83             
1              [5376/50000]        1.6041              38.3900             1.7573              84             
1              [5440/50000]        1.7846              39.7900             1.7204              85             
1              [5504/50000]        1.5554              37.4300             1.7537              86             
1              [5568/50000]        1.9759              38.3400             1.7362              87             
1              [5632/50000]        1.7990              39.1200             1.7143              88             
1              [5696/50000]        1.7273              36.9500             1.7577              89             
1              [5760/50000]        1.8220              36.2400             1.7696              90             
1              [5824/50000]        1.9164              39.6600             1.7061              91             
1              [5888/50000]        1.9095              39.3900             1.7153              92             
1              [5952/50000]        1.7434              37.0500             1.7259              93             
1              [6016/50000]        1.7480              39.0300             1.7243              94             
1              [6080/50000]        1.5270              38.5600             1.7209              95             
1              [6144/50000]        1.5173              39.5700             1.7114              96             
1              [6208/50000]        1.9165              38.8800             1.7117              97             
1              [6272/50000]        1.6106              37.7200             1.7134              98             
1              [6336/50000]        2.0069              38.9700             1.7035              99             
1              [6400/50000]        1.7119              41.2000             1.6679              100            
1              [6464/50000]        1.6253              38.0900             1.7139              101            
1              [6528/50000]        1.5791              38.6300             1.7049              102            
1              [6592/50000]        1.6794              42.1400             1.6743              103            
1              [6656/50000]        1.8021              41.8100             1.6671              104            
1              [6720/50000]        1.6642              40.9800             1.6833              105            
1              [6784/50000]        1.7547              40.3100             1.6866              106            
1              [6848/50000]        1.7750              39.6700             1.6705              107            
1              [6912/50000]        1.5973              38.8200             1.7070              108            
1              [6976/50000]        1.8497              40.9700             1.6823              109            
1              [7040/50000]        1.6815              39.5000             1.6909              110            
1              [7104/50000]        1.6234              40.5300             1.6668              111            
1              [7168/50000]        1.6385              37.7000             1.7441              112            
1              [7232/50000]        1.5534              39.6600             1.7058              113            
1              [7296/50000]        1.6679              40.6300             1.6761              114            
1              [7360/50000]        1.7953              42.6800             1.6463              115            
1              [7424/50000]        1.7495              39.0900             1.6976              116            
1              [7488/50000]        1.2753              40.6000             1.6635              117            
1              [7552/50000]        1.5433              39.0900             1.7154              118            
1              [7616/50000]        1.8038              40.4400             1.6956              119            
1              [7680/50000]        1.5409              39.7000             1.7203              120            
1              [7744/50000]        1.6560              40.2600             1.6743              121            
1              [7808/50000]        1.6329              40.3800             1.6746              122            
1              [7872/50000]        1.7161              41.2800             1.6395              123            
1              [7936/50000]        1.5773              39.5500             1.6817              124            
1              [8000/50000]        1.8200              41.4600             1.6587              125            
1              [8064/50000]        1.5933              36.1700             1.7779              126            
1              [8128/50000]        1.7098              40.7900             1.6622              127            
1              [8192/50000]        1.6769              38.8500             1.7027              128            
1              [8256/50000]        1.5958              39.2700             1.6700              129            
1              [8320/50000]        1.6977              40.5300             1.6736              130            
1              [8384/50000]        1.7235              39.6500             1.6788              131            
1              [8448/50000]        1.7234              41.8200             1.6420              132            
1              [8512/50000]        1.5526              40.6100             1.6597              133            
1              [8576/50000]        1.5401              40.3700             1.6698              134            
1              [8640/50000]        1.6055              42.8400             1.6601              135            
1              [8704/50000]        1.5746              41.2000             1.6407              136            
1              [8768/50000]        1.4773              42.8100             1.6069              137            
1              [8832/50000]        1.6048              39.6400             1.7085              138            
1              [8896/50000]        1.7753              38.4600             1.7870              139            
