Current_Epoch  Batch/Total         CE_Train            Accuracy(%)         CE_TEST             Batch_Number   
0              [0/60000]           --                  9.020               2.3429              0
1              [64/60000]          2.3120              16.9000             2.2046              1              
1              [128/60000]         2.1660              27.4700             2.0823              2              
1              [192/60000]         2.0539              38.2200             1.9543              3              
1              [256/60000]         1.9780              46.9600             1.8334              4              
1              [320/60000]         1.8808              38.8300             1.7940              5              
1              [384/60000]         1.7826              44.3800             1.7411              6              
1              [448/60000]         1.7515              57.1600             1.6114              7              
1              [512/60000]         1.5735              54.6500             1.5559              8              
1              [576/60000]         1.6132              50.9900             1.5327              9              
1              [640/60000]         1.4608              56.6700             1.4713              10             
1              [704/60000]         1.3440              58.2500             1.4334              11             
1              [768/60000]         1.3543              57.0000             1.3915              12             
1              [832/60000]         1.4630              62.4100             1.3471              13             
1              [896/60000]         1.3562              62.8200             1.3124              14             
1              [960/60000]         1.3324              61.4300             1.2902              15             
1              [1024/60000]        1.2938              64.1400             1.2485              16             
1              [1088/60000]        1.2626              65.9500             1.2214              17             
1              [1152/60000]        1.1197              66.1200             1.2030              18             
1              [1216/60000]        1.2545              65.6300             1.1797              19             
1              [1280/60000]        1.0081              59.0200             1.2128              20             
1              [1344/60000]        1.0479              66.0100             1.1451              21             
1              [1408/60000]        1.2328              65.8100             1.1430              22             
1              [1472/60000]        1.0732              63.8800             1.1429              23             
1              [1536/60000]        1.2024              66.4500             1.1038              24             
1              [1600/60000]        1.0878              67.9800             1.0902              25             
1              [1664/60000]        1.1464              68.0900             1.0760              26             
1              [1728/60000]        1.0512              68.2300             1.0692              27             
1              [1792/60000]        1.1974              69.4500             1.0477              28             
1              [1856/60000]        1.0594              68.7900             1.0393              29             
1              [1920/60000]        1.0292              68.8600             1.0328              30             
1              [1984/60000]        0.9489              68.8900             1.0153              31             
1              [2048/60000]        0.9770              70.0200             0.9944              32             
1              [2112/60000]        0.9335              68.5500             0.9993              33             
1              [2176/60000]        0.9555              70.1100             0.9843              34             
1              [2240/60000]        0.8866              70.2500             0.9727              35             
1              [2304/60000]        1.0262              68.5500             0.9763              36             
1              [2368/60000]        0.6972              68.8900             0.9580              37             
1              [2432/60000]        1.1014              67.6600             0.9667              38             
1              [2496/60000]        1.0681              69.9900             0.9449              39             
1              [2560/60000]        0.8638              71.0400             0.9333              40             
1              [2624/60000]        0.9491              71.7100             0.9202              41             
1              [2688/60000]        1.0406              70.2300             0.9318              42             
1              [2752/60000]        0.8577              71.5200             0.9142              43             
1              [2816/60000]        0.9701              70.1200             0.9250              44             
1              [2880/60000]        0.9710              71.6200             0.9071              45             
1              [2944/60000]        1.0378              70.9900             0.9162              46             
1              [3008/60000]        0.8223              71.2800             0.8993              47             
1              [3072/60000]        0.9280              70.5300             0.9004              48             
1              [3136/60000]        0.7864              69.0300             0.8965              49             
1              [3200/60000]        0.9249              70.9700             0.8805              50             
1              [3264/60000]        0.9445              70.4200             0.8804              51             
1              [3328/60000]        0.8569              71.1100             0.8705              52             
1              [3392/60000]        0.6707              71.5900             0.8601              53             
1              [3456/60000]        0.8541              71.9900             0.8578              54             
1              [3520/60000]        0.9185              70.0000             0.8670              55             
1              [3584/60000]        0.8037              69.5400             0.8769              56             
1              [3648/60000]        0.9002              72.8900             0.8448              57             
1              [3712/60000]        0.9709              70.7900             0.8620              58             
1              [3776/60000]        0.8155              73.1600             0.8464              59             
1              [3840/60000]        0.9117              71.8000             0.8612              60             
1              [3904/60000]        0.9774              72.0800             0.8499              61             
1              [3968/60000]        0.8487              71.2200             0.8471              62             
1              [4032/60000]        0.8697              72.4500             0.8404              63             
1              [4096/60000]        0.7202              72.5800             0.8278              64             
1              [4160/60000]        0.7886              73.2200             0.8186              65             
1              [4224/60000]        0.7712              72.8600             0.8270              66             
1              [4288/60000]        0.6765              73.2600             0.8100              67             
1              [4352/60000]        0.7881              73.3000             0.8112              68             
1              [4416/60000]        0.8605              72.5200             0.8111              69             
1              [4480/60000]        0.8942              72.0900             0.8126              70             
1              [4544/60000]        0.7603              73.1200             0.8051              71             
1              [4608/60000]        0.6719              73.7400             0.7920              72             
1              [4672/60000]        0.8661              72.9600             0.7890              73             
1              [4736/60000]        0.6312              72.7100             0.7937              74             
1              [4800/60000]        0.6373              73.2500             0.7979              75             
1              [4864/60000]        0.7629              73.1400             0.7894              76             
1              [4928/60000]        0.7609              73.8900             0.7773              77             
1              [4992/60000]        0.6086              72.9200             0.7997              78             
1              [5056/60000]        0.8100              72.3800             0.7923              79             
1              [5120/60000]        1.0339              73.1200             0.7885              80             
1              [5184/60000]        0.5846              73.2100             0.7867              81             
1              [5248/60000]        0.7704              73.1400             0.7760              82             
1              [5312/60000]        0.7831              74.1500             0.7610              83             
1              [5376/60000]        0.5111              73.6400             0.7643              84             
1              [5440/60000]        0.6437              74.5300             0.7532              85             
1              [5504/60000]        0.5621              74.2400             0.7553              86             
1              [5568/60000]        0.6644              74.2800             0.7561              87             
1              [5632/60000]        0.5826              73.3900             0.7579              88             
1              [5696/60000]        0.8812              73.5900             0.7692              89             
1              [5760/60000]        0.8214              73.7900             0.7704              90             
1              [5824/60000]        0.7326              74.6200             0.7451              91             
1              [5888/60000]        0.6363              74.6100             0.7439              92             
1              [5952/60000]        0.8002              75.3800             0.7384              93             
1              [6016/60000]        0.4932              75.2700             0.7387              94             
1              [6080/60000]        0.6722              74.5300             0.7372              95             
1              [6144/60000]        0.6305              73.7800             0.7460              96             
1              [6208/60000]        0.8066              72.4600             0.7656              97             
1              [6272/60000]        0.7426              73.5400             0.7493              98             
1              [6336/60000]        0.7197              75.2400             0.7326              99             
1              [6400/60000]        0.6693              75.4500             0.7428              100            
1              [6464/60000]        0.7150              74.8100             0.7349              101            
1              [6528/60000]        0.9773              75.1100             0.7284              102            
1              [6592/60000]        0.8681              75.3600             0.7246              103            
1              [6656/60000]        0.7267              75.6000             0.7212              104            
1              [6720/60000]        0.8283              74.9800             0.7280              105            
1              [6784/60000]        0.7872              73.9800             0.7425              106            
1              [6848/60000]        0.6987              74.3900             0.7390              107            
1              [6912/60000]        0.6034              75.3000             0.7264              108            
1              [6976/60000]        0.4663              75.2500             0.7218              109            
1              [7040/60000]        0.6539              74.4600             0.7360              110            
1              [7104/60000]        0.7776              75.2700             0.7167              111            
1              [7168/60000]        0.6801              75.5000             0.7072              112            
1              [7232/60000]        0.6755              75.3100             0.7080              113            
1              [7296/60000]        0.7545              75.5100             0.7121              114            
1              [7360/60000]        0.6550              75.7900             0.7044              115            
1              [7424/60000]        0.6019              75.5600             0.6985              116            
1              [7488/60000]        0.4616              75.3500             0.7014              117            
1              [7552/60000]        0.7338              75.4600             0.7076              118            
1              [7616/60000]        0.6586              74.8500             0.7235              119            
1              [7680/60000]        0.6533              75.9800             0.7092              120            
1              [7744/60000]        0.8565              75.6500             0.7173              121            
1              [7808/60000]        0.8793              75.1600             0.7131              122            
1              [7872/60000]        0.6795              74.6600             0.7162              123            
1              [7936/60000]        0.7582              74.5200             0.7066              124            
1              [8000/60000]        0.7514              75.9000             0.6904              125            
1              [8064/60000]        0.6440              76.1100             0.6861              126            
1              [8128/60000]        0.6514              75.5000             0.7029              127            
1              [8192/60000]        0.5657              76.3700             0.6898              128            
1              [8256/60000]        0.6384              75.6500             0.6934              129            
1              [8320/60000]        0.7513              76.0000             0.6977              130            
1              [8384/60000]        0.6953              75.6500             0.6924              131            
1              [8448/60000]        0.6465              75.3700             0.7008              132            
1              [8512/60000]        0.6546              75.0300             0.7003              133            
1              [8576/60000]        0.6460              75.2400             0.6845              134            
1              [8640/60000]        0.9701              75.3900             0.6983              135            
1              [8704/60000]        0.8990              76.3200             0.6781              136            
1              [8768/60000]        0.7282              76.0800             0.6883              137            
1              [8832/60000]        0.8613              76.2300             0.6807              138            
1              [8896/60000]        0.5639              76.2100             0.6886              139            
1              [8960/60000]        0.5069              75.0900             0.7072              140            
1              [9024/60000]        0.9265              76.3900             0.6783              141            
1              [9088/60000]        0.6872              75.9900             0.6801              142            
1              [9152/60000]        0.7085              75.5700             0.6864              143            
1              [9216/60000]        0.7166              76.1200             0.6778              144            
1              [9280/60000]        0.7155              76.1800             0.6785              145            
1              [9344/60000]        0.6119              75.3300             0.6924              146            
1              [9408/60000]        0.5490              76.6600             0.6808              147            
1              [9472/60000]        0.7055              76.7900             0.6673              148            
1              [9536/60000]        0.6601              76.7800             0.6743              149            
1              [9600/60000]        0.6337              76.4100             0.6847              150            
1              [9664/60000]        0.7339              76.7000             0.6650              151            
1              [9728/60000]        0.9130              76.1800             0.6744              152            
1              [9792/60000]        0.6154              76.8800             0.6665              153            
1              [9856/60000]        0.5434              76.5200             0.6742              154            
1              [9920/60000]        0.7329              76.6500             0.6676              155            
1              [9984/60000]        0.5915              76.6700             0.6686              156            
1              [10048/60000]       0.4983              76.1000             0.6702              157            
1              [10112/60000]       0.7125              76.6100             0.6687              158            
1              [10176/60000]       0.4784              76.2200             0.6695              159            
1              [10240/60000]       0.6909              77.0100             0.6553              160            
1              [10304/60000]       0.6005              76.9600             0.6558              161            
1              [10368/60000]       0.6036              76.6500             0.6580              162            
1              [10432/60000]       0.6353              75.9500             0.6646              163            
1              [10496/60000]       0.6228              76.9400             0.6528              164            
1              [10560/60000]       0.6083              76.6900             0.6614              165            
1              [10624/60000]       0.6607              77.1600             0.6563              166            
1              [10688/60000]       0.5907              77.5400             0.6496              167            
1              [10752/60000]       0.6352              75.6600             0.6814              168            
1              [10816/60000]       0.4282              76.9400             0.6638              169            
1              [10880/60000]       0.6470              76.6900             0.6632              170            
1              [10944/60000]       0.6296              76.7800             0.6633              171            
1              [11008/60000]       0.4262              76.5800             0.6573              172            
1              [11072/60000]       0.6856              76.6400             0.6608              173            
1              [11136/60000]       1.0048              76.3500             0.6564              174            
1              [11200/60000]       0.7546              76.9100             0.6511              175            
1              [11264/60000]       0.6311              75.4800             0.6653              176            
1              [11328/60000]       0.8291              76.6000             0.6576              177            
1              [11392/60000]       0.6399              77.4100             0.6495              178            
1              [11456/60000]       0.7832              77.0300             0.6552              179            
1              [11520/60000]       0.6152              77.6200             0.6439              180            
1              [11584/60000]       0.5002              77.4700             0.6471              181            
1              [11648/60000]       0.6406              77.3500             0.6449              182            
1              [11712/60000]       0.5993              76.7500             0.6489              183            
1              [11776/60000]       0.5536              77.2900             0.6403              184            
1              [11840/60000]       0.6927              77.5100             0.6338              185            
1              [11904/60000]       0.4529              77.1600             0.6430              186            
1              [11968/60000]       0.7214              77.0500             0.6410              187            
1              [12032/60000]       0.5812              77.0500             0.6456              188            
1              [12096/60000]       0.5099              77.2700             0.6362              189            
1              [12160/60000]       0.7480              76.5800             0.6522              190            
1              [12224/60000]       0.5810              77.3800             0.6442              191            
1              [12288/60000]       0.5628              77.1600             0.6408              192            
1              [12352/60000]       0.6640              76.9800             0.6545              193            
1              [12416/60000]       0.6370              77.4300             0.6442              194            
1              [12480/60000]       0.5095              76.8000             0.6446              195            
1              [12544/60000]       0.5444              76.7200             0.6397              196            
1              [12608/60000]       0.7532              77.0500             0.6440              197            
1              [12672/60000]       0.5076              77.4100             0.6355              198            
1              [12736/60000]       0.4945              77.4000             0.6287              199            
1              [12800/60000]       0.5484              77.1700             0.6330              200            
1              [12864/60000]       0.5211              76.6700             0.6458              201            
1              [12928/60000]       0.6553              76.8200             0.6486              202            
1              [12992/60000]       0.4810              76.9200             0.6500              203            
1              [13056/60000]       0.6331              76.8100             0.6452              204            
1              [13120/60000]       0.6507              77.4700             0.6364              205            
1              [13184/60000]       0.7197              77.6200             0.6286              206            
1              [13248/60000]       0.4120              76.9800             0.6495              207            
1              [13312/60000]       0.7169              77.4800             0.6363              208            
1              [13376/60000]       0.6712              77.0800             0.6431              209            
1              [13440/60000]       0.5137              77.0400             0.6491              210            
1              [13504/60000]       0.6629              77.8600             0.6294              211            
1              [13568/60000]       0.6137              77.9500             0.6310              212            
1              [13632/60000]       0.7767              76.6600             0.6538              213            
1              [13696/60000]       0.9641              77.2600             0.6582              214            
1              [13760/60000]       0.4662              77.7000             0.6405              215            
1              [13824/60000]       0.4614              76.9400             0.6485              216            
1              [13888/60000]       0.7254              77.2900             0.6361              217            
1              [13952/60000]       0.5358              77.6500             0.6317              218            
1              [14016/60000]       0.5245              77.6800             0.6336              219            
