Current_Epoch  Batch/Total         CE_Train            Accuracy(%)         CE_TEST             Batch_Number   
0              [0/60000]           --                  9.020               2.3015              0
1              [64/60000]          2.2822              30.9600             7.3238              1              
1              [128/60000]         6.6942              32.9400             10.4524             2              
1              [192/60000]         7.9958              27.9800             19.2038             3              
1              [256/60000]         23.4160             37.4200             14.6430             4              
1              [320/60000]         14.1980             22.7300             14.2251             5              
1              [384/60000]         16.4591             43.0300             8.2295              6              
1              [448/60000]         9.1148              52.0500             5.6807              7              
1              [512/60000]         6.8271              57.2600             3.8929              8              
1              [576/60000]         3.8841              63.6200             2.3563              9              
1              [640/60000]         1.9747              73.6000             1.1975              10             
1              [704/60000]         0.9713              78.2800             0.9282              11             
1              [768/60000]         1.0180              75.6400             1.0206              12             
1              [832/60000]         0.7348              82.1100             0.6805              13             
1              [896/60000]         0.6445              77.4100             0.9482              14             
1              [960/60000]         0.6438              77.4000             0.8992              15             
1              [1024/60000]        1.1547              67.2400             1.5376              16             
1              [1088/60000]        1.8782              72.4000             1.9936              17             
1              [1152/60000]        3.3064              73.6000             1.2929              18             
1              [1216/60000]        1.1770              79.8200             0.7769              19             
1              [1280/60000]        0.8708              83.5600             0.6720              20             
1              [1344/60000]        0.8000              83.8400             0.6142              21             
1              [1408/60000]        0.5275              83.9400             0.5966              22             
1              [1472/60000]        0.5292              84.4400             0.5657              23             
1              [1536/60000]        0.7057              84.2400             0.5713              24             
1              [1600/60000]        0.5856              80.0500             0.7299              25             
1              [1664/60000]        0.7894              79.5900             0.7994              26             
1              [1728/60000]        0.8182              81.8000             0.7587              27             
1              [1792/60000]        0.8839              86.0300             0.4798              28             
1              [1856/60000]        0.5361              74.4000             0.9816              29             
1              [1920/60000]        0.9788              78.8100             0.7409              30             
1              [1984/60000]        0.6494              82.9100             0.6044              31             
1              [2048/60000]        0.7426              81.5900             0.6507              32             
1              [2112/60000]        1.0368              81.4800             0.7490              33             
1              [2176/60000]        0.8188              82.7800             0.5883              34             
1              [2240/60000]        0.6249              76.5100             0.9987              35             
1              [2304/60000]        0.7479              88.1400             0.4442              36             
1              [2368/60000]        0.3660              87.5400             0.4246              37             
1              [2432/60000]        0.3380              86.1900             0.5001              38             
1              [2496/60000]        0.5104              81.0700             0.6506              39             
1              [2560/60000]        0.6933              87.9200             0.4077              40             
1              [2624/60000]        0.2038              88.9100             0.3884              41             
1              [2688/60000]        0.3205              86.6300             0.4719              42             
1              [2752/60000]        0.4118              88.5000             0.3816              43             
1              [2816/60000]        0.4645              87.4400             0.4263              44             
1              [2880/60000]        0.4288              84.9500             0.4974              45             
1              [2944/60000]        0.7384              81.9700             0.6430              46             
1              [3008/60000]        0.6712              83.0400             0.6093              47             
1              [3072/60000]        0.6758              78.2500             0.8644              48             
1              [3136/60000]        0.8763              85.0900             0.5564              49             
1              [3200/60000]        0.6549              81.9800             0.6209              50             
1              [3264/60000]        0.9453              81.2800             0.7264              51             
1              [3328/60000]        1.1473              78.7100             0.7372              52             
1              [3392/60000]        0.6398              85.2800             0.4877              53             
1              [3456/60000]        0.3698              89.1500             0.3627              54             
1              [3520/60000]        0.2225              90.8500             0.3215              55             
1              [3584/60000]        0.3995              84.4000             0.5194              56             
1              [3648/60000]        0.7209              76.7200             0.7996              57             
1              [3712/60000]        0.8155              83.2600             0.5618              58             
1              [3776/60000]        0.4916              84.3400             0.5239              59             
1              [3840/60000]        0.1633              90.4200             0.3270              60             
1              [3904/60000]        0.4128              84.4700             0.5251              61             
1              [3968/60000]        0.6568              85.0500             0.5177              62             
1              [4032/60000]        0.5337              86.0900             0.4764              63             
1              [4096/60000]        0.3834              86.6700             0.4956              64             
1              [4160/60000]        0.3533              90.8200             0.3125              65             
1              [4224/60000]        0.2551              90.4800             0.3242              66             
1              [4288/60000]        0.3062              88.8400             0.3892              67             
1              [4352/60000]        0.5316              86.1100             0.4741              68             
1              [4416/60000]        0.5442              78.0200             0.7059              69             
1              [4480/60000]        0.8890              75.9600             1.1545              70             
1              [4544/60000]        0.7443              76.2400             1.0169              71             
1              [4608/60000]        1.2308              79.7200             0.6970              72             
1              [4672/60000]        0.9441              82.7000             0.6283              73             
1              [4736/60000]        1.3380              82.0400             0.6119              74             
1              [4800/60000]        0.6869              87.2800             0.4153              75             
1              [4864/60000]        0.4626              88.0500             0.3839              76             
1              [4928/60000]        0.2140              90.8600             0.2949              77             
1              [4992/60000]        0.3814              90.5100             0.3113              78             
1              [5056/60000]        0.1491              90.9900             0.2927              79             
1              [5120/60000]        0.3706              87.6900             0.3839              80             
1              [5184/60000]        0.5510              83.9800             0.4844              81             
1              [5248/60000]        0.6470              85.9000             0.4534              82             
1              [5312/60000]        0.5974              89.1000             0.3492              83             
1              [5376/60000]        0.4080              88.2300             0.3914              84             
1              [5440/60000]        0.1560              90.8700             0.3047              85             
1              [5504/60000]        0.0803              91.6200             0.2770              86             
1              [5568/60000]        0.6386              87.5400             0.4153              87             
1              [5632/60000]        0.3641              90.0600             0.3198              88             
1              [5696/60000]        0.2367              91.4300             0.2878              89             
1              [5760/60000]        0.2698              91.4600             0.2924              90             
1              [5824/60000]        0.4343              90.6800             0.3211              91             
1              [5888/60000]        0.2569              91.0300             0.2980              92             
1              [5952/60000]        0.1575              91.4800             0.2845              93             
1              [6016/60000]        0.2033              91.2100             0.2842              94             
1              [6080/60000]        0.2375              91.6400             0.2875              95             
1              [6144/60000]        0.4014              88.7600             0.3538              96             
1              [6208/60000]        0.4879              90.0400             0.3247              97             
1              [6272/60000]        0.3958              89.2800             0.3509              98             
1              [6336/60000]        0.2826              88.6900             0.3487              99             
1              [6400/60000]        0.5152              87.2200             0.3970              100            
1              [6464/60000]        0.5504              90.0200             0.3117              101            
1              [6528/60000]        0.4109              91.4400             0.2846              102            
1              [6592/60000]        0.1734              92.1400             0.2545              103            
1              [6656/60000]        0.2803              89.9200             0.3245              104            
1              [6720/60000]        0.1983              92.1200             0.2609              105            
1              [6784/60000]        0.2794              92.0700             0.2671              106            
1              [6848/60000]        0.5502              91.0500             0.2836              107            
1              [6912/60000]        0.5213              89.5200             0.3479              108            
1              [6976/60000]        0.5649              86.0100             0.4369              109            
1              [7040/60000]        0.3846              87.7600             0.3941              110            
1              [7104/60000]        0.7257              85.0600             0.4489              111            
1              [7168/60000]        0.3296              91.4300             0.2836              112            
1              [7232/60000]        0.4192              91.6200             0.2761              113            
1              [7296/60000]        0.2353              92.1500             0.2619              114            
1              [7360/60000]        0.2563              92.5700             0.2404              115            
1              [7424/60000]        0.1987              92.3400             0.2504              116            
1              [7488/60000]        0.2685              90.7900             0.2895              117            
1              [7552/60000]        0.4026              90.8900             0.3066              118            
1              [7616/60000]        0.4444              91.9600             0.2597              119            
1              [7680/60000]        0.1928              92.1600             0.2545              120            
1              [7744/60000]        0.2663              92.3100             0.2561              121            
1              [7808/60000]        0.2933              88.2300             0.3764              122            
1              [7872/60000]        0.6657              90.1800             0.3132              123            
1              [7936/60000]        0.3164              92.0300             0.2725              124            
1              [8000/60000]        0.2032              92.4600             0.2517              125            
1              [8064/60000]        0.1772              92.6200             0.2537              126            
1              [8128/60000]        0.4282              92.0300             0.2614              127            
1              [8192/60000]        0.2787              92.8400             0.2370              128            
1              [8256/60000]        0.3444              88.7700             0.3608              129            
1              [8320/60000]        0.3683              89.7300             0.3439              130            
1              [8384/60000]        0.1241              92.7000             0.2473              131            
1              [8448/60000]        0.1348              92.6900             0.2384              132            
1              [8512/60000]        0.3568              93.4400             0.2188              133            
1              [8576/60000]        0.2785              93.2800             0.2261              134            
1              [8640/60000]        0.1685              93.2800             0.2283              135            
1              [8704/60000]        0.2219              92.4300             0.2438              136            
1              [8768/60000]        0.1447              92.6300             0.2489              137            
1              [8832/60000]        0.1833              92.1200             0.2597              138            
1              [8896/60000]        0.1818              93.6600             0.2161              139            
1              [8960/60000]        0.2805              90.9500             0.2889              140            
1              [9024/60000]        0.4554              89.2600             0.3353              141            
1              [9088/60000]        0.2100              92.3300             0.2509              142            
1              [9152/60000]        0.2313              91.4200             0.2728              143            
1              [9216/60000]        0.1572              93.2300             0.2259              144            
1              [9280/60000]        0.1918              94.0400             0.2059              145            
1              [9344/60000]        0.1531              92.7100             0.2394              146            
1              [9408/60000]        0.4742              92.2500             0.2577              147            
1              [9472/60000]        0.3425              91.5900             0.2699              148            
1              [9536/60000]        0.2995              93.2600             0.2171              149            
1              [9600/60000]        0.4524              90.5100             0.2968              150            
1              [9664/60000]        0.2041              93.1500             0.2265              151            
1              [9728/60000]        0.1968              92.6500             0.2297              152            
1              [9792/60000]        0.1985              93.1400             0.2328              153            
1              [9856/60000]        0.3745              90.9100             0.2891              154            
1              [9920/60000]        0.3609              90.8800             0.2852              155            
1              [9984/60000]        0.2549              92.3300             0.2411              156            
1              [10048/60000]       0.1385              93.6800             0.2145              157            
1              [10112/60000]       0.1572              92.6000             0.2357              158            
1              [10176/60000]       0.0870              92.9300             0.2278              159            
1              [10240/60000]       0.1386              91.8800             0.2607              160            
1              [10304/60000]       0.1661              93.7700             0.2070              161            
1              [10368/60000]       0.4392              90.1700             0.2982              162            
1              [10432/60000]       0.2998              92.9300             0.2273              163            
1              [10496/60000]       0.1227              94.3000             0.1916              164            
1              [10560/60000]       0.1092              93.4300             0.2212              165            
1              [10624/60000]       0.2067              93.1600             0.2317              166            
1              [10688/60000]       0.4756              92.6800             0.2302              167            
1              [10752/60000]       0.1363              93.2100             0.2161              168            
1              [10816/60000]       0.1625              92.6500             0.2295              169            
1              [10880/60000]       0.2852              93.5000             0.2160              170            
1              [10944/60000]       0.2654              94.5700             0.1837              171            
1              [11008/60000]       0.3080              92.9000             0.2323              172            
1              [11072/60000]       0.3269              91.4000             0.2619              173            
1              [11136/60000]       0.6456              88.4600             0.3431              174            
1              [11200/60000]       0.3470              89.0800             0.3422              175            
1              [11264/60000]       0.3922              94.2600             0.1933              176            
1              [11328/60000]       0.1707              94.2200             0.1914              177            
1              [11392/60000]       0.2468              93.7800             0.2022              178            
1              [11456/60000]       0.3031              92.5100             0.2436              179            
1              [11520/60000]       0.2190              93.9600             0.1976              180            
1              [11584/60000]       0.1414              94.0200             0.1942              181            
1              [11648/60000]       0.3776              93.9000             0.2046              182            
1              [11712/60000]       0.0775              93.0000             0.2290              183            
1              [11776/60000]       0.4353              90.6300             0.3111              184            
1              [11840/60000]       0.2255              92.4400             0.2416              185            
1              [11904/60000]       0.3702              91.6900             0.2672              186            
1              [11968/60000]       0.3691              92.3800             0.2329              187            
1              [12032/60000]       0.2604              89.9200             0.2946              188            
1              [12096/60000]       0.2270              93.9600             0.1957              189            
1              [12160/60000]       0.1841              94.5200             0.1691              190            
1              [12224/60000]       0.1316              93.5200             0.2074              191            
1              [12288/60000]       0.1456              94.3800             0.1860              192            
1              [12352/60000]       0.2488              93.2400             0.2187              193            
1              [12416/60000]       0.2224              93.4000             0.2041              194            
1              [12480/60000]       0.2145              93.3400             0.2097              195            
1              [12544/60000]       0.4160              93.7200             0.2035              196            
1              [12608/60000]       0.3703              94.6500             0.1740              197            
1              [12672/60000]       0.1790              94.4200             0.1830              198            
1              [12736/60000]       0.2417              94.2300             0.1927              199            
1              [12800/60000]       0.1402              94.9400             0.1689              200            
1              [12864/60000]       0.2647              93.9900             0.2000              201            
1              [12928/60000]       0.1802              94.3200             0.1821              202            
1              [12992/60000]       0.1695              94.0000             0.1879              203            
1              [13056/60000]       0.1977              93.6100             0.2028              204            
1              [13120/60000]       0.1799              94.5000             0.1842              205            
1              [13184/60000]       0.1495              93.2400             0.2139              206            
1              [13248/60000]       0.1309              94.7500             0.1743              207            
1              [13312/60000]       0.1793              94.5300             0.1811              208            
1              [13376/60000]       0.1862              93.4800             0.2080              209            
1              [13440/60000]       0.3626              94.8000             0.1681              210            
1              [13504/60000]       0.2789              94.8700             0.1742              211            
1              [13568/60000]       0.1016              94.9800             0.1629              212            
1              [13632/60000]       0.1895              93.8300             0.1970              213            
1              [13696/60000]       0.2750              94.3400             0.1946              214            
1              [13760/60000]       0.4064              91.0600             0.2891              215            
1              [13824/60000]       0.2618              94.7200             0.1693              216            
1              [13888/60000]       0.0977              94.8500             0.1692              217            
1              [13952/60000]       0.2987              94.1500             0.1863              218            
1              [14016/60000]       0.3216              89.5600             0.3254              219            
1              [14080/60000]       0.3975              94.1000             0.1894              220            
1              [14144/60000]       0.2284              94.8200             0.1749              221            
1              [14208/60000]       0.1198              94.5800             0.1827              222            
1              [14272/60000]       0.2826              93.1900             0.2076              223            
1              [14336/60000]       0.2719              93.9500             0.1877              224            
1              [14400/60000]       0.1290              94.4000             0.1771              225            
1              [14464/60000]       0.1643              93.7000             0.1897              226            
1              [14528/60000]       0.3984              93.3100             0.2152              227            
1              [14592/60000]       0.2508              94.0100             0.1985              228            
1              [14656/60000]       0.2042              94.4300             0.1861              229            
1              [14720/60000]       0.1393              93.9100             0.2053              230            
1              [14784/60000]       0.2380              94.2400             0.1866              231            
1              [14848/60000]       0.2297              93.1800             0.2100              232            
1              [14912/60000]       0.1850              93.6000             0.1941              233            
1              [14976/60000]       0.1637              94.6600             0.1727              234            
1              [15040/60000]       0.2097              93.6600             0.1995              235            
1              [15104/60000]       0.2757              93.4700             0.2057              236            
1              [15168/60000]       0.2184              92.2900             0.2560              237            
1              [15232/60000]       0.4415              94.5000             0.1780              238            
1              [15296/60000]       0.1263              94.2400             0.1835              239            
1              [15360/60000]       0.2639              94.5700             0.1871              240            
1              [15424/60000]       0.2375              92.9100             0.2277              241            
1              [15488/60000]       0.1578              94.5000             0.1821              242            
1              [15552/60000]       0.1279              94.5800             0.1763              243            
1              [15616/60000]       0.3421              92.5900             0.2201              244            
1              [15680/60000]       0.4150              91.9500             0.2539              245            
1              [15744/60000]       0.1800              94.4100             0.1751              246            
1              [15808/60000]       0.1039              95.0600             0.1613              247            
1              [15872/60000]       0.1356              95.6200             0.1468              248            
1              [15936/60000]       0.2358              94.9200             0.1636              249            
1              [16000/60000]       0.0915              95.2600             0.1563              250            
1              [16064/60000]       0.1631              95.9500             0.1390              251            
1              [16128/60000]       0.2769              93.9100             0.1941              252            
1              [16192/60000]       0.2362              93.1900             0.2193              253            
1              [16256/60000]       0.2546              94.7100             0.1664              254            
1              [16320/60000]       0.0485              94.3700             0.1780              255            
1              [16384/60000]       0.2216              94.8200             0.1750              256            
1              [16448/60000]       0.2032              95.3000             0.1591              257            
1              [16512/60000]       0.2477              92.2600             0.2630              258            
1              [16576/60000]       0.3019              95.2200             0.1579              259            
1              [16640/60000]       0.1728              93.4600             0.2132              260            
1              [16704/60000]       0.1616              94.4200             0.1827              261            
1              [16768/60000]       0.2189              94.1000             0.1873              262            
1              [16832/60000]       0.1863              93.4800             0.2012              263            
1              [16896/60000]       0.1037              95.3900             0.1526              264            
1              [16960/60000]       0.2534              94.9200             0.1607              265            
1              [17024/60000]       0.1587              94.7800             0.1717              266            
1              [17088/60000]       0.0688              95.4800             0.1561              267            
1              [17152/60000]       0.1342              93.4500             0.2135              268            
1              [17216/60000]       0.0821              94.7500             0.1717              269            
1              [17280/60000]       0.2608              93.4700             0.2140              270            
1              [17344/60000]       0.2678              94.6000             0.1747              271            
1              [17408/60000]       0.2910              94.7800             0.1604              272            
1              [17472/60000]       0.1518              94.1400             0.1862              273            
1              [17536/60000]       0.1079              95.1900             0.1499              274            
1              [17600/60000]       0.2381              93.9000             0.1846              275            
1              [17664/60000]       0.1044              94.6000             0.1716              276            
1              [17728/60000]       0.1371              94.9900             0.1693              277            
1              [17792/60000]       0.1737              95.6100             0.1417              278            
1              [17856/60000]       0.1606              95.2000             0.1570              279            
1              [17920/60000]       0.4513              94.9700             0.1658              280            
1              [17984/60000]       0.2110              95.0900             0.1545              281            
1              [18048/60000]       0.1839              94.5200             0.1782              282            
1              [18112/60000]       0.3838              93.3600             0.2093              283            
1              [18176/60000]       0.1015              95.5400             0.1450              284            
1              [18240/60000]       0.3691              94.2800             0.1775              285            
1              [18304/60000]       0.2077              94.6000             0.1738              286            
1              [18368/60000]       0.2500              94.6000             0.1782              287            
1              [18432/60000]       0.1742              93.5200             0.1990              288            
1              [18496/60000]       0.2186              94.2200             0.1825              289            
1              [18560/60000]       0.3270              94.3300             0.1782              290            
1              [18624/60000]       0.1076              95.5300             0.1480              291            
1              [18688/60000]       0.0636              95.5300             0.1507              292            
1              [18752/60000]       0.3183              94.3200             0.1865              293            
1              [18816/60000]       0.2091              93.7500             0.1932              294            
1              [18880/60000]       0.3406              92.5100             0.2318              295            
1              [18944/60000]       0.2116              92.2300             0.2450              296            
1              [19008/60000]       0.2172              94.3300             0.1953              297            
1              [19072/60000]       0.1282              94.9600             0.1696              298            
1              [19136/60000]       0.3129              94.0100             0.1813              299            
1              [19200/60000]       0.1832              95.8200             0.1433              300            
1              [19264/60000]       0.1459              92.0300             0.2265              301            
1              [19328/60000]       0.3168              94.8100             0.1575              302            
1              [19392/60000]       0.1193              95.5300             0.1383              303            
1              [19456/60000]       0.0784              95.6400             0.1340              304            
1              [19520/60000]       0.1094              95.1600             0.1528              305            
1              [19584/60000]       0.1239              95.6100             0.1426              306            
1              [19648/60000]       0.0685              95.7600             0.1389              307            
1              [19712/60000]       0.2039              95.6200             0.1477              308            
1              [19776/60000]       0.2834              95.0200             0.1625              309            
1              [19840/60000]       0.1442              95.2600             0.1486              310            
1              [19904/60000]       0.4117              94.4600             0.1777              311            
1              [19968/60000]       0.0927              95.2400             0.1563              312            
1              [20032/60000]       0.2293              95.4300             0.1532              313            
1              [20096/60000]       0.1597              95.8000             0.1379              314            
1              [20160/60000]       0.2149              96.0700             0.1308              315            
1              [20224/60000]       0.0607              96.1700             0.1300              316            
1              [20288/60000]       0.1564              94.9900             0.1605              317            
1              [20352/60000]       0.1663              95.7500             0.1395              318            
1              [20416/60000]       0.1960              95.3000             0.1545              319            
1              [20480/60000]       0.1166              95.6000             0.1402              320            
1              [20544/60000]       0.1078              96.0200             0.1333              321            
1              [20608/60000]       0.1448              94.8100             0.1632              322            
1              [20672/60000]       0.1072              96.0200             0.1356              323            
1              [20736/60000]       0.1774              94.5700             0.1772              324            
1              [20800/60000]       0.1112              95.6400             0.1402              325            
1              [20864/60000]       0.1836              95.5000             0.1477              326            
1              [20928/60000]       0.1117              94.4600             0.1677              327            
1              [20992/60000]       0.1775              93.4400             0.2000              328            
1              [21056/60000]       0.1902              95.2500             0.1612              329            
1              [21120/60000]       0.1999              94.6100             0.1799              330            
1              [21184/60000]       0.0676              94.4000             0.1812              331            
1              [21248/60000]       0.4255              92.2700             0.2414              332            
1              [21312/60000]       0.1927              95.7700             0.1364              333            
1              [21376/60000]       0.1259              95.6200             0.1388              334            
1              [21440/60000]       0.1550              95.0500             0.1522              335            
1              [21504/60000]       0.0517              95.8700             0.1338              336            
1              [21568/60000]       0.1264              94.5000             0.1758              337            
1              [21632/60000]       0.2955              94.6700             0.1704              338            
1              [21696/60000]       0.1301              95.4600             0.1437              339            
1              [21760/60000]       0.0711              95.5300             0.1452              340            
1              [21824/60000]       0.1577              96.0500             0.1313              341            
1              [21888/60000]       0.1580              95.5900             0.1390              342            
1              [21952/60000]       0.1394              96.0700             0.1268              343            
1              [22016/60000]       0.1026              94.2300             0.1759              344            
1              [22080/60000]       0.2299              94.2700             0.1894              345            
1              [22144/60000]       0.4467              87.2300             0.3794              346            
1              [22208/60000]       0.3228              93.2900             0.2205              347            
1              [22272/60000]       0.1038              93.9700             0.1825              348            
1              [22336/60000]       0.0547              94.1000             0.1761              349            
1              [22400/60000]       0.2633              94.2300             0.1731              350            
1              [22464/60000]       0.3489              93.6500             0.2072              351            
1              [22528/60000]       0.2064              95.5700             0.1361              352            
1              [22592/60000]       0.0326              95.0100             0.1510              353            
1              [22656/60000]       0.2012              95.1600             0.1571              354            
1              [22720/60000]       0.0316              95.3600             0.1516              355            
1              [22784/60000]       0.3678              93.9500             0.1973              356            
1              [22848/60000]       0.0636              95.0800             0.1549              357            
1              [22912/60000]       0.1978              94.2200             0.1806              358            
1              [22976/60000]       0.3885              90.2200             0.2984              359            
1              [23040/60000]       0.5035              92.6700             0.2326              360            
1              [23104/60000]       0.1402              94.4900             0.1750              361            
1              [23168/60000]       0.1448              95.7800             0.1375              362            
1              [23232/60000]       0.0522              95.6700             0.1408              363            
1              [23296/60000]       0.0711              95.6700             0.1423              364            
1              [23360/60000]       0.0656              95.9300             0.1327              365            
1              [23424/60000]       0.2020              96.0000             0.1326              366            
1              [23488/60000]       0.1811              95.3000             0.1512              367            
1              [23552/60000]       0.1315              95.1100             0.1622              368            
1              [23616/60000]       0.2030              94.7100             0.1746              369            
1              [23680/60000]       0.2658              94.9500             0.1740              370            
1              [23744/60000]       0.1342              95.3000             0.1514              371            
1              [23808/60000]       0.1446              95.8900             0.1292              372            
1              [23872/60000]       0.1080              96.2800             0.1227              373            
1              [23936/60000]       0.3706              94.2000             0.1834              374            
1              [24000/60000]       0.2534              92.7400             0.2233              375            
1              [24064/60000]       0.0583              94.6200             0.1703              376            
1              [24128/60000]       0.1381              95.8000             0.1391              377            
1              [24192/60000]       0.1113              95.4600             0.1424              378            
1              [24256/60000]       0.1177              95.4000             0.1485              379            
1              [24320/60000]       0.1608              95.8800             0.1379              380            
1              [24384/60000]       0.1698              94.9000             0.1502              381            
1              [24448/60000]       0.1332              94.7500             0.1709              382            
1              [24512/60000]       0.2850              93.7600             0.2008              383            
1              [24576/60000]       0.0531              95.0800             0.1581              384            
1              [24640/60000]       0.0854              95.9800             0.1305              385            
1              [24704/60000]       0.0753              95.8300             0.1342              386            
1              [24768/60000]       0.3035              94.2400             0.1771              387            
1              [24832/60000]       0.2172              96.0000             0.1387              388            
1              [24896/60000]       0.1735              96.4200             0.1203              389            
1              [24960/60000]       0.0705              95.9700             0.1299              390            
1              [25024/60000]       0.1062              94.9200             0.1584              391            
1              [25088/60000]       0.2117              94.7800             0.1658              392            
1              [25152/60000]       0.1098              95.3700             0.1439              393            
1              [25216/60000]       0.0702              95.7100             0.1414              394            
1              [25280/60000]       0.0616              94.6400             0.1714              395            
1              [25344/60000]       0.1349              95.2500             0.1472              396            
1              [25408/60000]       0.1329              96.0200             0.1298              397            
1              [25472/60000]       0.1210              94.8100             0.1616              398            
1              [25536/60000]       0.2867              93.2600             0.2063              399            
