Current_Epoch  Batch/Total         CE_Train            Accuracy(%)         CE_TEST             Batch_Number   
0              [0/60000]           --                  9.020               2.3363              0
1              [64/60000]          2.3125              26.1000             11.7509             1              
1              [128/60000]         11.7024             43.3500             12.0951             2              
1              [192/60000]         10.2972             30.8700             12.7857             3              
1              [256/60000]         12.0627             19.3200             25.4963             4              
1              [320/60000]         26.3471             19.2100             13.8674             5              
1              [384/60000]         14.5807             31.0800             13.2809             6              
1              [448/60000]         10.2706             45.4100             11.9999             7              
1              [512/60000]         9.9296              49.9400             9.5793              8              
1              [576/60000]         12.3582             47.3200             5.6961              9              
1              [640/60000]         7.4967              66.1600             2.4615              10             
1              [704/60000]         2.9107              70.2000             1.5300              11             
1              [768/60000]         1.5614              72.2300             1.2155              12             
1              [832/60000]         1.1442              71.8800             1.2023              13             
1              [896/60000]         1.5185              72.7500             1.0817              14             
1              [960/60000]         1.7223              76.7400             0.8358              15             
1              [1024/60000]        0.8113              79.7500             0.7500              16             
1              [1088/60000]        0.6079              76.0200             0.8794              17             
1              [1152/60000]        0.8629              57.9700             2.4128              18             
1              [1216/60000]        3.4558              74.2100             2.5268              19             
1              [1280/60000]        2.4043              73.3700             1.7539              20             
1              [1344/60000]        1.8410              80.1000             0.7782              21             
1              [1408/60000]        0.5717              83.9900             0.5774              22             
1              [1472/60000]        0.4411              85.9800             0.4980              23             
1              [1536/60000]        0.4671              85.3200             0.5054              24             
1              [1600/60000]        0.5618              83.3400             0.5943              25             
1              [1664/60000]        0.3816              84.1200             0.5645              26             
1              [1728/60000]        0.9534              81.2600             0.6721              27             
1              [1792/60000]        0.5825              76.5800             0.9884              28             
1              [1856/60000]        0.9511              79.1000             0.8112              29             
1              [1920/60000]        1.0164              80.8400             0.7783              30             
1              [1984/60000]        1.0417              71.8600             1.1017              31             
1              [2048/60000]        0.9335              73.9500             1.2734              32             
1              [2112/60000]        1.1630              68.9000             1.2626              33             
1              [2176/60000]        1.2177              64.8300             2.4253              34             
1              [2240/60000]        2.2586              73.1100             1.4577              35             
1              [2304/60000]        1.8355              75.1700             1.0114              36             
1              [2368/60000]        1.2518              77.5200             0.8637              37             
1              [2432/60000]        0.7564              84.2000             0.5935              38             
1              [2496/60000]        0.3667              87.5800             0.4620              39             
1              [2560/60000]        0.7886              85.1200             0.5445              40             
1              [2624/60000]        0.4235              86.8100             0.4746              41             
1              [2688/60000]        0.3472              87.5900             0.4562              42             
1              [2752/60000]        0.5121              84.9700             0.5639              43             
1              [2816/60000]        0.8602              84.4300             0.5657              44             
1              [2880/60000]        0.5682              80.3300             0.7144              45             
1              [2944/60000]        0.9254              82.2100             0.7457              46             
1              [3008/60000]        0.9181              82.6700             0.6551              47             
1              [3072/60000]        1.0138              72.1000             1.2420              48             
1              [3136/60000]        1.2700              76.3200             1.0673              49             
1              [3200/60000]        1.5756              77.0400             0.8386              50             
1              [3264/60000]        0.6381              84.7900             0.5394              51             
1              [3328/60000]        0.3270              89.2100             0.3928              52             
1              [3392/60000]        0.2500              85.6700             0.5082              53             
1              [3456/60000]        0.5151              88.4300             0.4061              54             
1              [3520/60000]        0.5246              85.9200             0.4873              55             
1              [3584/60000]        0.5610              80.0800             0.7342              56             
1              [3648/60000]        0.7269              83.3900             0.6702              57             
1              [3712/60000]        0.7116              85.9800             0.5163              58             
1              [3776/60000]        0.9497              80.4300             0.8001              59             
1              [3840/60000]        1.3102              81.6700             0.7815              60             
1              [3904/60000]        0.5934              86.7900             0.4337              61             
1              [3968/60000]        0.4183              88.5600             0.3832              62             
1              [4032/60000]        0.4647              90.5900             0.3469              63             
1              [4096/60000]        0.3634              87.5200             0.4242              64             
1              [4160/60000]        0.3914              86.6600             0.4459              65             
1              [4224/60000]        1.0162              82.5200             0.5935              66             
1              [4288/60000]        0.6545              89.1300             0.3813              67             
1              [4352/60000]        0.3322              86.8600             0.4275              68             
1              [4416/60000]        0.4949              86.8600             0.4665              69             
1              [4480/60000]        0.3845              88.3100             0.4078              70             
1              [4544/60000]        0.2659              90.5700             0.3380              71             
1              [4608/60000]        0.2134              90.7600             0.3169              72             
1              [4672/60000]        0.1944              90.7900             0.3315              73             
1              [4736/60000]        0.2578              88.3400             0.3977              74             
1              [4800/60000]        0.2899              86.9900             0.4345              75             
1              [4864/60000]        0.3261              89.2300             0.3720              76             
1              [4928/60000]        0.2683              89.0800             0.3998              77             
1              [4992/60000]        0.5156              89.5500             0.3821              78             
1              [5056/60000]        0.4316              75.9500             0.9554              79             
1              [5120/60000]        1.0537              83.4700             0.6231              80             
1              [5184/60000]        0.7865              87.8800             0.4197              81             
1              [5248/60000]        0.4350              79.5500             0.6681              82             
1              [5312/60000]        0.6536              85.6900             0.6290              83             
1              [5376/60000]        0.5760              88.1900             0.4166              84             
1              [5440/60000]        0.6871              82.9000             0.5411              85             
1              [5504/60000]        0.4742              88.7600             0.3991              86             
1              [5568/60000]        0.3696              91.4200             0.3001              87             
1              [5632/60000]        0.1090              91.1100             0.3055              88             
1              [5696/60000]        0.2574              91.2400             0.3010              89             
1              [5760/60000]        0.1810              88.8800             0.3526              90             
1              [5824/60000]        0.3425              85.1400             0.5003              91             
1              [5888/60000]        0.3661              90.9600             0.3167              92             
1              [5952/60000]        0.4967              88.4300             0.3998              93             
1              [6016/60000]        0.3827              85.7000             0.4761              94             
1              [6080/60000]        0.6436              80.1800             0.7231              95             
1              [6144/60000]        0.8401              80.6400             0.8572              96             
1              [6208/60000]        1.0381              89.0300             0.3696              97             
1              [6272/60000]        0.2727              89.9900             0.3414              98             
1              [6336/60000]        0.2484              90.2300             0.3278              99             
1              [6400/60000]        0.3954              90.3800             0.3189              100            
1              [6464/60000]        0.3087              92.2400             0.2763              101            
1              [6528/60000]        0.3125              90.0400             0.3166              102            
1              [6592/60000]        0.3223              85.9600             0.4117              103            
1              [6656/60000]        0.2913              91.8300             0.2719              104            
1              [6720/60000]        0.2988              91.7000             0.2744              105            
1              [6784/60000]        0.2696              92.0300             0.2625              106            
1              [6848/60000]        0.2770              92.1400             0.2652              107            
1              [6912/60000]        0.3993              90.0100             0.3269              108            
1              [6976/60000]        0.3299              92.0000             0.2680              109            
1              [7040/60000]        0.3227              90.7000             0.3000              110            
1              [7104/60000]        0.2567              90.1200             0.3114              111            
1              [7168/60000]        0.2973              85.8500             0.4383              112            
1              [7232/60000]        0.9821              83.5700             0.5165              113            
1              [7296/60000]        0.3305              89.9000             0.3153              114            
1              [7360/60000]        0.2501              91.5600             0.2767              115            
1              [7424/60000]        0.3368              90.3100             0.3118              116            
1              [7488/60000]        0.3795              89.9700             0.3205              117            
1              [7552/60000]        0.2033              92.5400             0.2596              118            
1              [7616/60000]        0.2901              91.9300             0.2705              119            
1              [7680/60000]        0.2630              92.2100             0.2654              120            
1              [7744/60000]        0.2406              90.2800             0.3110              121            
1              [7808/60000]        0.2282              90.4700             0.2915              122            
1              [7872/60000]        0.4113              91.7900             0.2773              123            
1              [7936/60000]        0.1911              92.4900             0.2569              124            
1              [8000/60000]        0.3377              90.3600             0.3321              125            
1              [8064/60000]        0.2766              89.3500             0.3532              126            
1              [8128/60000]        0.2640              89.9100             0.3127              127            
1              [8192/60000]        0.3522              88.5300             0.3393              128            
1              [8256/60000]        0.1393              91.5800             0.2858              129            
1              [8320/60000]        0.1656              91.9000             0.2649              130            
1              [8384/60000]        0.3438              88.5000             0.3699              131            
1              [8448/60000]        0.3756              93.1100             0.2324              132            
1              [8512/60000]        0.1609              92.6800             0.2470              133            
1              [8576/60000]        0.1987              92.2800             0.2628              134            
1              [8640/60000]        0.3018              90.4900             0.3169              135            
1              [8704/60000]        0.2619              92.9400             0.2475              136            
1              [8768/60000]        0.3321              90.4100             0.3110              137            
1              [8832/60000]        0.4438              90.1500             0.3327              138            
1              [8896/60000]        0.3449              91.0300             0.3045              139            
1              [8960/60000]        0.2031              92.5100             0.2606              140            
1              [9024/60000]        0.2496              92.8400             0.2407              141            
1              [9088/60000]        0.2416              89.9700             0.3310              142            
1              [9152/60000]        0.2773              90.0200             0.3175              143            
1              [9216/60000]        0.3610              89.6500             0.3393              144            
1              [9280/60000]        0.4887              89.5800             0.3293              145            
1              [9344/60000]        0.2440              86.2300             0.4214              146            
1              [9408/60000]        0.3565              91.9100             0.2748              147            
1              [9472/60000]        0.1654              93.1800             0.2324              148            
1              [9536/60000]        0.1550              93.4400             0.2200              149            
1              [9600/60000]        0.2552              92.8400             0.2411              150            
1              [9664/60000]        0.3281              92.3100             0.2566              151            
1              [9728/60000]        0.2245              91.9400             0.2743              152            
1              [9792/60000]        0.2901              93.2800             0.2348              153            
1              [9856/60000]        0.3813              92.9700             0.2317              154            
1              [9920/60000]        0.1399              91.9000             0.2556              155            
1              [9984/60000]        0.2058              93.4000             0.2222              156            
1              [10048/60000]       0.3080              92.2600             0.2659              157            
1              [10112/60000]       0.1351              93.6100             0.2249              158            
1              [10176/60000]       0.2254              93.5500             0.2168              159            
1              [10240/60000]       0.2086              92.6800             0.2578              160            
1              [10304/60000]       0.0851              92.4300             0.2655              161            
1              [10368/60000]       0.1471              92.2800             0.2620              162            
1              [10432/60000]       0.1339              93.4300             0.2333              163            
1              [10496/60000]       0.2234              93.9200             0.2198              164            
1              [10560/60000]       0.2289              93.7400             0.2170              165            
1              [10624/60000]       0.1919              93.5100             0.2248              166            
1              [10688/60000]       0.1309              93.0100             0.2349              167            
1              [10752/60000]       0.2020              93.7600             0.2211              168            
1              [10816/60000]       0.2755              94.3900             0.1981              169            
1              [10880/60000]       0.3180              90.5600             0.3232              170            
1              [10944/60000]       0.3453              93.9400             0.2069              171            
1              [11008/60000]       0.3017              93.9100             0.2060              172            
1              [11072/60000]       0.2788              91.5800             0.2751              173            
1              [11136/60000]       0.2272              89.9300             0.3369              174            
1              [11200/60000]       0.4635              91.1900             0.2883              175            
1              [11264/60000]       0.4434              92.1900             0.2481              176            
1              [11328/60000]       0.1511              93.9000             0.2092              177            
1              [11392/60000]       0.3046              92.5500             0.2448              178            
1              [11456/60000]       0.3398              92.7800             0.2354              179            
1              [11520/60000]       0.1343              94.6400             0.1866              180            
1              [11584/60000]       0.3185              89.1400             0.3230              181            
1              [11648/60000]       0.3039              94.1800             0.1981              182            
1              [11712/60000]       0.1390              94.1100             0.1953              183            
1              [11776/60000]       0.1530              93.9800             0.2122              184            
1              [11840/60000]       0.1895              94.1200             0.1992              185            
1              [11904/60000]       0.2233              91.8100             0.2536              186            
1              [11968/60000]       0.5373              88.3700             0.3913              187            
1              [12032/60000]       0.3584              93.9300             0.2066              188            
1              [12096/60000]       0.0888              94.6700             0.1912              189            
1              [12160/60000]       0.2392              94.2800             0.1971              190            
1              [12224/60000]       0.1023              94.5500             0.1949              191            
1              [12288/60000]       0.1682              92.8900             0.2387              192            
1              [12352/60000]       0.1819              93.7700             0.2140              193            
1              [12416/60000]       0.1848              94.9000             0.1751              194            
1              [12480/60000]       0.1079              94.0100             0.1977              195            
1              [12544/60000]       0.0472              94.1300             0.1952              196            
1              [12608/60000]       0.1725              94.6200             0.1894              197            
1              [12672/60000]       0.1623              94.2700             0.1954              198            
1              [12736/60000]       0.0913              94.7800             0.1814              199            
1              [12800/60000]       0.2839              92.5000             0.2391              200            
1              [12864/60000]       0.2219              94.4900             0.1900              201            
1              [12928/60000]       0.1583              94.4300             0.1858              202            
1              [12992/60000]       0.2932              93.7500             0.2090              203            
1              [13056/60000]       0.2096              92.7300             0.2416              204            
1              [13120/60000]       0.3482              87.1700             0.3823              205            
1              [13184/60000]       0.4125              91.1200             0.2842              206            
1              [13248/60000]       0.2823              93.5600             0.2209              207            
1              [13312/60000]       0.2607              93.5700             0.2175              208            
1              [13376/60000]       0.0997              93.8100             0.2105              209            
1              [13440/60000]       0.2412              95.0700             0.1721              210            
1              [13504/60000]       0.1819              93.2500             0.2344              211            
1              [13568/60000]       0.2221              92.7200             0.2448              212            
1              [13632/60000]       0.3047              84.8800             0.4943              213            
1              [13696/60000]       0.7460              89.5700             0.3310              214            
1              [13760/60000]       0.1405              92.0100             0.2562              215            
1              [13824/60000]       0.3035              93.4800             0.2137              216            
1              [13888/60000]       0.3052              89.9500             0.3170              217            
1              [13952/60000]       0.3076              92.7200             0.2525              218            
1              [14016/60000]       0.2008              94.0600             0.2006              219            
1              [14080/60000]       0.2382              93.3500             0.2082              220            
1              [14144/60000]       0.2839              91.8700             0.2556              221            
1              [14208/60000]       0.1357              94.0800             0.2029              222            
1              [14272/60000]       0.1168              93.2700             0.2229              223            
1              [14336/60000]       0.2542              93.7000             0.2130              224            
1              [14400/60000]       0.1535              94.4200             0.1975              225            
1              [14464/60000]       0.3036              93.4900             0.2202              226            
1              [14528/60000]       0.1638              94.3200             0.1907              227            
1              [14592/60000]       0.1013              93.5600             0.2140              228            
1              [14656/60000]       0.1839              94.6100             0.1770              229            
1              [14720/60000]       0.0539              93.9700             0.1981              230            
1              [14784/60000]       0.1975              94.2200             0.1916              231            
1              [14848/60000]       0.1833              94.3600             0.1832              232            
1              [14912/60000]       0.2351              94.5000             0.1929              233            
1              [14976/60000]       0.1413              94.6900             0.1878              234            
1              [15040/60000]       0.1467              94.7800             0.1823              235            
1              [15104/60000]       0.0737              94.9500             0.1730              236            
1              [15168/60000]       0.1057              93.6900             0.2119              237            
1              [15232/60000]       0.2628              94.3000             0.2063              238            
1              [15296/60000]       0.2840              91.6200             0.2602              239            
1              [15360/60000]       0.1511              93.1700             0.2242              240            
1              [15424/60000]       0.1504              94.1300             0.1966              241            
1              [15488/60000]       0.2039              94.4100             0.1854              242            
1              [15552/60000]       0.1755              94.3400             0.1869              243            
1              [15616/60000]       0.2166              94.2100             0.1956              244            
1              [15680/60000]       0.1562              94.3700             0.1908              245            
1              [15744/60000]       0.1678              94.1500             0.1914              246            
1              [15808/60000]       0.2212              93.1200             0.2252              247            
1              [15872/60000]       0.2469              94.4500             0.1872              248            
1              [15936/60000]       0.1136              95.2700             0.1633              249            
1              [16000/60000]       0.1300              94.4700             0.1897              250            
1              [16064/60000]       0.0676              95.0500             0.1739              251            
1              [16128/60000]       0.2553              94.6700             0.1802              252            
1              [16192/60000]       0.1107              94.9900             0.1713              253            
1              [16256/60000]       0.1825              95.3600             0.1582              254            
1              [16320/60000]       0.1130              95.2900             0.1567              255            
1              [16384/60000]       0.2208              92.3200             0.2343              256            
1              [16448/60000]       0.3888              94.0500             0.1935              257            
1              [16512/60000]       0.3824              93.6400             0.2093              258            
1              [16576/60000]       0.1428              94.6300             0.1851              259            
1              [16640/60000]       0.2652              93.9900             0.2069              260            
1              [16704/60000]       0.1038              94.8900             0.1752              261            
1              [16768/60000]       0.1169              94.6600             0.1824              262            
1              [16832/60000]       0.1606              94.6800             0.1829              263            
1              [16896/60000]       0.1562              95.2900             0.1580              264            
1              [16960/60000]       0.1741              94.5600             0.1803              265            
1              [17024/60000]       0.2290              94.6300             0.1750              266            
1              [17088/60000]       0.1131              95.7300             0.1449              267            
1              [17152/60000]       0.0359              95.6000             0.1462              268            
1              [17216/60000]       0.1175              95.0400             0.1690              269            
1              [17280/60000]       0.2353              94.4600             0.1814              270            
1              [17344/60000]       0.1939              94.7800             0.1727              271            
1              [17408/60000]       0.1950              93.0400             0.2142              272            
1              [17472/60000]       0.1570              95.3300             0.1629              273            
1              [17536/60000]       0.1450              93.8500             0.1998              274            
1              [17600/60000]       0.2349              95.5100             0.1569              275            
1              [17664/60000]       0.3197              92.9800             0.2253              276            
1              [17728/60000]       0.1902              93.7400             0.2042              277            
1              [17792/60000]       0.0643              95.6900             0.1487              278            
1              [17856/60000]       0.1201              93.8500             0.2047              279            
1              [17920/60000]       0.3776              90.7800             0.2904              280            
1              [17984/60000]       0.2069              92.9200             0.2366              281            
1              [18048/60000]       0.3324              95.2300             0.1613              282            
1              [18112/60000]       0.1516              95.1600             0.1588              283            
1              [18176/60000]       0.1273              95.0800             0.1615              284            
1              [18240/60000]       0.4431              94.9200             0.1707              285            
1              [18304/60000]       0.1032              93.8500             0.1938              286            
1              [18368/60000]       0.2763              93.6400             0.2130              287            
1              [18432/60000]       0.2312              94.7600             0.1742              288            
1              [18496/60000]       0.1493              95.7800             0.1443              289            
1              [18560/60000]       0.3109              92.1200             0.2473              290            
1              [18624/60000]       0.1460              95.1600             0.1621              291            
1              [18688/60000]       0.0579              95.4700             0.1531              292            
1              [18752/60000]       0.2285              94.8300             0.1775              293            
1              [18816/60000]       0.0685              95.8700             0.1438              294            
1              [18880/60000]       0.2121              94.4200             0.1920              295            
1              [18944/60000]       0.1443              95.5100             0.1551              296            
1              [19008/60000]       0.2662              95.7400             0.1476              297            
1              [19072/60000]       0.1327              95.5500             0.1461              298            
1              [19136/60000]       0.1446              94.9100             0.1696              299            
1              [19200/60000]       0.2116              94.3600             0.1752              300            
1              [19264/60000]       0.1731              95.8500             0.1413              301            
1              [19328/60000]       0.2000              94.6500             0.1763              302            
1              [19392/60000]       0.2097              95.5200             0.1501              303            
1              [19456/60000]       0.1421              95.4700             0.1561              304            
1              [19520/60000]       0.1337              94.9800             0.1723              305            
1              [19584/60000]       0.2897              95.5700             0.1538              306            
1              [19648/60000]       0.1851              95.2200             0.1615              307            
1              [19712/60000]       0.1218              95.9800             0.1383              308            
1              [19776/60000]       0.4589              89.9900             0.3515              309            
1              [19840/60000]       0.4198              94.5500             0.1770              310            
1              [19904/60000]       0.1692              96.1900             0.1403              311            
1              [19968/60000]       0.1261              95.4300             0.1552              312            
1              [20032/60000]       0.2193              94.2900             0.1781              313            
1              [20096/60000]       0.2537              92.5200             0.2351              314            
1              [20160/60000]       0.3332              92.9900             0.2234              315            
1              [20224/60000]       0.1113              94.4800             0.1798              316            
1              [20288/60000]       0.1880              94.2900             0.1847              317            
1              [20352/60000]       0.1372              95.7800             0.1437              318            
1              [20416/60000]       0.0538              95.6500             0.1478              319            
1              [20480/60000]       0.1020              94.9500             0.1675              320            
1              [20544/60000]       0.1064              95.5000             0.1489              321            
1              [20608/60000]       0.0702              96.0600             0.1371              322            
1              [20672/60000]       0.0562              95.8400             0.1426              323            
1              [20736/60000]       0.3473              93.8800             0.2087              324            
1              [20800/60000]       0.2077              95.1200             0.1652              325            
1              [20864/60000]       0.2048              94.6900             0.1800              326            
1              [20928/60000]       0.4509              94.4800             0.1838              327            
1              [20992/60000]       0.1907              94.3400             0.1871              328            
1              [21056/60000]       0.2334              95.2100             0.1694              329            
1              [21120/60000]       0.0632              95.3800             0.1595              330            
1              [21184/60000]       0.3475              92.9200             0.2229              331            
1              [21248/60000]       0.1770              96.1300             0.1370              332            
1              [21312/60000]       0.1081              95.1100             0.1616              333            
1              [21376/60000]       0.3097              94.9000             0.1703              334            
1              [21440/60000]       0.2355              92.9800             0.2294              335            
1              [21504/60000]       0.3473              94.3700             0.1850              336            
1              [21568/60000]       0.2173              94.7200             0.1661              337            
1              [21632/60000]       0.1966              95.9300             0.1358              338            
1              [21696/60000]       0.1045              95.2000             0.1584              339            
1              [21760/60000]       0.3607              94.5500             0.1783              340            
1              [21824/60000]       0.1622              95.6000             0.1526              341            
1              [21888/60000]       0.1702              95.7300             0.1428              342            
1              [21952/60000]       0.2950              92.2900             0.2366              343            
1              [22016/60000]       0.2331              92.7300             0.2274              344            
1              [22080/60000]       0.2501              96.3000             0.1265              345            
1              [22144/60000]       0.0621              95.2500             0.1538              346            
1              [22208/60000]       0.1683              95.8500             0.1394              347            
1              [22272/60000]       0.0652              95.8200             0.1485              348            
1              [22336/60000]       0.0930              95.8300             0.1406              349            
1              [22400/60000]       0.2972              89.6100             0.3210              350            
1              [22464/60000]       0.2394              93.1000             0.2229              351            
1              [22528/60000]       0.3133              95.4900             0.1567              352            
1              [22592/60000]       0.0203              96.0500             0.1424              353            
1              [22656/60000]       0.1102              95.6100             0.1507              354            
1              [22720/60000]       0.1869              94.8500             0.1621              355            
1              [22784/60000]       0.2245              94.3600             0.1882              356            
1              [22848/60000]       0.1058              95.9300             0.1406              357            
1              [22912/60000]       0.2469              95.4100             0.1598              358            
1              [22976/60000]       0.1200              95.7100             0.1460              359            
