Current_Epoch  Batch/Total         CE_Train            Accuracy(%)         CE_TEST             Batch_Number   
0              [0/60000]           --                  9.020               2.2966              0
1              [64/60000]          2.2767              18.4300             19.3050             1              
1              [128/60000]         22.2325             32.3800             8.5058              2              
1              [192/60000]         8.8571              16.9900             17.8345             3              
1              [256/60000]         18.7292             42.3700             16.2528             4              
1              [320/60000]         16.1625             32.3300             12.9951             5              
1              [384/60000]         9.4127              23.5700             14.8117             6              
1              [448/60000]         10.9371             43.0300             13.3651             7              
1              [512/60000]         14.8558             32.8300             14.4224             8              
1              [576/60000]         17.3663             41.0500             8.8151              9              
1              [640/60000]         11.9255             51.4500             4.8564              10             
1              [704/60000]         5.0923              65.0800             2.4264              11             
1              [768/60000]         3.5243              63.5000             2.0467              12             
1              [832/60000]         2.4807              62.5800             1.7573              13             
1              [896/60000]         1.9644              71.0100             2.1985              14             
1              [960/60000]         2.1884              72.6900             1.1318              15             
1              [1024/60000]        1.0735              79.4600             0.7787              16             
1              [1088/60000]        0.4194              85.0300             0.5747              17             
1              [1152/60000]        0.4414              87.4900             0.4805              18             
1              [1216/60000]        0.4433              86.0200             0.5314              19             
1              [1280/60000]        0.5193              83.3900             0.6441              20             
1              [1344/60000]        1.2254              74.4900             0.9629              21             
1              [1408/60000]        1.2960              77.2600             1.0659              22             
1              [1472/60000]        0.9820              84.1400             0.6129              23             
1              [1536/60000]        0.5136              78.5100             0.8821              24             
1              [1600/60000]        1.2095              73.0500             1.0494              25             
1              [1664/60000]        1.6056              80.3700             0.9107              26             
1              [1728/60000]        0.8361              86.0900             0.5299              27             
1              [1792/60000]        0.8837              80.6400             0.7440              28             
1              [1856/60000]        0.7307              85.4200             0.5514              29             
1              [1920/60000]        0.5394              86.0600             0.5249              30             
1              [1984/60000]        0.2730              84.6700             0.5455              31             
1              [2048/60000]        0.3386              86.5100             0.4853              32             
1              [2112/60000]        0.8432              80.6800             0.7179              33             
1              [2176/60000]        0.6301              85.8400             0.5318              34             
1              [2240/60000]        0.5598              87.8100             0.4281              35             
1              [2304/60000]        0.4589              86.9100             0.4538              36             
1              [2368/60000]        0.2953              86.3900             0.4857              37             
1              [2432/60000]        0.6643              84.3800             0.5371              38             
1              [2496/60000]        0.8350              85.1600             0.5493              39             
1              [2560/60000]        0.5539              83.9200             0.5495              40             
1              [2624/60000]        0.8801              79.7900             0.7686              41             
1              [2688/60000]        0.6290              84.0000             0.6238              42             
1              [2752/60000]        0.6598              80.1900             0.7825              43             
1              [2816/60000]        0.9259              70.4500             1.4832              44             
1              [2880/60000]        1.6813              72.2700             1.4874              45             
1              [2944/60000]        1.4646              85.1500             0.5357              46             
1              [3008/60000]        0.9039              82.7500             0.7221              47             
1              [3072/60000]        0.5561              88.3400             0.4481              48             
1              [3136/60000]        0.3346              88.0800             0.4436              49             
1              [3200/60000]        0.3447              89.5600             0.3959              50             
1              [3264/60000]        0.5989              83.2600             0.6137              51             
1              [3328/60000]        0.6665              82.7800             0.6365              52             
1              [3392/60000]        0.4499              82.6400             0.6282              53             
1              [3456/60000]        0.7449              86.8300             0.4830              54             
1              [3520/60000]        0.4553              84.4400             0.5279              55             
1              [3584/60000]        0.6051              75.1200             1.1521              56             
1              [3648/60000]        1.2958              73.1200             1.0761              57             
1              [3712/60000]        1.5754              77.3000             1.3619              58             
1              [3776/60000]        0.8839              74.3200             1.1264              59             
1              [3840/60000]        1.0878              79.0400             1.0752              60             
1              [3904/60000]        1.3673              76.3900             0.8317              61             
1              [3968/60000]        0.7386              86.4600             0.4788              62             
1              [4032/60000]        0.8402              81.9500             0.6376              63             
1              [4096/60000]        0.6926              85.3500             0.5337              64             
1              [4160/60000]        0.3432              91.3000             0.3011              65             
1              [4224/60000]        0.3857              86.5100             0.4448              66             
1              [4288/60000]        0.6512              76.1900             0.7412              67             
1              [4352/60000]        0.6445              89.5100             0.3430              68             
1              [4416/60000]        0.7629              90.8100             0.3211              69             
1              [4480/60000]        0.3919              88.4700             0.3659              70             
1              [4544/60000]        0.1977              88.7800             0.3867              71             
1              [4608/60000]        0.1686              91.4700             0.2933              72             
1              [4672/60000]        0.4219              85.1400             0.4923              73             
1              [4736/60000]        0.2452              89.6200             0.3566              74             
1              [4800/60000]        0.3558              89.6500             0.3517              75             
1              [4864/60000]        0.2938              91.3700             0.2907              76             
1              [4928/60000]        0.2991              90.3200             0.3315              77             
1              [4992/60000]        0.1636              90.4400             0.3253              78             
1              [5056/60000]        0.1378              91.8500             0.2782              79             
1              [5120/60000]        0.5546              87.2900             0.4656              80             
1              [5184/60000]        0.4218              88.8600             0.3834              81             
1              [5248/60000]        0.1293              88.1300             0.3952              82             
1              [5312/60000]        0.1396              91.6800             0.2773              83             
1              [5376/60000]        0.3308              88.5400             0.3967              84             
1              [5440/60000]        0.3048              88.7700             0.3890              85             
1              [5504/60000]        0.3468              86.0300             0.4791              86             
1              [5568/60000]        0.4847              88.7600             0.3688              87             
1              [5632/60000]        0.2876              88.9000             0.3585              88             
1              [5696/60000]        0.3955              89.0200             0.3565              89             
1              [5760/60000]        0.1656              89.9700             0.3431              90             
1              [5824/60000]        0.3709              85.5500             0.4996              91             
1              [5888/60000]        0.6120              77.9300             0.9690              92             
1              [5952/60000]        1.0664              65.5800             1.5894              93             
1              [6016/60000]        1.9902              83.3800             1.3419              94             
1              [6080/60000]        1.7082              84.3000             0.5427              95             
1              [6144/60000]        0.4390              86.8900             0.4437              96             
1              [6208/60000]        0.4383              91.8000             0.2905              97             
1              [6272/60000]        0.2634              90.8100             0.3015              98             
1              [6336/60000]        0.2150              90.8700             0.2983              99             
1              [6400/60000]        0.2382              90.9800             0.2904              100            
1              [6464/60000]        0.2782              90.8300             0.3015              101            
1              [6528/60000]        0.1982              88.6600             0.3925              102            
1              [6592/60000]        0.3669              86.3500             0.4846              103            
1              [6656/60000]        0.4030              89.0600             0.3440              104            
1              [6720/60000]        0.3340              91.4600             0.2883              105            
1              [6784/60000]        0.2926              88.0500             0.3889              106            
1              [6848/60000]        0.1655              90.8300             0.3029              107            
1              [6912/60000]        0.3425              90.7300             0.2993              108            
1              [6976/60000]        0.3461              90.7000             0.3095              109            
1              [7040/60000]        0.2497              91.6100             0.2693              110            
1              [7104/60000]        0.1180              91.9400             0.2788              111            
1              [7168/60000]        0.1209              92.5000             0.2458              112            
1              [7232/60000]        0.5652              82.0200             0.6282              113            
1              [7296/60000]        0.7138              91.4500             0.2761              114            
1              [7360/60000]        0.1732              92.7900             0.2404              115            
1              [7424/60000]        0.2913              92.0900             0.2477              116            
1              [7488/60000]        0.2289              91.7000             0.2718              117            
1              [7552/60000]        0.1637              92.7300             0.2417              118            
1              [7616/60000]        0.2814              92.2500             0.2620              119            
1              [7680/60000]        0.2165              88.0300             0.3867              120            
1              [7744/60000]        0.4351              90.1600             0.3129              121            
1              [7808/60000]        0.3502              92.2000             0.2591              122            
1              [7872/60000]        0.2040              91.0300             0.3078              123            
1              [7936/60000]        0.3750              91.8300             0.2700              124            
1              [8000/60000]        0.2790              92.3200             0.2557              125            
1              [8064/60000]        0.1560              90.8900             0.2910              126            
1              [8128/60000]        0.4306              92.8100             0.2371              127            
1              [8192/60000]        0.1895              93.2300             0.2236              128            
1              [8256/60000]        0.1089              94.0500             0.2057              129            
1              [8320/60000]        0.1258              93.9300             0.2091              130            
1              [8384/60000]        0.1656              93.8300             0.2172              131            
1              [8448/60000]        0.2948              93.7500             0.2148              132            
1              [8512/60000]        0.1127              92.9800             0.2301              133            
1              [8576/60000]        0.1527              93.2500             0.2187              134            
1              [8640/60000]        0.1045              93.5800             0.2106              135            
1              [8704/60000]        0.2294              93.0400             0.2331              136            
1              [8768/60000]        0.1879              92.7000             0.2362              137            
1              [8832/60000]        0.3984              90.1200             0.3166              138            
1              [8896/60000]        0.3486              90.9500             0.3045              139            
1              [8960/60000]        0.4597              90.8000             0.2993              140            
1              [9024/60000]        0.4541              89.6800             0.3170              141            
1              [9088/60000]        0.2633              87.8400             0.3845              142            
1              [9152/60000]        0.5376              91.5100             0.2809              143            
1              [9216/60000]        0.1443              93.0800             0.2360              144            
1              [9280/60000]        0.2308              93.6700             0.2019              145            
1              [9344/60000]        0.1829              94.2200             0.1934              146            
1              [9408/60000]        0.1608              91.7600             0.2706              147            
1              [9472/60000]        0.1019              92.8400             0.2367              148            
1              [9536/60000]        0.2928              93.1200             0.2188              149            
1              [9600/60000]        0.3077              89.0500             0.3654              150            
1              [9664/60000]        0.2059              93.4200             0.2127              151            
1              [9728/60000]        0.3093              90.3200             0.3317              152            
1              [9792/60000]        0.5331              87.0900             0.4300              153            
1              [9856/60000]        0.4045              91.5300             0.2650              154            
1              [9920/60000]        0.3209              93.6700             0.2122              155            
1              [9984/60000]        0.1764              94.0600             0.1986              156            
1              [10048/60000]       0.2982              93.8100             0.2024              157            
1              [10112/60000]       0.2527              94.3300             0.1892              158            
1              [10176/60000]       0.2412              92.2100             0.2363              159            
1              [10240/60000]       0.1439              94.1900             0.1829              160            
1              [10304/60000]       0.2424              93.2200             0.2123              161            
1              [10368/60000]       0.3293              93.1000             0.2293              162            
1              [10432/60000]       0.1598              94.2600             0.1879              163            
1              [10496/60000]       0.2470              94.2100             0.1931              164            
1              [10560/60000]       0.0822              94.9100             0.1699              165            
1              [10624/60000]       0.2524              93.7400             0.2058              166            
1              [10688/60000]       0.1872              93.0300             0.2217              167            
1              [10752/60000]       0.1614              94.3700             0.1801              168            
1              [10816/60000]       0.1621              94.0400             0.1944              169            
1              [10880/60000]       0.1770              94.7200             0.1750              170            
1              [10944/60000]       0.0907              94.0600             0.1938              171            
1              [11008/60000]       0.3592              94.5100             0.1837              172            
1              [11072/60000]       0.4507              89.2900             0.3311              173            
1              [11136/60000]       0.5868              90.2700             0.2944              174            
1              [11200/60000]       0.4280              93.4700             0.2022              175            
1              [11264/60000]       0.1174              95.2400             0.1648              176            
1              [11328/60000]       0.1511              93.1100             0.2294              177            
1              [11392/60000]       0.1052              94.7800             0.1735              178            
1              [11456/60000]       0.2934              94.3100             0.1906              179            
1              [11520/60000]       0.1927              92.7600             0.2274              180            
1              [11584/60000]       0.1355              95.0900             0.1743              181            
1              [11648/60000]       0.2053              93.8400             0.2172              182            
1              [11712/60000]       0.1661              94.5000             0.1788              183            
1              [11776/60000]       0.2153              94.8400             0.1723              184            
1              [11840/60000]       0.1723              94.2800             0.1920              185            
1              [11904/60000]       0.2656              94.5400             0.1833              186            
1              [11968/60000]       0.0993              94.7300             0.1777              187            
1              [12032/60000]       0.1267              94.8200             0.1746              188            
1              [12096/60000]       0.0826              93.8000             0.2067              189            
1              [12160/60000]       0.1856              93.3000             0.2267              190            
1              [12224/60000]       0.1941              94.3600             0.1829              191            
1              [12288/60000]       0.1356              93.7200             0.2082              192            
1              [12352/60000]       0.1935              95.1200             0.1619              193            
1              [12416/60000]       0.1646              94.6200             0.1741              194            
1              [12480/60000]       0.3081              94.1200             0.1935              195            
1              [12544/60000]       0.1314              94.5700             0.1729              196            
1              [12608/60000]       0.2219              92.9200             0.2207              197            
1              [12672/60000]       0.1278              94.3600             0.1806              198            
1              [12736/60000]       0.0624              95.1500             0.1577              199            
1              [12800/60000]       0.1866              95.3200             0.1646              200            
1              [12864/60000]       0.0960              94.9500             0.1663              201            
1              [12928/60000]       0.0570              95.2100             0.1614              202            
1              [12992/60000]       0.1631              94.7900             0.1708              203            
1              [13056/60000]       0.4279              93.6000             0.2035              204            
1              [13120/60000]       0.1855              94.7400             0.1803              205            
1              [13184/60000]       0.1576              94.6000             0.1779              206            
1              [13248/60000]       0.2616              94.5400             0.1840              207            
1              [13312/60000]       0.1713              94.3000             0.1883              208            
1              [13376/60000]       0.3252              93.5100             0.2230              209            
1              [13440/60000]       0.1345              95.1700             0.1625              210            
1              [13504/60000]       0.0758              95.0700             0.1668              211            
1              [13568/60000]       0.2782              94.4500             0.1803              212            
1              [13632/60000]       0.2962              92.0100             0.2592              213            
1              [13696/60000]       0.2618              93.6100             0.2034              214            
1              [13760/60000]       0.1526              93.6300             0.2074              215            
1              [13824/60000]       0.3015              90.1200             0.3173              216            
1              [13888/60000]       0.5172              91.4000             0.2626              217            
1              [13952/60000]       0.4937              93.7500             0.2012              218            
1              [14016/60000]       0.1681              92.8900             0.2427              219            
1              [14080/60000]       0.4184              94.5800             0.1767              220            
1              [14144/60000]       0.2473              94.3600             0.1799              221            
1              [14208/60000]       0.1228              94.4000             0.1827              222            
1              [14272/60000]       0.1002              94.6400             0.1855              223            
1              [14336/60000]       0.3424              92.1400             0.2445              224            
1              [14400/60000]       0.2886              93.0000             0.2213              225            
1              [14464/60000]       0.1075              94.6900             0.1769              226            
1              [14528/60000]       0.0425              95.3400             0.1596              227            
1              [14592/60000]       0.4301              86.6500             0.4005              228            
1              [14656/60000]       0.2879              94.6400             0.1771              229            
1              [14720/60000]       0.1479              94.5900             0.1826              230            
1              [14784/60000]       0.3040              93.2600             0.2081              231            
1              [14848/60000]       0.1738              95.6000             0.1476              232            
1              [14912/60000]       0.1820              95.4400             0.1508              233            
1              [14976/60000]       0.2056              94.6000             0.1735              234            
1              [15040/60000]       0.0550              95.7300             0.1424              235            
1              [15104/60000]       0.1751              94.3300             0.1812              236            
1              [15168/60000]       0.2848              94.6900             0.1667              237            
1              [15232/60000]       0.1018              95.3400             0.1496              238            
1              [15296/60000]       0.1575              95.5300             0.1484              239            
1              [15360/60000]       0.0672              94.9100             0.1668              240            
1              [15424/60000]       0.1199              95.0700             0.1551              241            
1              [15488/60000]       0.1081              94.7300             0.1668              242            
1              [15552/60000]       0.1469              94.7400             0.1689              243            
1              [15616/60000]       0.1286              95.0500             0.1586              244            
1              [15680/60000]       0.2355              95.6200             0.1482              245            
1              [15744/60000]       0.0975              95.1500             0.1578              246            
1              [15808/60000]       0.1436              94.1500             0.1935              247            
1              [15872/60000]       0.4163              93.6800             0.2142              248            
1              [15936/60000]       0.1655              95.5200             0.1473              249            
1              [16000/60000]       0.2234              94.7000             0.1728              250            
1              [16064/60000]       0.2451              95.5800             0.1406              251            
1              [16128/60000]       0.1830              94.3900             0.1905              252            
1              [16192/60000]       0.2178              94.4600             0.1843              253            
1              [16256/60000]       0.1658              95.8400             0.1415              254            
1              [16320/60000]       0.1133              95.4800             0.1527              255            
1              [16384/60000]       0.2583              94.3100             0.1809              256            
1              [16448/60000]       0.2466              95.8300             0.1379              257            
1              [16512/60000]       0.2687              94.7600             0.1828              258            
1              [16576/60000]       0.0676              95.3500             0.1553              259            
1              [16640/60000]       0.2906              90.7400             0.2920              260            
1              [16704/60000]       0.4692              93.7500             0.1913              261            
1              [16768/60000]       0.2508              95.6700             0.1535              262            
1              [16832/60000]       0.1838              94.6200             0.1756              263            
1              [16896/60000]       0.0292              95.1500             0.1591              264            
1              [16960/60000]       0.1659              92.7500             0.2206              265            
1              [17024/60000]       0.1865              95.3500             0.1542              266            
1              [17088/60000]       0.3041              95.0200             0.1679              267            
1              [17152/60000]       0.1507              95.1100             0.1613              268            
1              [17216/60000]       0.1164              94.3800             0.1744              269            
1              [17280/60000]       0.2757              95.3400             0.1622              270            
1              [17344/60000]       0.0668              95.8600             0.1346              271            
1              [17408/60000]       0.1290              95.5200             0.1487              272            
1              [17472/60000]       0.0916              95.1400             0.1663              273            
1              [17536/60000]       0.0910              95.2800             0.1526              274            
1              [17600/60000]       0.2684              95.7700             0.1396              275            
1              [17664/60000]       0.1457              96.1000             0.1277              276            
1              [17728/60000]       0.0502              95.9900             0.1308              277            
1              [17792/60000]       0.1549              94.6100             0.1723              278            
1              [17856/60000]       0.2162              93.8500             0.2023              279            
1              [17920/60000]       0.2891              95.2400             0.1490              280            
1              [17984/60000]       0.1367              95.7600             0.1413              281            
1              [18048/60000]       0.1442              94.8700             0.1593              282            
1              [18112/60000]       0.1672              95.3100             0.1561              283            
1              [18176/60000]       0.1322              94.4600             0.1720              284            
1              [18240/60000]       0.2141              93.3600             0.2232              285            
1              [18304/60000]       0.2550              95.0900             0.1651              286            
1              [18368/60000]       0.2602              94.7700             0.1759              287            
1              [18432/60000]       0.3690              94.3100             0.1778              288            
1              [18496/60000]       0.2545              94.0100             0.1915              289            
1              [18560/60000]       0.3564              92.9900             0.2203              290            
1              [18624/60000]       0.1967              94.6900             0.1714              291            
1              [18688/60000]       0.2174              94.0500             0.1996              292            
1              [18752/60000]       0.3219              93.8700             0.2025              293            
1              [18816/60000]       0.1591              94.6400             0.1736              294            
1              [18880/60000]       0.2760              93.9500             0.1934              295            
1              [18944/60000]       0.1408              95.8900             0.1367              296            
1              [19008/60000]       0.2476              94.3500             0.1660              297            
1              [19072/60000]       0.1564              95.0500             0.1630              298            
1              [19136/60000]       0.1311              92.7900             0.2124              299            
1              [19200/60000]       0.1106              95.9600             0.1355              300            
1              [19264/60000]       0.3218              95.3300             0.1629              301            
1              [19328/60000]       0.1323              95.4700             0.1455              302            
1              [19392/60000]       0.1535              94.4800             0.1794              303            
1              [19456/60000]       0.1550              95.7000             0.1449              304            
1              [19520/60000]       0.1769              95.9200             0.1354              305            
1              [19584/60000]       0.1330              96.5000             0.1178              306            
1              [19648/60000]       0.0893              96.3500             0.1187              307            
1              [19712/60000]       0.0804              95.7600             0.1409              308            
1              [19776/60000]       0.2315              93.2700             0.2177              309            
1              [19840/60000]       0.1440              91.6900             0.2555              310            
1              [19904/60000]       0.0912              94.2700             0.1805              311            
1              [19968/60000]       0.1091              96.1300             0.1307              312            
1              [20032/60000]       0.3176              95.5400             0.1426              313            
1              [20096/60000]       0.2253              94.4200             0.1757              314            
1              [20160/60000]       0.1917              95.5600             0.1432              315            
1              [20224/60000]       0.0394              96.1900             0.1249              316            
1              [20288/60000]       0.1561              94.5400             0.1651              317            
1              [20352/60000]       0.1548              95.5200             0.1458              318            
1              [20416/60000]       0.1551              94.8400             0.1633              319            
1              [20480/60000]       0.1179              96.0800             0.1283              320            
1              [20544/60000]       0.0989              96.0200             0.1358              321            
1              [20608/60000]       0.0680              96.1800             0.1339              322            
1              [20672/60000]       0.1913              93.8500             0.1984              323            
1              [20736/60000]       0.2696              94.5300             0.1694              324            
1              [20800/60000]       0.1337              95.1900             0.1537              325            
1              [20864/60000]       0.0278              95.2300             0.1550              326            
1              [20928/60000]       0.2498              94.7500             0.1691              327            
1              [20992/60000]       0.1419              94.4800             0.1742              328            
1              [21056/60000]       0.0584              95.3600             0.1572              329            
1              [21120/60000]       0.1880              95.7800             0.1407              330            
1              [21184/60000]       0.2140              95.2300             0.1590              331            
1              [21248/60000]       0.3096              94.5800             0.1704              332            
1              [21312/60000]       0.1477              96.1000             0.1301              333            
1              [21376/60000]       0.1486              95.8500             0.1412              334            
1              [21440/60000]       0.1566              95.3200             0.1496              335            
1              [21504/60000]       0.0718              95.5400             0.1456              336            
1              [21568/60000]       0.1528              95.9000             0.1371              337            
1              [21632/60000]       0.0947              95.6400             0.1469              338            
1              [21696/60000]       0.1706              95.3100             0.1485              339            
1              [21760/60000]       0.0957              95.8100             0.1333              340            
1              [21824/60000]       0.1484              95.7400             0.1405              341            
1              [21888/60000]       0.0929              95.4500             0.1481              342            
1              [21952/60000]       0.2450              96.2900             0.1312              343            
1              [22016/60000]       0.1373              95.3200             0.1611              344            
1              [22080/60000]       0.1355              95.3200             0.1531              345            
1              [22144/60000]       0.2896              95.7000             0.1470              346            
1              [22208/60000]       0.2374              93.9300             0.1957              347            
1              [22272/60000]       0.0437              96.4000             0.1317              348            
1              [22336/60000]       0.1664              95.3800             0.1533              349            
1              [22400/60000]       0.1521              95.1000             0.1570              350            
1              [22464/60000]       0.0554              95.2400             0.1524              351            
1              [22528/60000]       0.1494              94.1900             0.1847              352            
1              [22592/60000]       0.1752              95.0200             0.1689              353            
1              [22656/60000]       0.1008              93.9700             0.2157              354            
1              [22720/60000]       0.1506              95.4600             0.1461              355            
1              [22784/60000]       0.0601              95.5700             0.1436              356            
1              [22848/60000]       0.0576              94.4700             0.1766              357            
1              [22912/60000]       0.1079              92.6600             0.2177              358            
1              [22976/60000]       0.0895              95.3600             0.1484              359            
1              [23040/60000]       0.2483              93.9300             0.1914              360            
1              [23104/60000]       0.1532              94.1300             0.1786              361            
1              [23168/60000]       0.0962              95.1200             0.1505              362            
1              [23232/60000]       0.1730              95.4500             0.1522              363            
1              [23296/60000]       0.2558              95.1600             0.1595              364            
1              [23360/60000]       0.1113              94.4400             0.1841              365            
1              [23424/60000]       0.0607              95.7900             0.1313              366            
1              [23488/60000]       0.4597              95.3800             0.1507              367            
1              [23552/60000]       0.1540              95.8200             0.1375              368            
1              [23616/60000]       0.0664              95.6200             0.1479              369            
1              [23680/60000]       0.3440              93.5600             0.1943              370            
1              [23744/60000]       0.2332              93.3000             0.2099              371            
1              [23808/60000]       0.6374              90.0500             0.3048              372            
1              [23872/60000]       0.2047              95.4900             0.1435              373            
1              [23936/60000]       0.3085              95.2700             0.1510              374            
1              [24000/60000]       0.0579              96.1600             0.1236              375            
1              [24064/60000]       0.0895              95.0300             0.1626              376            
1              [24128/60000]       0.3262              94.4700             0.1793              377            
1              [24192/60000]       0.1108              95.6600             0.1379              378            
1              [24256/60000]       0.2488              95.9700             0.1334              379            
