Current_Epoch  Batch/Total         CE_Train            Accuracy(%)         CE_TEST             Batch_Number   
0              [0/50000]           --                  9.020               2.3277              0
1              [64/50000]          2.3675              17.9400             2.3452              1              
1              [128/50000]         2.2884              20.3200             2.5561              2              
1              [192/50000]         2.5236              20.8300             2.5026              3              
1              [256/50000]         2.4713              22.8300             2.3655              4              
1              [320/50000]         2.0969              23.0800             2.4215              5              
1              [384/50000]         2.6692              23.0300             2.4461              6              
1              [448/50000]         2.7056              22.6700             2.4052              7              
1              [512/50000]         2.5292              23.3700             2.5374              8              
1              [576/50000]         2.7132              22.7400             2.2139              9              
1              [640/50000]         2.4146              21.0800             2.7051              10             
1              [704/50000]         2.5529              24.2100             2.3433              11             
1              [768/50000]         2.5152              21.8200             2.4667              12             
1              [832/50000]         2.3512              22.8700             2.5094              13             
1              [896/50000]         2.7622              23.1200             2.4465              14             
1              [960/50000]         2.4790              25.8000             2.2182              15             
1              [1024/50000]        2.1632              25.1600             2.3428              16             
1              [1088/50000]        2.1541              25.3900             2.3181              17             
1              [1152/50000]        2.3199              23.9800             2.6241              18             
1              [1216/50000]        2.7728              26.3400             2.4017              19             
1              [1280/50000]        2.2220              26.8100             2.2305              20             
1              [1344/50000]        2.3657              26.7300             2.2481              21             
1              [1408/50000]        2.3122              22.3200             2.6195              22             
1              [1472/50000]        2.6150              25.6900             2.4242              23             
1              [1536/50000]        2.1995              28.4100             2.2905              24             
1              [1600/50000]        2.3233              29.0200             2.1338              25             
1              [1664/50000]        1.9666              27.4400             2.2307              26             
1              [1728/50000]        2.4634              28.6200             2.1805              27             
1              [1792/50000]        1.8719              27.8600             2.2597              28             
1              [1856/50000]        2.2748              27.3900             2.3880              29             
1              [1920/50000]        2.4189              28.8500             2.2027              30             
1              [1984/50000]        2.2152              29.4800             2.1610              31             
1              [2048/50000]        2.3670              24.9500             2.3737              32             
1              [2112/50000]        2.1868              29.3900             2.1501              33             
1              [2176/50000]        2.0653              27.9100             2.2500              34             
1              [2240/50000]        2.2365              30.3300             2.1850              35             
1              [2304/50000]        2.1242              28.0600             2.2179              36             
1              [2368/50000]        2.6721              26.8000             2.4023              37             
1              [2432/50000]        2.5664              29.0800             2.2256              38             
1              [2496/50000]        2.3490              27.5600             2.2629              39             
1              [2560/50000]        2.1105              27.4800             2.3247              40             
1              [2624/50000]        2.3645              27.3100             2.2869              41             
1              [2688/50000]        2.2536              29.3500             2.2507              42             
1              [2752/50000]        2.2558              25.7000             2.3245              43             
1              [2816/50000]        2.5185              29.2200             2.0976              44             
1              [2880/50000]        2.1634              25.1800             2.2538              45             
1              [2944/50000]        2.1692              27.3100             2.3176              46             
1              [3008/50000]        2.3215              27.7400             2.2209              47             
1              [3072/50000]        2.1978              29.8100             2.1579              48             
1              [3136/50000]        2.1991              28.8500             2.1205              49             
1              [3200/50000]        2.1521              31.2500             2.0625              50             
1              [3264/50000]        2.1166              30.2000             2.0842              51             
1              [3328/50000]        1.8751              30.1500             2.0757              52             
1              [3392/50000]        2.1367              29.1600             2.2396              53             
1              [3456/50000]        2.1396              30.3000             2.1116              54             
1              [3520/50000]        2.0840              27.4100             2.2848              55             
1              [3584/50000]        2.5736              28.1300             2.2573              56             
1              [3648/50000]        2.4375              26.7400             2.4110              57             
1              [3712/50000]        2.4742              30.0900             2.1022              58             
1              [3776/50000]        2.2196              30.2200             2.0935              59             
1              [3840/50000]        2.2298              27.0700             2.2745              60             
1              [3904/50000]        2.1869              28.0200             2.3104              61             
1              [3968/50000]        1.9650              27.8300             2.2842              62             
1              [4032/50000]        1.6589              30.4000             2.2908              63             
1              [4096/50000]        2.3625              27.8800             2.1937              64             
1              [4160/50000]        2.0902              28.3300             2.1615              65             
1              [4224/50000]        2.1503              28.3300             2.1237              66             
1              [4288/50000]        2.0443              30.4400             2.1570              67             
1              [4352/50000]        2.5799              29.0100             2.1209              68             
1              [4416/50000]        2.0277              30.3400             2.2002              69             
1              [4480/50000]        2.4314              29.6000             2.1446              70             
1              [4544/50000]        2.3392              28.1600             2.3260              71             
1              [4608/50000]        2.2976              30.8200             2.1672              72             
1              [4672/50000]        2.0553              30.4500             2.2160              73             
1              [4736/50000]        1.9841              31.6700             2.0881              74             
1              [4800/50000]        2.1844              31.9300             2.1031              75             
1              [4864/50000]        2.1158              32.0000             2.0628              76             
1              [4928/50000]        1.9009              30.5500             2.1511              77             
1              [4992/50000]        2.3453              31.2700             2.0762              78             
1              [5056/50000]        1.8425              32.2900             2.0304              79             
1              [5120/50000]        1.8908              31.2700             2.0985              80             
1              [5184/50000]        2.0947              31.2100             2.1919              81             
1              [5248/50000]        2.3902              28.4200             2.3537              82             
1              [5312/50000]        2.4482              32.0600             2.1050              83             
1              [5376/50000]        2.0337              31.3000             2.1657              84             
1              [5440/50000]        2.1722              31.3600             2.0809              85             
1              [5504/50000]        2.1561              30.4000             2.0977              86             
1              [5568/50000]        2.1594              32.4800             2.0299              87             
1              [5632/50000]        1.9282              32.6800             2.0869              88             
1              [5696/50000]        1.9340              29.3800             2.1822              89             
1              [5760/50000]        1.9316              30.8100             2.2567              90             
1              [5824/50000]        2.1150              31.5400             2.1664              91             
1              [5888/50000]        2.2835              31.3400             2.3142              92             
1              [5952/50000]        2.0992              33.7000             2.0474              93             
1              [6016/50000]        2.0538              34.4600             2.0797              94             
1              [6080/50000]        1.7015              33.3400             2.1096              95             
1              [6144/50000]        2.6574              32.2600             2.1604              96             
1              [6208/50000]        2.0441              32.0800             2.1079              97             
1              [6272/50000]        1.6168              32.7700             2.0499              98             
1              [6336/50000]        1.9424              29.2200             2.3882              99             
1              [6400/50000]        2.0465              30.2600             2.1730              100            
1              [6464/50000]        2.2493              32.6800             2.0741              101            
1              [6528/50000]        2.1238              29.4100             2.2469              102            
1              [6592/50000]        2.2095              33.9900             2.0588              103            
1              [6656/50000]        2.3310              30.8100             2.0806              104            
1              [6720/50000]        1.6517              31.8100             2.1430              105            
1              [6784/50000]        1.9731              31.9400             2.1635              106            
1              [6848/50000]        2.3093              32.1700             2.1111              107            
1              [6912/50000]        1.7681              31.9500             2.1178              108            
1              [6976/50000]        1.7295              34.4600             2.0908              109            
1              [7040/50000]        2.5860              30.1700             2.1550              110            
1              [7104/50000]        2.2782              30.9000             2.2720              111            
1              [7168/50000]        2.5280              30.6600             2.1588              112            
1              [7232/50000]        1.9635              31.5500             2.0874              113            
1              [7296/50000]        2.2829              30.5100             2.2062              114            
1              [7360/50000]        1.7935              32.0700             2.0928              115            
1              [7424/50000]        2.0839              30.1400             2.2215              116            
1              [7488/50000]        2.4181              30.6100             2.3968              117            
1              [7552/50000]        2.5729              30.8100             2.2235              118            
1              [7616/50000]        2.3855              31.0500             2.0676              119            
1              [7680/50000]        2.0554              29.6600             2.2121              120            
1              [7744/50000]        2.4122              28.0300             2.3252              121            
1              [7808/50000]        2.4087              30.5700             2.0849              122            
1              [7872/50000]        1.8887              32.7100             2.1020              123            
1              [7936/50000]        2.0551              31.6700             2.1206              124            
1              [8000/50000]        1.7042              32.7400             2.0222              125            
1              [8064/50000]        2.0947              30.2400             2.2724              126            
1              [8128/50000]        2.1026              31.7200             2.1126              127            
1              [8192/50000]        2.2920              32.2200             2.0410              128            
1              [8256/50000]        2.1444              31.6200             2.0900              129            
1              [8320/50000]        1.8763              30.4000             2.1185              130            
1              [8384/50000]        2.4884              28.1300             2.4668              131            
1              [8448/50000]        2.6078              28.4300             2.2688              132            
1              [8512/50000]        2.1696              33.2400             2.0448              133            
1              [8576/50000]        1.7885              32.7400             2.1117              134            
1              [8640/50000]        1.9346              33.5400             2.0505              135            
1              [8704/50000]        2.1256              30.6900             2.0715              136            
1              [8768/50000]        2.1630              30.1700             2.2131              137            
1              [8832/50000]        2.1178              29.8600             2.1282              138            
1              [8896/50000]        2.0214              32.4300             2.2313              139            
1              [8960/50000]        2.1467              31.7500             2.1257              140            
1              [9024/50000]        2.1800              31.0900             2.1743              141            
1              [9088/50000]        2.3049              33.1200             2.0229              142            
1              [9152/50000]        1.9439              31.4700             2.1277              143            
1              [9216/50000]        1.7664              33.9400             2.0841              144            
1              [9280/50000]        2.1446              32.6300             2.0865              145            
1              [9344/50000]        1.9673              32.6700             2.0551              146            
1              [9408/50000]        1.9483              30.2700             2.1511              147            
1              [9472/50000]        2.3035              33.8900             1.9866              148            
1              [9536/50000]        2.3952              29.5600             2.2626              149            
1              [9600/50000]        2.3395              29.1300             2.3294              150            
1              [9664/50000]        2.0798              33.1900             2.0304              151            
1              [9728/50000]        1.9889              32.7800             1.9918              152            
1              [9792/50000]        1.7732              32.2800             2.1301              153            
1              [9856/50000]        1.9941              34.2400             2.0421              154            
1              [9920/50000]        2.3688              28.2200             2.1727              155            
1              [9984/50000]        2.2294              34.5200             1.9787              156            
1              [10048/50000]       2.1602              33.4300             2.1088              157            
1              [10112/50000]       2.3013              32.7600             2.0667              158            
1              [10176/50000]       2.0449              32.2900             2.0687              159            
1              [10240/50000]       1.8347              33.6100             1.9898              160            
1              [10304/50000]       1.7124              30.5600             2.2122              161            
1              [10368/50000]       2.1853              31.8400             2.2318              162            
1              [10432/50000]       2.4756              25.6300             2.3692              163            
1              [10496/50000]       2.0805              31.3000             2.0861              164            
1              [10560/50000]       2.4640              32.1800             2.1099              165            
1              [10624/50000]       2.4689              30.0800             2.2951              166            
1              [10688/50000]       1.8182              33.2500             2.0289              167            
1              [10752/50000]       2.0010              32.0400             2.0848              168            
1              [10816/50000]       2.0406              30.3500             2.0979              169            
1              [10880/50000]       2.4247              29.7100             2.2721              170            
1              [10944/50000]       2.5164              31.7200             2.1209              171            
1              [11008/50000]       2.1346              33.9200             1.9801              172            
1              [11072/50000]       2.1527              32.5000             2.0975              173            
1              [11136/50000]       2.3909              31.8700             2.1027              174            
1              [11200/50000]       1.9957              31.3400             2.1725              175            
1              [11264/50000]       2.1859              33.0100             2.1055              176            
1              [11328/50000]       1.9866              28.2600             2.2160              177            
1              [11392/50000]       2.1409              33.6700             2.0072              178            
1              [11456/50000]       2.2458              27.6900             2.4187              179            
1              [11520/50000]       2.7655              31.2500             2.2794              180            
1              [11584/50000]       2.1015              30.7200             2.2787              181            
1              [11648/50000]       1.9824              31.9500             2.1878              182            
1              [11712/50000]       2.4604              31.7300             2.0864              183            
1              [11776/50000]       2.1968              33.2600             2.0841              184            
1              [11840/50000]       2.2774              29.5200             2.1700              185            
1              [11904/50000]       2.4182              29.7400             2.2133              186            
1              [11968/50000]       2.0198              31.1500             2.1319              187            
1              [12032/50000]       1.9429              32.2100             2.0356              188            
1              [12096/50000]       2.0846              28.4300             2.3264              189            
1              [12160/50000]       2.3558              33.9100             2.0240              190            
1              [12224/50000]       1.9736              32.8700             2.1147              191            
1              [12288/50000]       2.4950              28.6900             2.1832              192            
1              [12352/50000]       2.2272              33.0200             2.0262              193            
1              [12416/50000]       2.0640              33.9000             1.9776              194            
1              [12480/50000]       1.9382              30.9700             2.2758              195            
1              [12544/50000]       2.1849              31.2400             2.0617              196            
1              [12608/50000]       2.0866              31.3600             2.0829              197            
1              [12672/50000]       2.3915              30.7000             2.1657              198            
1              [12736/50000]       2.1711              29.7000             2.2505              199            
1              [12800/50000]       2.5053              30.3700             2.1304              200            
1              [12864/50000]       2.4546              30.5900             2.0594              201            
1              [12928/50000]       2.5437              29.3900             2.1571              202            
1              [12992/50000]       1.9109              32.1900             2.0082              203            
1              [13056/50000]       1.9355              30.8200             2.0800              204            
1              [13120/50000]       2.0600              29.3100             2.1202              205            
1              [13184/50000]       1.9859              33.1000             2.0077              206            
1              [13248/50000]       2.2697              29.4500             2.1973              207            
1              [13312/50000]       2.2542              33.2300             2.0097              208            
1              [13376/50000]       1.8817              33.1200             1.9677              209            
1              [13440/50000]       1.9865              29.9900             2.1971              210            
1              [13504/50000]       2.0752              34.2100             2.0577              211            
1              [13568/50000]       1.7693              31.8500             2.1736              212            
1              [13632/50000]       2.1462              33.0200             2.1755              213            
1              [13696/50000]       2.1940              33.1900             2.1541              214            
1              [13760/50000]       1.9132              35.4400             1.9639              215            
1              [13824/50000]       1.9906              33.3000             1.9974              216            
1              [13888/50000]       2.3642              32.6300             2.0690              217            
1              [13952/50000]       2.0214              31.0600             2.1134              218            
1              [14016/50000]       1.9597              32.7300             1.9802              219            
1              [14080/50000]       2.2068              31.7200             2.0219              220            
1              [14144/50000]       2.1839              29.9100             2.2599              221            
1              [14208/50000]       2.1428              31.7100             2.1118              222            
1              [14272/50000]       2.2544              32.8100             2.0907              223            
1              [14336/50000]       2.0294              32.1100             2.0206              224            
1              [14400/50000]       1.9265              29.7700             2.2688              225            
1              [14464/50000]       2.4821              29.7800             2.2861              226            
1              [14528/50000]       2.4685              32.9100             2.0998              227            
1              [14592/50000]       2.0284              29.7900             2.2260              228            
1              [14656/50000]       2.3054              29.9900             2.2222              229            
1              [14720/50000]       2.2606              31.9100             2.0129              230            
1              [14784/50000]       2.2797              29.0100             2.1837              231            
1              [14848/50000]       1.6557              29.3900             2.1162              232            
1              [14912/50000]       1.9968              32.1000             2.0883              233            
1              [14976/50000]       2.0805              29.9000             2.1716              234            
1              [15040/50000]       2.2325              28.3300             2.2806              235            
1              [15104/50000]       2.2932              29.6400             2.1271              236            
1              [15168/50000]       1.9672              30.4100             2.0909              237            
1              [15232/50000]       1.9176              31.0800             2.1725              238            
1              [15296/50000]       1.9685              33.5000             2.0050              239            
1              [15360/50000]       2.0628              31.4900             2.0532              240            
1              [15424/50000]       2.3147              29.1000             2.4363              241            
1              [15488/50000]       2.0985              30.8000             2.0777              242            
1              [15552/50000]       1.9493              30.7200             2.1440              243            
1              [15616/50000]       2.0943              33.8000             2.0098              244            
1              [15680/50000]       1.8265              31.7400             2.1190              245            
1              [15744/50000]       2.1668              30.8700             2.1944              246            
1              [15808/50000]       2.0498              32.7500             2.1417              247            
1              [15872/50000]       2.4799              31.1400             2.1043              248            
1              [15936/50000]       1.7644              30.6400             2.1611              249            
1              [16000/50000]       2.4062              31.9600             2.2057              250            
1              [16064/50000]       2.0176              33.1600             2.0705              251            
1              [16128/50000]       2.1783              30.9600             2.1409              252            
1              [16192/50000]       1.9049              32.1700             2.0783              253            
1              [16256/50000]       1.9993              30.1900             2.1653              254            
1              [16320/50000]       2.1458              32.6400             2.0334              255            
1              [16384/50000]       2.0515              31.5500             2.2169              256            
1              [16448/50000]       2.3928              32.5500             2.0738              257            
1              [16512/50000]       2.1427              30.5700             2.1709              258            
1              [16576/50000]       1.8752              33.7500             2.0025              259            
1              [16640/50000]       2.2654              32.0800             2.0890              260            
1              [16704/50000]       1.9989              27.6000             2.4071              261            
1              [16768/50000]       3.0413              30.4800             2.2482              262            
1              [16832/50000]       2.6946              27.7400             2.3120              263            
1              [16896/50000]       2.1835              30.1700             2.1215              264            
1              [16960/50000]       1.8492              33.3900             2.0341              265            
1              [17024/50000]       1.9217              33.5400             2.1239              266            
1              [17088/50000]       2.2951              32.4900             2.0721              267            
1              [17152/50000]       1.9954              31.3800             2.1405              268            
1              [17216/50000]       2.3297              33.5700             2.0444              269            
1              [17280/50000]       2.0485              30.0500             2.1911              270            
1              [17344/50000]       2.1197              32.8500             2.0499              271            
1              [17408/50000]       2.2445              33.6200             1.9728              272            
1              [17472/50000]       2.0064              30.8600             2.1402              273            
1              [17536/50000]       2.3662              33.2400             2.0242              274            
1              [17600/50000]       2.0160              29.5900             2.1760              275            
1              [17664/50000]       2.0943              32.1800             2.0454              276            
1              [17728/50000]       2.3030              31.2600             2.1503              277            
1              [17792/50000]       2.0419              30.3300             2.1784              278            
1              [17856/50000]       2.3569              32.1400             2.0667              279            
1              [17920/50000]       2.3069              30.8000             2.1470              280            
1              [17984/50000]       2.2032              32.4300             1.9546              281            
1              [18048/50000]       2.4299              30.1800             2.0952              282            
1              [18112/50000]       2.1642              32.8900             1.9947              283            
1              [18176/50000]       2.0342              29.0500             2.2200              284            
1              [18240/50000]       2.3081              32.0600             2.0573              285            
1              [18304/50000]       2.0891              31.7300             2.0440              286            
1              [18368/50000]       1.9428              29.3800             2.1456              287            
1              [18432/50000]       2.1175              31.9900             2.0242              288            
1              [18496/50000]       1.9593              32.3400             2.0401              289            
1              [18560/50000]       2.0546              31.3300             2.0666              290            
1              [18624/50000]       2.0707              31.9600             2.0212              291            
1              [18688/50000]       2.5371              30.7900             2.1407              292            
1              [18752/50000]       2.1625              30.6900             2.0445              293            
1              [18816/50000]       2.2019              30.2000             2.1273              294            
1              [18880/50000]       2.0336              32.8900             2.0856              295            
1              [18944/50000]       2.2662              30.7700             2.2479              296            
1              [19008/50000]       2.5653              31.7000             2.1041              297            
1              [19072/50000]       1.6467              33.3600             1.9837              298            
1              [19136/50000]       1.9336              35.0700             2.0380              299            
1              [19200/50000]       1.9052              32.9900             2.0275              300            
1              [19264/50000]       1.9010              33.1400             2.0980              301            
1              [19328/50000]       2.1875              33.9500             1.9836              302            
1              [19392/50000]       1.9511              32.6700             2.1916              303            
1              [19456/50000]       2.3463              33.5200             2.0262              304            
1              [19520/50000]       1.9078              31.7600             2.1082              305            
1              [19584/50000]       2.0955              31.7200             2.0711              306            
1              [19648/50000]       2.2085              32.1100             2.1315              307            
1              [19712/50000]       1.8747              33.4600             1.9677              308            
1              [19776/50000]       1.8776              33.1500             1.9939              309            
1              [19840/50000]       2.0684              32.7900             1.9894              310            
1              [19904/50000]       1.8810              31.0000             2.0840              311            
1              [19968/50000]       2.0085              28.6400             2.1766              312            
1              [20032/50000]       2.1300              32.5600             2.0808              313            
1              [20096/50000]       2.2582              31.1200             2.1603              314            
1              [20160/50000]       2.0354              34.2100             2.0042              315            
1              [20224/50000]       2.0974              28.3700             2.3343              316            
1              [20288/50000]       2.3285              34.0300             2.0298              317            
1              [20352/50000]       2.1856              34.3500             1.9713              318            
1              [20416/50000]       1.9245              36.1100             1.9693              319            
1              [20480/50000]       2.0799              33.6200             2.0194              320            
1              [20544/50000]       1.6318              31.0200             2.1164              321            
1              [20608/50000]       1.7666              33.5600             2.0224              322            
1              [20672/50000]       2.0438              33.7900             2.0348              323            
1              [20736/50000]       2.3048              28.3600             2.3572              324            
1              [20800/50000]       2.1511              32.3800             2.0424              325            
1              [20864/50000]       2.1472              31.2600             2.1547              326            
1              [20928/50000]       1.9940              32.2800             2.1051              327            
1              [20992/50000]       2.1477              34.2300             2.0840              328            
1              [21056/50000]       2.0000              32.6900             2.0955              329            
1              [21120/50000]       1.7123              32.2200             2.1173              330            
1              [21184/50000]       2.0769              29.2400             2.1577              331            
1              [21248/50000]       2.3158              32.1800             2.1026              332            
1              [21312/50000]       2.0569              33.0000             2.0896              333            
1              [21376/50000]       2.1242              32.1800             2.2340              334            
1              [21440/50000]       2.4164              33.5800             2.0580              335            
1              [21504/50000]       2.3141              28.4600             2.4006              336            
1              [21568/50000]       2.3506              33.2200             2.0454              337            
1              [21632/50000]       2.0688              31.0200             2.1462              338            
1              [21696/50000]       2.6686              30.1800             2.1526              339            
1              [21760/50000]       2.3146              32.6800             2.1635              340            
1              [21824/50000]       2.0333              33.9500             1.9767              341            
1              [21888/50000]       2.2980              31.9500             2.0650              342            
1              [21952/50000]       1.9139              33.5900             2.0081              343            
1              [22016/50000]       2.1002              30.6800             2.0694              344            
1              [22080/50000]       1.8772              32.7300             2.0929              345            
1              [22144/50000]       2.2115              32.0300             2.1500              346            
1              [22208/50000]       2.1418              34.4900             1.9944              347            
1              [22272/50000]       2.1896              34.5400             2.0910              348            
1              [22336/50000]       2.0938              32.9100             2.0757              349            
1              [22400/50000]       2.0847              32.0200             2.1248              350            
1              [22464/50000]       2.2882              31.4400             2.2076              351            
1              [22528/50000]       2.2382              35.0200             1.9815              352            
1              [22592/50000]       2.0275              32.1600             2.2108              353            
1              [22656/50000]       2.1381              32.4700             2.1283              354            
1              [22720/50000]       1.7179              32.8000             2.1184              355            
1              [22784/50000]       2.3391              32.2200             2.0918              356            
1              [22848/50000]       2.3222              30.7700             2.1961              357            
1              [22912/50000]       1.9145              34.3100             2.0997              358            
1              [22976/50000]       1.9555              34.9700             1.9744              359            
1              [23040/50000]       2.3445              30.6500             2.2394              360            
1              [23104/50000]       2.2559              33.9200             2.0864              361            
1              [23168/50000]       1.8633              32.8600             2.1571              362            
1              [23232/50000]       2.1782              33.6800             2.0470              363            
1              [23296/50000]       1.9392              33.0600             2.1436              364            
1              [23360/50000]       2.3832              32.5300             2.1324              365            
1              [23424/50000]       2.4896              35.0000             2.0129              366            
1              [23488/50000]       2.0849              32.5700             2.0575              367            
1              [23552/50000]       1.9902              33.7200             2.0428              368            
1              [23616/50000]       2.0809              34.9600             1.9516              369            
1              [23680/50000]       1.8972              31.4400             2.1388              370            
1              [23744/50000]       2.2419              35.2700             2.0061              371            
1              [23808/50000]       2.0752              32.2300             2.1205              372            
1              [23872/50000]       2.2460              32.2100             2.1052              373            
1              [23936/50000]       2.1780              29.5800             2.2843              374            
1              [24000/50000]       2.5000              30.4600             2.2648              375            
1              [24064/50000]       2.3250              31.9000             2.0508              376            
1              [24128/50000]       1.9591              31.9800             2.1144              377            
1              [24192/50000]       2.3914              30.3700             2.3412              378            
1              [24256/50000]       2.3110              32.0300             2.1943              379            
1              [24320/50000]       2.2569              33.6000             2.0391              380            
1              [24384/50000]       1.7238              32.2400             2.1175              381            
1              [24448/50000]       1.8835              30.1700             2.2236              382            
1              [24512/50000]       2.0750              31.9500             2.1251              383            
1              [24576/50000]       2.3057              29.2900             2.2371              384            
1              [24640/50000]       2.0576              31.7100             2.1463              385            
1              [24704/50000]       2.2647              32.4300             2.0151              386            
1              [24768/50000]       1.9184              31.7300             2.1451              387            
1              [24832/50000]       2.1730              33.3100             2.0294              388            
1              [24896/50000]       2.1141              31.6700             2.1177              389            
1              [24960/50000]       1.8719              34.8900             1.9854              390            
1              [25024/50000]       2.2070              33.7700             2.0396              391            
1              [25088/50000]       2.2642              32.7600             2.0786              392            
1              [25152/50000]       2.2378              30.8800             2.0883              393            
1              [25216/50000]       2.2660              30.9800             2.1794              394            
1              [25280/50000]       2.4948              33.3000             2.1299              395            
1              [25344/50000]       1.8539              33.7600             2.0318              396            
1              [25408/50000]       1.7735              31.7500             2.1107              397            
1              [25472/50000]       1.9640              33.5500             2.0632              398            
1              [25536/50000]       2.0586              33.6900             2.0234              399            
1              [25600/50000]       1.8151              32.9000             2.0157              400            
1              [25664/50000]       1.9581              30.8900             2.2159              401            
1              [25728/50000]       2.5657              32.7700             2.0908              402            
1              [25792/50000]       1.9774              33.8400             1.9679              403            
1              [25856/50000]       1.6336              31.4500             2.1732              404            
1              [25920/50000]       2.3655              31.6200             2.1370              405            
1              [25984/50000]       2.2237              33.1900             1.9969              406            
1              [26048/50000]       2.1820              33.0000             2.0568              407            
1              [26112/50000]       1.9635              30.9000             2.2850              408            
1              [26176/50000]       1.8560              34.2900             2.0379              409            
1              [26240/50000]       1.9174              33.7600             2.1101              410            
1              [26304/50000]       2.0497              35.9200             1.9964              411            
1              [26368/50000]       2.0049              34.6800             2.0017              412            
1              [26432/50000]       1.9599              34.8800             2.0402              413            
1              [26496/50000]       2.0343              34.4800             2.0146              414            
1              [26560/50000]       1.9936              33.7600             2.0592              415            
1              [26624/50000]       2.0620              33.8300             2.0484              416            
1              [26688/50000]       1.6385              34.9200             2.0366              417            
1              [26752/50000]       1.8829              33.6800             2.1105              418            
1              [26816/50000]       2.1331              32.4800             2.1020              419            
1              [26880/50000]       2.1636              31.1800             2.0562              420            
1              [26944/50000]       2.2922              30.5600             2.0664              421            
1              [27008/50000]       2.1587              31.6800             2.2298              422            
1              [27072/50000]       2.3276              30.6500             2.1113              423            
1              [27136/50000]       2.3563              31.6800             2.1634              424            
1              [27200/50000]       1.6745              33.3000             2.1738              425            
1              [27264/50000]       1.9950              30.1600             2.1499              426            
1              [27328/50000]       2.2547              30.6500             2.2321              427            
1              [27392/50000]       2.6605              30.4700             2.2232              428            
1              [27456/50000]       2.1042              34.4200             2.0883              429            
1              [27520/50000]       2.5179              30.5000             2.2262              430            
1              [27584/50000]       2.2833              32.2800             2.0924              431            
1              [27648/50000]       2.0825              32.9500             2.0573              432            
1              [27712/50000]       1.8810              32.0800             2.0730              433            
1              [27776/50000]       2.3706              30.4100             2.1741              434            
1              [27840/50000]       2.1679              31.9000             2.1060              435            
1              [27904/50000]       1.9744              32.0200             2.0985              436            
1              [27968/50000]       2.2192              34.2300             2.0059              437            
1              [28032/50000]       2.1080              34.4000             2.0129              438            
1              [28096/50000]       2.1295              34.0300             1.9555              439            
1              [28160/50000]       2.1074              32.2000             2.0007              440            
1              [28224/50000]       1.9546              31.4200             2.1551              441            
1              [28288/50000]       1.6462              32.8500             2.0519              442            
1              [28352/50000]       1.8897              34.8800             1.9484              443            
1              [28416/50000]       1.8498              31.3400             2.2187              444            
1              [28480/50000]       2.4611              31.1500             2.1952              445            
1              [28544/50000]       2.3848              34.6000             1.9955              446            
1              [28608/50000]       1.9108              32.4300             2.0798              447            
1              [28672/50000]       2.1478              32.4800             2.1889              448            
1              [28736/50000]       2.2367              31.7100             2.2329              449            
1              [28800/50000]       2.0830              35.1200             2.0923              450            
1              [28864/50000]       1.8690              33.8900             2.0711              451            
1              [28928/50000]       2.0786              32.7800             2.0755              452            
1              [28992/50000]       2.3577              31.6900             2.1502              453            
1              [29056/50000]       2.1347              33.3500             2.0350              454            
1              [29120/50000]       2.0949              32.0400             2.0624              455            
1              [29184/50000]       2.0967              29.8100             2.1610              456            
1              [29248/50000]       2.1555              33.2300             1.9806              457            
1              [29312/50000]       2.1780              31.1400             2.1715              458            
1              [29376/50000]       2.2310              31.5200             2.2907              459            
1              [29440/50000]       2.0065              29.7000             2.3752              460            
1              [29504/50000]       2.6024              32.3700             2.0687              461            
1              [29568/50000]       1.9843              33.1700             2.0514              462            
1              [29632/50000]       1.8399              33.9300             2.0836              463            
1              [29696/50000]       2.3350              31.5500             2.0752              464            
1              [29760/50000]       2.2666              29.8700             2.1704              465            
1              [29824/50000]       2.0980              31.4000             2.1333              466            
1              [29888/50000]       2.0253              34.5100             2.0414              467            
1              [29952/50000]       1.8755              34.0000             2.0228              468            
1              [30016/50000]       2.1737              29.1600             2.2326              469            
1              [30080/50000]       2.3607              32.7700             2.2895              470            
1              [30144/50000]       2.5949              34.3700             1.9831              471            
1              [30208/50000]       2.2703              33.9200             2.0359              472            
1              [30272/50000]       1.9777              32.3000             2.0549              473            
1              [30336/50000]       2.2974              32.0100             2.1123              474            
1              [30400/50000]       2.1460              35.3000             1.9517              475            
1              [30464/50000]       2.1018              31.5900             2.2462              476            
1              [30528/50000]       2.0345              33.2600             2.1743              477            
1              [30592/50000]       2.2983              32.7000             2.1172              478            
1              [30656/50000]       2.5257              32.0200             2.1482              479            
1              [30720/50000]       2.3764              34.0600             2.1670              480            
1              [30784/50000]       2.2961              34.7600             1.9858              481            
1              [30848/50000]       2.2646              31.7200             2.2024              482            
1              [30912/50000]       2.1234              32.7100             2.0323              483            
1              [30976/50000]       2.1326              30.1000             2.1214              484            
1              [31040/50000]       2.1127              32.1700             2.1070              485            
1              [31104/50000]       2.2638              31.6800             2.1579              486            
1              [31168/50000]       2.0579              32.9500             2.0629              487            
1              [31232/50000]       2.3137              32.6300             2.0921              488            
1              [31296/50000]       2.1019              32.9300             2.1298              489            
1              [31360/50000]       2.0005              30.4000             2.1559              490            
1              [31424/50000]       1.9805              36.5200             2.0036              491            
1              [31488/50000]       1.9893              33.8200             2.0936              492            
1              [31552/50000]       2.2275              34.8900             2.0439              493            
1              [31616/50000]       2.1979              34.3600             2.0358              494            
1              [31680/50000]       1.9965              30.0200             2.2559              495            
1              [31744/50000]       2.2070              33.0400             2.1366              496            
1              [31808/50000]       2.3101              34.2800             2.0725              497            
1              [31872/50000]       2.1482              34.0000             2.0155              498            
1              [31936/50000]       2.2658              31.8200             2.1351              499            
1              [32000/50000]       2.2855              31.3700             2.1679              500            
1              [32064/50000]       2.2517              33.9400             1.9815              501            
1              [32128/50000]       2.0024              33.1800             2.0366              502            
1              [32192/50000]       2.0567              29.7900             2.2909              503            
1              [32256/50000]       1.8406              34.4400             2.0677              504            
1              [32320/50000]       2.3347              33.2800             2.0026              505            
1              [32384/50000]       1.7740              35.5800             1.9866              506            
1              [32448/50000]       1.8480              35.0400             1.9824              507            
1              [32512/50000]       1.6419              35.1700             1.9319              508            
1              [32576/50000]       2.0148              31.6800             2.2189              509            
1              [32640/50000]       1.9105              32.5300             2.0723              510            
1              [32704/50000]       2.3547              31.2500             2.2406              511            
1              [32768/50000]       2.2320              32.1300             2.1075              512            
1              [32832/50000]       1.9473              34.1400             2.0388              513            
1              [32896/50000]       2.1535              31.1700             2.1132              514            
1              [32960/50000]       1.9780              35.2800             2.0295              515            
1              [33024/50000]       2.2665              32.8100             2.1090              516            
1              [33088/50000]       1.8838              31.4600             2.1870              517            
1              [33152/50000]       1.7876              33.0200             2.1299              518            
1              [33216/50000]       2.0068              34.3200             2.1704              519            
1              [33280/50000]       2.2831              33.5800             2.0472              520            
1              [33344/50000]       2.0914              33.7600             2.0192              521            
1              [33408/50000]       2.0186              30.0300             2.1120              522            
1              [33472/50000]       2.2690              33.3900             2.0907              523            
1              [33536/50000]       2.4189              33.3000             2.0438              524            
1              [33600/50000]       1.8563              31.4700             2.0613              525            
1              [33664/50000]       2.0502              32.1200             2.1204              526            
1              [33728/50000]       2.3898              32.1400             2.1300              527            
1              [33792/50000]       2.2036              33.0000             2.1721              528            
1              [33856/50000]       2.3510              34.0500             1.9737              529            
1              [33920/50000]       1.9918              31.7600             2.1992              530            
1              [33984/50000]       2.1669              32.1000             2.1586              531            
1              [34048/50000]       1.9735              34.0100             2.0840              532            
1              [34112/50000]       2.0185              32.4600             2.0674              533            
1              [34176/50000]       1.7006              33.5900             2.0109              534            
1              [34240/50000]       1.8439              31.4200             2.1170              535            
1              [34304/50000]       2.4070              30.6600             2.1488              536            
1              [34368/50000]       2.2910              33.1400             2.1466              537            
1              [34432/50000]       2.3832              32.7400             2.0687              538            
1              [34496/50000]       1.8603              34.3400             2.0259              539            
1              [34560/50000]       1.9261              32.6700             2.0514              540            
1              [34624/50000]       2.0611              32.0800             2.0855              541            
1              [34688/50000]       2.1791              34.2600             1.9951              542            
1              [34752/50000]       1.9754              33.3500             2.1103              543            
1              [34816/50000]       2.1853              34.0700             2.0259              544            
1              [34880/50000]       1.9018              34.6100             2.0172              545            
1              [34944/50000]       2.2084              33.6300             1.9942              546            
1              [35008/50000]       2.2115              33.7500             2.0692              547            
1              [35072/50000]       2.1903              32.9400             2.0595              548            
1              [35136/50000]       2.0373              29.9600             2.1832              549            
1              [35200/50000]       2.5396              30.8300             2.1122              550            
1              [35264/50000]       2.1067              30.6400             2.1020              551            
1              [35328/50000]       1.9146              33.8700             2.0479              552            
1              [35392/50000]       2.4266              33.8200             2.0890              553            
1              [35456/50000]       2.1038              33.2400             2.0636              554            
1              [35520/50000]       2.2378              32.1100             2.0126              555            
1              [35584/50000]       1.9440              33.5900             2.1472              556            
1              [35648/50000]       2.5082              31.8800             2.1606              557            
1              [35712/50000]       2.4267              31.8300             2.1128              558            
1              [35776/50000]       2.2648              27.6200             2.4401              559            
1              [35840/50000]       2.4712              32.0300             2.2163              560            
1              [35904/50000]       2.1598              31.1600             2.2165              561            
1              [35968/50000]       2.4505              32.7000             2.0517              562            
1              [36032/50000]       2.2039              34.0400             1.9778              563            
1              [36096/50000]       1.7002              34.3000             2.0243              564            
1              [36160/50000]       2.3029              31.7900             2.1433              565            
1              [36224/50000]       2.5175              33.2700             2.1834              566            
1              [36288/50000]       2.3895              34.0700             2.0057              567            
1              [36352/50000]       1.9988              32.0200             2.1835              568            
1              [36416/50000]       2.1878              34.3800             2.0288              569            
1              [36480/50000]       2.0409              31.2600             2.2325              570            
1              [36544/50000]       2.2655              33.4000             2.1253              571            
1              [36608/50000]       2.2624              32.7100             2.0782              572            
1              [36672/50000]       2.0524              33.7700             2.0958              573            
1              [36736/50000]       2.1508              31.8600             2.3347              574            
1              [36800/50000]       2.2106              32.4900             2.1330              575            
1              [36864/50000]       2.3718              32.1000             2.1740              576            
1              [36928/50000]       1.8104              35.4800             2.0032              577            
1              [36992/50000]       1.6886              35.0900             1.9791              578            
1              [37056/50000]       2.1361              32.2500             2.1182              579            
1              [37120/50000]       2.0611              33.9400             2.0264              580            
1              [37184/50000]       1.9755              33.4100             1.9878              581            
1              [37248/50000]       2.0023              31.1200             2.1325              582            
1              [37312/50000]       1.9171              35.7800             2.0199              583            
1              [37376/50000]       2.4359              31.6200             2.1020              584            
1              [37440/50000]       1.9515              32.7900             2.1383              585            
1              [37504/50000]       1.8876              30.0900             2.1927              586            
1              [37568/50000]       2.2276              33.6400             2.0380              587            
1              [37632/50000]       1.9582              34.7900             2.0246              588            
1              [37696/50000]       1.8877              29.3100             2.2382              589            
1              [37760/50000]       1.9717              34.0800             2.0572              590            
1              [37824/50000]       2.2055              32.7200             2.1917              591            
1              [37888/50000]       2.0495              31.4100             2.1173              592            
1              [37952/50000]       1.8881              33.1900             2.1254              593            
1              [38016/50000]       2.1454              32.8100             2.0210              594            
1              [38080/50000]       1.8678              34.1700             2.0333              595            
1              [38144/50000]       1.9880              33.9400             2.0444              596            
1              [38208/50000]       2.1967              31.6400             2.1700              597            
1              [38272/50000]       1.9875              36.1700             2.0668              598            
1              [38336/50000]       2.2263              33.1800             2.1114              599            
1              [38400/50000]       2.0329              33.7300             2.0134              600            
1              [38464/50000]       1.9394              36.0300             1.9761              601            
1              [38528/50000]       2.2029              32.3000             2.0509              602            
1              [38592/50000]       1.9192              35.0300             2.0626              603            
1              [38656/50000]       2.0871              34.5800             2.0620              604            
1              [38720/50000]       1.9210              34.6600             2.0844              605            
1              [38784/50000]       2.3164              33.7300             2.1832              606            
1              [38848/50000]       1.9592              31.2400             2.2124              607            
1              [38912/50000]       2.0006              32.2400             2.0521              608            
1              [38976/50000]       2.0190              33.0000             2.0774              609            
1              [39040/50000]       2.1967              32.1800             2.1282              610            
1              [39104/50000]       2.1202              35.2000             1.9927              611            
1              [39168/50000]       2.3411              32.5100             2.1615              612            
1              [39232/50000]       2.0734              29.9800             2.2446              613            
1              [39296/50000]       2.5284              31.2900             2.1518              614            
1              [39360/50000]       2.1652              32.4700             2.1861              615            
1              [39424/50000]       1.8684              32.5100             2.1811              616            
1              [39488/50000]       2.2222              33.8800             2.0590              617            
1              [39552/50000]       1.9726              29.5000             2.2624              618            
1              [39616/50000]       2.1984              31.6800             2.1460              619            
1              [39680/50000]       2.3082              34.2200             1.9874              620            
1              [39744/50000]       2.1998              31.2800             2.3157              621            
1              [39808/50000]       2.3333              34.8800             1.9542              622            
1              [39872/50000]       1.8713              33.5000             2.0642              623            
1              [39936/50000]       2.2456              31.9100             2.1660              624            
1              [40000/50000]       2.1168              32.0800             2.0407              625            
1              [40064/50000]       2.0938              33.0400             2.1289              626            
1              [40128/50000]       2.0792              34.6300             2.0456              627            
1              [40192/50000]       1.8476              33.8200             2.0333              628            
1              [40256/50000]       2.3740              30.0000             2.1755              629            
1              [40320/50000]       2.3296              31.1200             2.2243              630            
1              [40384/50000]       2.1569              31.9300             2.0658              631            
1              [40448/50000]       2.0482              32.8400             2.0915              632            
1              [40512/50000]       2.0391              35.5400             1.9986              633            
1              [40576/50000]       2.0237              31.7600             2.1307              634            
1              [40640/50000]       2.3076              33.1100             2.1103              635            
1              [40704/50000]       2.0377              33.1300             2.0483              636            
1              [40768/50000]       2.1368              33.5600             2.0149              637            
1              [40832/50000]       2.2124              35.9400             1.9715              638            
1              [40896/50000]       1.9422              33.4700             2.0484              639            
1              [40960/50000]       1.9453              34.4700             1.9955              640            
1              [41024/50000]       1.9715              32.9700             2.0468              641            
1              [41088/50000]       2.1830              28.4900             2.3306              642            
1              [41152/50000]       2.4004              31.7200             2.2444              643            
1              [41216/50000]       1.7855              33.8300             2.0221              644            
1              [41280/50000]       2.0834              34.7200             2.0893              645            
1              [41344/50000]       2.0719              31.8900             2.1474              646            
1              [41408/50000]       2.0759              32.6300             2.1977              647            
1              [41472/50000]       2.1897              33.3900             2.0426              648            
1              [41536/50000]       1.9475              33.1200             2.0716              649            
1              [41600/50000]       2.2726              34.1700             2.0076              650            
1              [41664/50000]       1.6027              33.7300             2.1371              651            
1              [41728/50000]       2.1361              32.6700             2.1564              652            
1              [41792/50000]       1.9755              31.1600             2.2479              653            
1              [41856/50000]       2.0722              34.3000             2.1845              654            
1              [41920/50000]       2.3711              33.0000             2.1570              655            
1              [41984/50000]       2.2268              33.7900             2.0924              656            
1              [42048/50000]       1.8555              35.9700             1.9897              657            
1              [42112/50000]       2.0436              32.5900             2.1722              658            
1              [42176/50000]       1.8654              34.6500             2.0139              659            
1              [42240/50000]       1.9455              33.9600             2.0432              660            
1              [42304/50000]       2.2066              34.6200             1.9857              661            
1              [42368/50000]       1.8985              32.6400             2.0811              662            
1              [42432/50000]       2.1736              34.6200             2.0305              663            
1              [42496/50000]       2.1591              33.9300             2.0122              664            
1              [42560/50000]       2.3018              32.2000             2.0862              665            
1              [42624/50000]       2.2925              34.5400             1.9511              666            
1              [42688/50000]       2.1657              33.3800             2.0272              667            
1              [42752/50000]       2.0428              31.5000             2.1455              668            
1              [42816/50000]       2.1578              32.5200             2.1676              669            
1              [42880/50000]       2.4290              31.1900             2.1740              670            
1              [42944/50000]       2.4041              33.2100             2.1064              671            
1              [43008/50000]       1.9438              33.5400             2.0718              672            
1              [43072/50000]       2.1791              33.7600             2.0141              673            
1              [43136/50000]       2.1137              30.3600             2.2112              674            
1              [43200/50000]       2.3462              33.0500             2.0433              675            
1              [43264/50000]       2.0473              33.2300             2.0055              676            
1              [43328/50000]       1.9707              34.8100             1.9689              677            
1              [43392/50000]       1.9646              33.9100             2.0245              678            
1              [43456/50000]       1.7424              34.1400             2.0078              679            
1              [43520/50000]       1.9827              33.5100             2.0227              680            
1              [43584/50000]       2.1388              34.7400             2.0065              681            
1              [43648/50000]       2.0618              29.1300             2.2727              682            
1              [43712/50000]       2.1678              34.8500             1.9974              683            
1              [43776/50000]       1.7773              34.2900             1.9865              684            
1              [43840/50000]       2.0282              32.3700             2.0731              685            
1              [43904/50000]       1.8439              33.7500             2.0934              686            
1              [43968/50000]       2.0696              34.0500             2.0449              687            
1              [44032/50000]       1.9986              33.4100             2.0964              688            
1              [44096/50000]       2.0216              34.2400             2.0668              689            
1              [44160/50000]       2.0691              32.1500             2.0582              690            
1              [44224/50000]       1.6142              32.9900             2.0728              691            
1              [44288/50000]       2.1161              32.6100             2.1448              692            
1              [44352/50000]       2.4995              32.2700             2.1214              693            
1              [44416/50000]       1.8733              33.3100             2.0454              694            
1              [44480/50000]       1.8487              31.5000             2.2612              695            
1              [44544/50000]       2.0943              35.7100             1.9698              696            
1              [44608/50000]       1.9546              32.1500             2.1078              697            
1              [44672/50000]       2.1438              31.4600             2.1109              698            
1              [44736/50000]       2.0240              34.5200             2.0752              699            
1              [44800/50000]       2.3634              32.2300             2.2168              700            
1              [44864/50000]       2.1537              33.0800             2.1061              701            
1              [44928/50000]       1.8813              33.0500             2.1867              702            
1              [44992/50000]       2.4509              30.4900             2.1199              703            
1              [45056/50000]       2.0044              29.9400             2.2016              704            
1              [45120/50000]       2.0458              31.9500             2.0748              705            
1              [45184/50000]       2.0406              33.0200             2.0756              706            
1              [45248/50000]       2.2263              33.4800             2.0372              707            
1              [45312/50000]       2.3004              35.0300             2.0217              708            
1              [45376/50000]       1.8124              34.7700             2.0150              709            
1              [45440/50000]       1.8996              33.4800             2.0640              710            
1              [45504/50000]       2.0832              31.3600             2.1335              711            
1              [45568/50000]       2.1072              32.2300             2.1156              712            
1              [45632/50000]       1.8621              31.8000             2.1727              713            
1              [45696/50000]       2.4709              31.8500             2.1040              714            
1              [45760/50000]       1.7004              34.5300             2.0062              715            
1              [45824/50000]       2.0201              32.7000             2.0647              716            
1              [45888/50000]       2.2773              33.9100             1.9802              717            
1              [45952/50000]       2.0639              29.3200             2.4092              718            
1              [46016/50000]       2.5421              33.5200             2.1454              719            
1              [46080/50000]       2.1465              34.3300             2.0590              720            
1              [46144/50000]       2.1989              33.5700             2.0047              721            
1              [46208/50000]       2.1801              32.9500             2.0334              722            
1              [46272/50000]       1.9483              35.0500             1.9685              723            
1              [46336/50000]       2.0132              33.3200             2.0240              724            
1              [46400/50000]       1.7948              32.3100             2.0899              725            
1              [46464/50000]       2.0814              30.6900             2.2846              726            
1              [46528/50000]       2.0937              33.2000             2.0912              727            
1              [46592/50000]       2.1348              31.9800             2.1546              728            
1              [46656/50000]       1.9559              33.2400             2.1620              729            
1              [46720/50000]       2.4117              31.7100             2.0640              730            
1              [46784/50000]       1.9009              33.5800             2.0166              731            
1              [46848/50000]       1.8718              33.2400             2.0949              732            
1              [46912/50000]       2.0831              32.2000             2.1145              733            
1              [46976/50000]       2.0780              31.9900             2.0523              734            
1              [47040/50000]       2.1374              32.1700             2.0850              735            
1              [47104/50000]       2.1264              32.0100             2.0892              736            
1              [47168/50000]       1.9977              34.3800             1.9815              737            
1              [47232/50000]       1.8995              31.1700             2.2856              738            
1              [47296/50000]       2.3868              31.9100             2.2019              739            
1              [47360/50000]       1.9969              31.8200             2.2438              740            
1              [47424/50000]       2.2435              33.7300             2.0826              741            
1              [47488/50000]       2.4581              32.0600             2.1920              742            
1              [47552/50000]       2.1296              32.6700             2.0688              743            
1              [47616/50000]       2.3313              30.9800             2.2224              744            
1              [47680/50000]       2.1967              31.6500             2.0715              745            
1              [47744/50000]       1.9787              34.7600             2.0299              746            
1              [47808/50000]       2.1029              33.3300             2.0152              747            
1              [47872/50000]       2.1078              34.7800             2.0252              748            
1              [47936/50000]       2.3357              34.3700             2.0189              749            
1              [48000/50000]       1.7000              32.7400             2.1733              750            
1              [48064/50000]       2.1727              33.8100             2.1334              751            
1              [48128/50000]       1.8538              35.9000             1.9720              752            
1              [48192/50000]       1.7445              33.6800             2.0439              753            
1              [48256/50000]       2.0344              30.7900             2.1360              754            
1              [48320/50000]       1.9414              29.2500             2.2284              755            
1              [48384/50000]       1.9004              32.9900             2.0446              756            
1              [48448/50000]       2.0020              29.1800             2.3262              757            
1              [48512/50000]       2.7469              32.7900             2.2465              758            
1              [48576/50000]       2.3057              35.1100             2.0175              759            
1              [48640/50000]       2.1933              30.5600             2.2921              760            
1              [48704/50000]       1.9749              32.0200             2.1450              761            
1              [48768/50000]       2.0019              32.8900             2.0497              762            
1              [48832/50000]       2.1902              32.9500             2.0321              763            
1              [48896/50000]       1.8592              32.0500             2.1245              764            
1              [48960/50000]       2.4073              31.0800             2.2263              765            
1              [49024/50000]       2.1639              31.1200             2.3219              766            
1              [49088/50000]       2.0061              33.0200             2.1602              767            
1              [49152/50000]       2.4338              33.8900             2.0089              768            
1              [49216/50000]       2.0575              32.2200             2.1147              769            
1              [49280/50000]       2.0525              32.5500             2.0530              770            
1              [49344/50000]       1.9748              30.6900             2.2050              771            
1              [49408/50000]       2.1660              33.7200             2.0808              772            
1              [49472/50000]       1.9146              32.5000             2.1473              773            
1              [49536/50000]       2.2284              31.6100             2.1192              774            
1              [49600/50000]       2.0153              32.5800             2.1137              775            
1              [49664/50000]       2.2633              34.4700             2.0763              776            
1              [49728/50000]       2.2733              32.8000             2.2286              777            
1              [49792/50000]       2.4735              30.3600             2.2904              778            
1              [49856/50000]       2.4823              33.6000             2.0299              779            
1              [49920/50000]       2.1634              29.6500             2.2317              780            
1              [49984/50000]       1.9590              32.8500             2.0529              781            
1              [12512/50000]       1.9187              29.7900             2.5329              782            
