Current_Epoch  Batch/Total         CE_Train            Accuracy(%)         CE_TEST             Batch_Number   
0              [0/60000]           --                  9.020               2.3403              0
1              [64/60000]          2.3693              14.1600             2.3369              1              
1              [128/60000]         2.3943              24.7800             2.1786              2              
1              [192/60000]         2.2638              25.3700             2.1682              3              
1              [256/60000]         2.1282              16.0600             2.0905              4              
1              [320/60000]         2.0693              35.2600             2.0471              5              
1              [384/60000]         1.9276              34.5700             1.9881              6              
1              [448/60000]         2.0160              24.2400             1.9879              7              
1              [512/60000]         1.9831              40.6300             1.7945              8              
1              [576/60000]         1.8210              45.1300             1.7949              9              
1              [640/60000]         1.8022              58.0600             1.6973              10             
1              [704/60000]         1.7540              27.0300             1.7549              11             
1              [768/60000]         1.6689              54.2400             1.6329              12             
1              [832/60000]         1.6381              45.6900             1.5974              13             
1              [896/60000]         1.5171              41.6100             1.6024              14             
1              [960/60000]         1.6015              53.7300             1.5190              15             
1              [1024/60000]        1.5721              62.7100             1.4704              16             
1              [1088/60000]        1.4276              61.2000             1.4148              17             
1              [1152/60000]        1.3981              58.5200             1.4291              18             
1              [1216/60000]        1.5044              67.3400             1.3485              19             
1              [1280/60000]        1.4027              68.0600             1.3069              20             
1              [1344/60000]        1.3735              58.7500             1.3619              21             
1              [1408/60000]        1.2650              58.0900             1.3336              22             
1              [1472/60000]        1.4215              70.4900             1.2281              23             
1              [1536/60000]        1.2703              66.9900             1.2225              24             
1              [1600/60000]        1.2522              73.9100             1.1833              25             
1              [1664/60000]        1.1692              73.4600             1.1541              26             
1              [1728/60000]        1.1842              72.4400             1.1497              27             
1              [1792/60000]        1.0329              69.8300             1.1716              28             
1              [1856/60000]        1.1941              71.2100             1.1267              29             
1              [1920/60000]        1.2887              66.4400             1.1541              30             
1              [1984/60000]        1.1314              73.3000             1.0979              31             
1              [2048/60000]        1.0392              70.0000             1.1039              32             
1              [2112/60000]        1.0553              73.0700             1.0657              33             
1              [2176/60000]        1.0920              70.7500             1.0742              34             
1              [2240/60000]        1.1651              72.6800             1.0506              35             
1              [2304/60000]        0.9252              65.7800             1.0770              36             
1              [2368/60000]        1.0277              72.4200             1.0117              37             
1              [2432/60000]        1.0174              68.8400             1.0264              38             
1              [2496/60000]        1.0887              75.9800             0.9750              39             
1              [2560/60000]        0.8948              74.4700             0.9938              40             
1              [2624/60000]        1.0583              75.4600             0.9714              41             
1              [2688/60000]        0.8877              75.3900             0.9440              42             
1              [2752/60000]        1.0373              72.6600             0.9715              43             
1              [2816/60000]        1.1661              72.5300             0.9662              44             
1              [2880/60000]        0.8872              73.7300             0.9451              45             
1              [2944/60000]        0.9242              75.9400             0.9184              46             
1              [3008/60000]        0.8611              78.4000             0.9016              47             
1              [3072/60000]        1.0782              74.6800             0.9141              48             
1              [3136/60000]        1.2062              72.3700             0.9436              49             
1              [3200/60000]        0.9077              72.5200             0.9438              50             
1              [3264/60000]        0.9980              77.7200             0.8676              51             
1              [3328/60000]        0.9214              80.7300             0.8421              52             
1              [3392/60000]        0.8792              76.4000             0.8615              53             
1              [3456/60000]        0.8636              79.4900             0.8426              54             
1              [3520/60000]        0.7772              77.8800             0.8363              55             
1              [3584/60000]        1.0124              80.9600             0.8234              56             
1              [3648/60000]        0.7509              76.7000             0.8234              57             
1              [3712/60000]        0.9211              75.1100             0.8668              58             
1              [3776/60000]        0.7671              78.1200             0.8129              59             
1              [3840/60000]        0.7335              78.7700             0.7975              60             
1              [3904/60000]        0.9157              80.2800             0.7961              61             
1              [3968/60000]        0.8501              76.8600             0.8121              62             
1              [4032/60000]        0.8871              77.7700             0.8004              63             
1              [4096/60000]        0.8546              80.6000             0.7709              64             
1              [4160/60000]        0.8749              78.1600             0.8013              65             
1              [4224/60000]        0.7345              80.0900             0.7689              66             
1              [4288/60000]        0.8666              80.8800             0.7630              67             
1              [4352/60000]        0.7312              80.5500             0.7524              68             
1              [4416/60000]        0.7378              80.1500             0.7505              69             
1              [4480/60000]        0.8355              79.7200             0.7557              70             
1              [4544/60000]        0.8226              82.3300             0.7239              71             
1              [4608/60000]        0.7398              79.0500             0.7484              72             
1              [4672/60000]        0.7323              79.9700             0.7419              73             
1              [4736/60000]        0.7206              79.2500             0.7431              74             
1              [4800/60000]        0.6492              78.7100             0.7331              75             
1              [4864/60000]        0.8292              82.6200             0.6970              76             
1              [4928/60000]        0.6685              79.4400             0.7132              77             
1              [4992/60000]        0.9720              80.5300             0.7318              78             
1              [5056/60000]        0.7447              82.2600             0.7071              79             
1              [5120/60000]        0.8226              82.0400             0.6955              80             
1              [5184/60000]        0.5971              81.0700             0.7105              81             
1              [5248/60000]        0.7301              81.2700             0.6918              82             
1              [5312/60000]        0.6135              80.2300             0.7015              83             
1              [5376/60000]        0.7268              83.5600             0.6698              84             
1              [5440/60000]        0.7983              79.7100             0.7033              85             
1              [5504/60000]        0.9290              79.1000             0.7193              86             
1              [5568/60000]        0.6722              78.9500             0.7139              87             
1              [5632/60000]        0.7332              81.3300             0.6727              88             
1              [5696/60000]        0.6854              82.8900             0.6734              89             
1              [5760/60000]        0.8095              82.3400             0.6748              90             
1              [5824/60000]        0.6139              80.3800             0.6902              91             
1              [5888/60000]        0.6138              82.0200             0.6675              92             
1              [5952/60000]        0.6944              81.0600             0.6658              93             
1              [6016/60000]        0.8224              82.4400             0.6483              94             
1              [6080/60000]        0.5708              80.6700             0.6761              95             
1              [6144/60000]        0.5870              82.1200             0.6529              96             
1              [6208/60000]        0.7031              82.1300             0.6467              97             
1              [6272/60000]        0.6459              82.9400             0.6467              98             
1              [6336/60000]        0.5705              81.6600             0.6479              99             
1              [6400/60000]        0.6324              82.1700             0.6452              100            
1              [6464/60000]        0.5785              82.6300             0.6230              101            
1              [6528/60000]        0.6110              82.8400             0.6230              102            
1              [6592/60000]        0.6284              82.2500             0.6514              103            
1              [6656/60000]        0.6927              82.2600             0.6370              104            
1              [6720/60000]        0.5466              80.3100             0.6767              105            
1              [6784/60000]        0.5945              83.3400             0.6136              106            
1              [6848/60000]        0.6534              82.6900             0.6309              107            
1              [6912/60000]        0.7325              82.9400             0.6196              108            
1              [6976/60000]        0.7628              81.1800             0.6288              109            
1              [7040/60000]        0.7468              83.2400             0.6059              110            
1              [7104/60000]        0.5792              83.1900             0.6086              111            
1              [7168/60000]        0.9831              81.3000             0.6268              112            
1              [7232/60000]        0.6573              84.0400             0.5940              113            
1              [7296/60000]        0.7502              83.4400             0.6003              114            
1              [7360/60000]        0.6576              83.4600             0.5999              115            
1              [7424/60000]        0.5827              84.0600             0.5974              116            
1              [7488/60000]        0.6373              81.8600             0.6176              117            
1              [7552/60000]        0.7538              81.8100             0.6283              118            
1              [7616/60000]        0.7908              81.5300             0.6271              119            
1              [7680/60000]        0.5800              83.1400             0.5945              120            
1              [7744/60000]        0.7832              81.4400             0.6280              121            
1              [7808/60000]        0.5606              83.4900             0.5855              122            
1              [7872/60000]        0.5795              83.4800             0.5873              123            
1              [7936/60000]        0.7071              84.0900             0.5900              124            
1              [8000/60000]        0.8032              81.4000             0.6165              125            
1              [8064/60000]        0.5884              81.7100             0.6168              126            
1              [8128/60000]        0.8851              83.6200             0.5812              127            
1              [8192/60000]        0.5586              84.3000             0.5674              128            
1              [8256/60000]        0.7941              83.5900             0.5835              129            
1              [8320/60000]        0.5273              84.3100             0.5714              130            
1              [8384/60000]        0.4661              83.2200             0.5766              131            
1              [8448/60000]        0.7146              84.5800             0.5643              132            
1              [8512/60000]        0.6331              82.9800             0.5831              133            
1              [8576/60000]        0.7365              84.8200             0.5740              134            
1              [8640/60000]        0.5446              84.2500             0.5755              135            
1              [8704/60000]        0.6078              83.1700             0.5678              136            
1              [8768/60000]        0.5523              83.4500             0.5782              137            
1              [8832/60000]        0.5815              84.3200             0.5660              138            
1              [8896/60000]        0.5160              84.7000             0.5499              139            
1              [8960/60000]        0.5557              85.5100             0.5437              140            
1              [9024/60000]        0.4797              84.7000             0.5480              141            
1              [9088/60000]        0.4367              84.4200             0.5555              142            
1              [9152/60000]        0.5792              84.1800             0.5704              143            
1              [9216/60000]        0.4523              83.6100             0.5716              144            
1              [9280/60000]        0.7554              82.1600             0.5774              145            
1              [9344/60000]        0.6348              83.4800             0.5606              146            
1              [9408/60000]        0.5375              83.2000             0.5704              147            
1              [9472/60000]        0.7718              84.5900             0.5569              148            
1              [9536/60000]        0.6723              85.0600             0.5334              149            
1              [9600/60000]        0.6680              83.3100             0.5606              150            
1              [9664/60000]        0.5220              85.2400             0.5321              151            
1              [9728/60000]        0.7148              84.3100             0.5426              152            
1              [9792/60000]        0.6486              85.4800             0.5286              153            
1              [9856/60000]        0.5371              84.6500             0.5369              154            
1              [9920/60000]        0.3392              83.2300             0.5583              155            
1              [9984/60000]        0.5981              84.1100             0.5603              156            
1              [10048/60000]       0.6433              84.8800             0.5405              157            
1              [10112/60000]       0.6598              84.3300             0.5549              158            
1              [10176/60000]       0.5513              83.6800             0.5434              159            
1              [10240/60000]       0.5981              84.3000             0.5361              160            
1              [10304/60000]       0.7021              85.0100             0.5419              161            
1              [10368/60000]       0.7365              84.5700             0.5324              162            
1              [10432/60000]       0.5497              83.0500             0.5638              163            
1              [10496/60000]       0.5145              85.5300             0.5278              164            
1              [10560/60000]       0.4836              82.8200             0.5782              165            
1              [10624/60000]       0.6438              83.3100             0.5613              166            
1              [10688/60000]       0.4643              84.3200             0.5430              167            
1              [10752/60000]       0.3245              85.6800             0.5115              168            
1              [10816/60000]       0.5384              84.6600             0.5365              169            
1              [10880/60000]       0.4792              83.7800             0.5586              170            
1              [10944/60000]       0.4591              85.5300             0.5149              171            
1              [11008/60000]       0.4549              84.1800             0.5253              172            
1              [11072/60000]       0.4425              84.9700             0.5146              173            
1              [11136/60000]       0.6159              84.2300             0.5334              174            
1              [11200/60000]       0.6602              84.8400             0.5125              175            
1              [11264/60000]       0.4281              84.7200             0.5200              176            
1              [11328/60000]       0.4788              86.0300             0.4975              177            
1              [11392/60000]       0.4775              85.3900             0.5130              178            
1              [11456/60000]       0.6078              84.0500             0.5313              179            
1              [11520/60000]       0.6213              86.1300             0.4978              180            
1              [11584/60000]       0.4586              84.0300             0.5280              181            
1              [11648/60000]       0.5647              84.7000             0.5195              182            
1              [11712/60000]       0.4558              85.1500             0.5097              183            
1              [11776/60000]       0.5417              85.8800             0.4969              184            
1              [11840/60000]       0.6377              85.6400             0.4949              185            
1              [11904/60000]       0.5703              85.5000             0.5036              186            
1              [11968/60000]       0.5127              84.8700             0.5108              187            
1              [12032/60000]       0.3701              85.0800             0.4987              188            
1              [12096/60000]       0.4865              84.6400             0.5178              189            
1              [12160/60000]       0.5737              85.4900             0.4936              190            
1              [12224/60000]       0.5863              84.8900             0.5139              191            
1              [12288/60000]       0.5982              84.9600             0.5068              192            
1              [12352/60000]       0.7153              86.4100             0.4976              193            
1              [12416/60000]       0.4585              85.1000             0.5076              194            
1              [12480/60000]       0.3106              85.0600             0.5030              195            
1              [12544/60000]       0.3776              85.7300             0.4934              196            
1              [12608/60000]       0.6219              84.5400             0.5325              197            
1              [12672/60000]       0.3920              85.3900             0.5029              198            
1              [12736/60000]       0.5753              85.5300             0.4901              199            
1              [12800/60000]       0.6364              85.1400             0.5107              200            
1              [12864/60000]       0.4328              85.9400             0.4832              201            
1              [12928/60000]       0.4591              85.4900             0.5015              202            
1              [12992/60000]       0.6911              86.3500             0.4862              203            
1              [13056/60000]       0.3011              86.6500             0.4797              204            
1              [13120/60000]       0.4284              85.6700             0.4925              205            
1              [13184/60000]       0.5369              86.4400             0.4785              206            
1              [13248/60000]       0.6465              85.3600             0.5034              207            
1              [13312/60000]       0.4734              85.2000             0.5057              208            
1              [13376/60000]       0.4546              85.6000             0.4929              209            
1              [13440/60000]       0.6619              86.2700             0.4870              210            
1              [13504/60000]       0.5287              86.6900             0.4703              211            
1              [13568/60000]       0.4723              85.6600             0.4933              212            
1              [13632/60000]       0.4217              86.3100             0.4785              213            
1              [13696/60000]       0.4459              85.8900             0.4861              214            
1              [13760/60000]       0.6396              84.8200             0.5027              215            
1              [13824/60000]       0.4995              86.7100             0.4758              216            
1              [13888/60000]       0.4461              85.8000             0.4791              217            
1              [13952/60000]       0.6426              85.6400             0.4938              218            
1              [14016/60000]       0.5375              85.8100             0.4822              219            
1              [14080/60000]       0.7787              83.5800             0.5412              220            
1              [14144/60000]       0.6680              85.8900             0.4784              221            
1              [14208/60000]       0.5141              86.5900             0.4723              222            
1              [14272/60000]       0.5403              86.8800             0.4657              223            
1              [14336/60000]       0.6966              84.3200             0.5056              224            
1              [14400/60000]       0.5094              84.8100             0.4933              225            
1              [14464/60000]       0.7427              85.1400             0.4997              226            
1              [14528/60000]       0.4480              85.7700             0.4841              227            
1              [14592/60000]       0.6304              85.8600             0.4775              228            
1              [14656/60000]       0.5568              87.0500             0.4601              229            
1              [14720/60000]       0.6152              86.0900             0.4745              230            
1              [14784/60000]       0.3950              86.3000             0.4759              231            
1              [14848/60000]       0.4315              86.2700             0.4670              232            
1              [14912/60000]       0.4518              85.9800             0.4829              233            
1              [14976/60000]       0.6244              85.5100             0.4792              234            
1              [15040/60000]       0.5791              86.4700             0.4649              235            
1              [15104/60000]       0.5012              86.3700             0.4681              236            
1              [15168/60000]       0.3710              86.2800             0.4696              237            
1              [15232/60000]       0.4902              83.6700             0.5220              238            
1              [15296/60000]       0.4475              86.0500             0.4767              239            
1              [15360/60000]       0.3792              86.5700             0.4594              240            
1              [15424/60000]       0.5623              86.3700             0.4672              241            
1              [15488/60000]       0.5084              84.3500             0.4977              242            
1              [15552/60000]       0.4333              87.1300             0.4525              243            
1              [15616/60000]       0.4299              83.9400             0.5069              244            
1              [15680/60000]       0.5214              86.6900             0.4578              245            
1              [15744/60000]       0.3927              86.1400             0.4696              246            
1              [15808/60000]       0.5615              86.5000             0.4656              247            
1              [15872/60000]       0.6838              85.0000             0.4826              248            
1              [15936/60000]       0.5259              86.7500             0.4546              249            
1              [16000/60000]       0.3981              87.3500             0.4439              250            
1              [16064/60000]       0.4025              86.3100             0.4618              251            
1              [16128/60000]       0.4349              85.5200             0.4702              252            
1              [16192/60000]       0.5787              87.1600             0.4497              253            
1              [16256/60000]       0.4087              86.6100             0.4578              254            
1              [16320/60000]       0.5490              86.9300             0.4454              255            
1              [16384/60000]       0.4204              86.6200             0.4569              256            
1              [16448/60000]       0.6255              84.0500             0.5052              257            
1              [16512/60000]       0.4587              86.4400             0.4599              258            
1              [16576/60000]       0.4309              87.7700             0.4377              259            
1              [16640/60000]       0.5778              86.5200             0.4614              260            
1              [16704/60000]       0.4790              84.6300             0.4951              261            
1              [16768/60000]       0.5892              87.3700             0.4423              262            
1              [16832/60000]       0.5138              85.4200             0.4774              263            
1              [16896/60000]       0.5462              86.8400             0.4518              264            
1              [16960/60000]       0.4285              87.0700             0.4418              265            
1              [17024/60000]       0.4674              85.8000             0.4696              266            
1              [17088/60000]       0.4701              86.6300             0.4557              267            
1              [17152/60000]       0.5598              85.2900             0.4738              268            
1              [17216/60000]       0.6049              86.4400             0.4636              269            
1              [17280/60000]       0.5730              87.0200             0.4424              270            
1              [17344/60000]       0.5581              87.2500             0.4446              271            
1              [17408/60000]       0.3217              85.3300             0.4835              272            
1              [17472/60000]       0.4449              87.3800             0.4355              273            
1              [17536/60000]       0.2813              87.5200             0.4375              274            
1              [17600/60000]       0.5074              87.0900             0.4507              275            
1              [17664/60000]       0.5937              87.1200             0.4618              276            
1              [17728/60000]       0.6228              86.3900             0.4702              277            
1              [17792/60000]       0.4499              86.3100             0.4582              278            
1              [17856/60000]       0.5453              85.8400             0.4649              279            
1              [17920/60000]       0.3955              87.0900             0.4386              280            
1              [17984/60000]       0.4803              86.3000             0.4625              281            
1              [18048/60000]       0.5457              86.4700             0.4494              282            
1              [18112/60000]       0.4174              87.1600             0.4452              283            
1              [18176/60000]       0.3455              85.0800             0.4865              284            
1              [18240/60000]       0.5477              86.8200             0.4487              285            
1              [18304/60000]       0.4489              86.9600             0.4606              286            
1              [18368/60000]       0.4838              87.7300             0.4341              287            
1              [18432/60000]       0.2841              87.4300             0.4358              288            
1              [18496/60000]       0.4693              86.4400             0.4543              289            
1              [18560/60000]       0.4952              86.6800             0.4515              290            
1              [18624/60000]       0.5184              86.1600             0.4677              291            
1              [18688/60000]       0.4170              85.6300             0.4665              292            
1              [18752/60000]       0.3942              85.4100             0.4851              293            
1              [18816/60000]       0.4202              85.0600             0.4812              294            
1              [18880/60000]       0.3937              86.3300             0.4555              295            
1              [18944/60000]       0.4416              84.7800             0.4839              296            
1              [19008/60000]       0.5071              85.5900             0.4634              297            
1              [19072/60000]       0.5410              84.6200             0.5014              298            
1              [19136/60000]       0.5994              86.4800             0.4628              299            
