Current_Epoch  Batch/Total         CE_Train            Accuracy(%)         CE_TEST             Batch_Number   
0              [0/50000]           --                  9.020               4.6137              0
1              [1024/50000]        4.6125              2.1400              7.3608              1              
1              [2048/50000]        7.3536              1.9600              10.7792             2              
1              [3072/50000]        10.6265             2.4200              11.9030             3              
1              [4096/50000]        11.7944             2.1600              10.1519             4              
1              [5120/50000]        9.9912              1.2300              10.0966             5              
1              [6144/50000]        10.0444             2.8100              9.5329              6              
1              [7168/50000]        9.4362              2.3100              7.8740              7              
1              [8192/50000]        7.9555              3.2900              6.8871              8              
1              [9216/50000]        6.7017              2.6200              6.0204              9              
1              [10240/50000]       6.0508              2.8600              5.4119              10             
1              [11264/50000]       5.4792              4.6700              4.9533              11             
1              [12288/50000]       4.9119              5.0500              4.6875              12             
1              [13312/50000]       4.6758              5.4800              4.5597              13             
1              [14336/50000]       4.5132              7.4700              4.4263              14             
1              [15360/50000]       4.3928              7.9400              4.3268              15             
1              [16384/50000]       4.3582              8.9900              4.2631              16             
1              [17408/50000]       4.2516              9.7700              4.2211              17             
1              [18432/50000]       4.2170              10.5600             4.1689              18             
1              [19456/50000]       4.1626              9.4900              4.1415              19             
1              [20480/50000]       4.1976              10.4900             4.0999              20             
1              [21504/50000]       4.0543              11.1700             4.0673              21             
1              [22528/50000]       4.0718              10.7100             4.0610              22             
1              [23552/50000]       4.0776              9.7800              4.0384              23             
1              [24576/50000]       4.0793              11.0800             4.0223              24             
1              [25600/50000]       3.9925              11.7700             3.9805              25             
1              [26624/50000]       3.9659              10.9900             3.9581              26             
1              [27648/50000]       3.9771              12.7600             3.9288              27             
1              [28672/50000]       3.9353              11.9800             3.9191              28             
1              [29696/50000]       3.9271              12.3700             3.9716              29             
1              [30720/50000]       4.0208              11.7300             3.9281              30             
1              [31744/50000]       3.9751              12.1600             3.9030              31             
1              [32768/50000]       3.9809              13.0100             3.8869              32             
1              [33792/50000]       3.8627              13.6000             3.8924              33             
1              [34816/50000]       3.9274              12.8800             3.8624              34             
1              [35840/50000]       3.8311              11.9600             3.8736              35             
1              [36864/50000]       3.8803              11.9700             3.8685              36             
1              [37888/50000]       3.8497              12.4600             3.8580              37             
1              [38912/50000]       3.8240              12.2700             3.8595              38             
1              [39936/50000]       3.8524              13.8600             3.7923              39             
1              [40960/50000]       3.8531              13.2400             3.8234              40             
1              [41984/50000]       3.8929              12.0400             3.8508              41             
1              [43008/50000]       3.9055              13.7500             3.8417              42             
1              [44032/50000]       3.8250              13.6900             3.8123              43             
1              [45056/50000]       3.6922              14.7700             3.7411              44             
1              [46080/50000]       3.7556              15.0400             3.7505              45             
1              [47104/50000]       3.7824              15.1000             3.7431              46             
1              [48128/50000]       3.7574              13.3400             3.7915              47             
1              [49152/50000]       3.7978              14.7400             3.7459              48             
1              [41552/50000]       3.7354              13.2700             3.7636              49             
2              [1024/50000]        3.7373              13.9900             3.7474              50             
2              [2048/50000]        3.6636              14.4200             3.7949              51             
2              [3072/50000]        3.7341              15.2700             3.7334              52             
2              [4096/50000]        3.6754              13.6700             3.7513              53             
2              [5120/50000]        3.7115              15.1900             3.7410              54             
2              [6144/50000]        3.6306              14.6600             3.7868              55             
2              [7168/50000]        3.7584              15.2600             3.6944              56             
2              [8192/50000]        3.6252              14.2800             3.7012              57             
2              [9216/50000]        3.5856              14.4400             3.7406              58             
2              [10240/50000]       3.6767              16.6000             3.6466              59             
2              [11264/50000]       3.5647              15.0900             3.6734              60             
2              [12288/50000]       3.6124              14.5300             3.7230              61             
2              [13312/50000]       3.6336              15.0000             3.7361              62             
2              [14336/50000]       3.6264              15.2600             3.6846              63             
2              [15360/50000]       3.6109              14.8300             3.7181              64             
2              [16384/50000]       3.6487              14.8600             3.7711              65             
2              [17408/50000]       3.6707              17.1400             3.6517              66             
2              [18432/50000]       3.5561              15.4000             3.6495              67             
2              [19456/50000]       3.5755              16.1200             3.6387              68             
2              [20480/50000]       3.5769              17.6200             3.5928              69             
2              [21504/50000]       3.4908              17.5100             3.5824              70             
2              [22528/50000]       3.4952              16.1600             3.6278              71             
2              [23552/50000]       3.5357              16.3200             3.6144              72             
2              [24576/50000]       3.4984              15.7800             3.7048              73             
2              [25600/50000]       3.6245              16.1800             3.6656              74             
2              [26624/50000]       3.5749              15.6800             3.6638              75             
2              [27648/50000]       3.6355              14.0200             3.7733              76             
2              [28672/50000]       3.8109              16.7800             3.6580              77             
2              [29696/50000]       3.5698              16.2800             3.5929              78             
2              [30720/50000]       3.4396              17.0300             3.5845              79             
2              [31744/50000]       3.5067              18.0900             3.5463              80             
2              [32768/50000]       3.4395              17.2900             3.5705              81             
2              [33792/50000]       3.4704              17.5400             3.5660              82             
2              [34816/50000]       3.4611              18.3500             3.5480              83             
2              [35840/50000]       3.4780              17.9400             3.5551              84             
2              [36864/50000]       3.5295              16.5100             3.5806              85             
2              [37888/50000]       3.5212              17.3100             3.6350              86             
2              [38912/50000]       3.5285              16.6500             3.6149              87             
2              [39936/50000]       3.5800              18.1300             3.5342              88             
2              [40960/50000]       3.4611              17.6600             3.5745              89             
2              [41984/50000]       3.5266              17.8900             3.5244              90             
2              [43008/50000]       3.5573              17.8700             3.5560              91             
2              [44032/50000]       3.5197              17.1500             3.6118              92             
2              [45056/50000]       3.6138              18.6900             3.5138              93             
2              [46080/50000]       3.4446              18.6300             3.5247              94             
2              [47104/50000]       3.4916              18.8000             3.5132              95             
2              [48128/50000]       3.4518              19.8400             3.4625              96             
2              [49152/50000]       3.3501              19.5600             3.4616              97             
2              [41552/50000]       3.3570              19.0400             3.5058              98             
3              [1024/50000]        3.2613              18.1000             3.5403              99             
3              [2048/50000]        3.3584              16.9800             3.5508              100            
3              [3072/50000]        3.3850              18.4100             3.5858              101            
3              [4096/50000]        3.4879              17.0500             3.5836              102            
3              [5120/50000]        3.4508              18.3500             3.5108              103            
3              [6144/50000]        3.2529              19.0600             3.4816              104            
3              [7168/50000]        3.3449              20.2300             3.4714              105            
3              [8192/50000]        3.3358              19.4100             3.4494              106            
3              [9216/50000]        3.2709              20.7200             3.4507              107            
3              [10240/50000]       3.2731              18.6200             3.4553              108            
3              [11264/50000]       3.2782              19.6000             3.4787              109            
3              [12288/50000]       3.3158              17.6400             3.5411              110            
3              [13312/50000]       3.3532              19.5100             3.4873              111            
3              [14336/50000]       3.4519              18.7200             3.5274              112            
3              [15360/50000]       3.3398              19.2700             3.5006              113            
3              [16384/50000]       3.3624              19.6500             3.4613              114            
3              [17408/50000]       3.2929              19.6000             3.4553              115            
3              [18432/50000]       3.2335              20.9300             3.3987              116            
3              [19456/50000]       3.2952              18.7200             3.4918              117            
3              [20480/50000]       3.3729              19.7700             3.4355              118            
3              [21504/50000]       3.2626              18.1800             3.5104              119            
3              [22528/50000]       3.3182              18.5500             3.5371              120            
3              [23552/50000]       3.4096              19.3300             3.5091              121            
3              [24576/50000]       3.3755              18.9800             3.5059              122            
3              [25600/50000]       3.3833              20.9400             3.4250              123            
3              [26624/50000]       3.1949              20.3300             3.3843              124            
3              [27648/50000]       3.2363              20.9500             3.3728              125            
3              [28672/50000]       3.1624              21.8700             3.3617              126            
3              [29696/50000]       3.2388              19.5000             3.4425              127            
3              [30720/50000]       3.3241              18.4100             3.5243              128            
3              [31744/50000]       3.4360              20.4100             3.4384              129            
3              [32768/50000]       3.3177              18.9500             3.4625              130            
3              [33792/50000]       3.2405              21.3100             3.3742              131            
3              [34816/50000]       3.2240              19.3400             3.4386              132            
3              [35840/50000]       3.2984              19.1000             3.5314              133            
3              [36864/50000]       3.3516              19.5200             3.4310              134            
3              [37888/50000]       3.2675              21.1000             3.3993              135            
3              [38912/50000]       3.2024              22.5300             3.3272              136            
3              [39936/50000]       3.1701              21.0800             3.3620              137            
3              [40960/50000]       3.2108              18.9700             3.4698              138            
3              [41984/50000]       3.3057              19.7900             3.4352              139            
3              [43008/50000]       3.2275              20.1700             3.4162              140            
3              [44032/50000]       3.2217              21.7600             3.3776              141            
3              [45056/50000]       3.2727              21.7300             3.3575              142            
3              [46080/50000]       3.2278              22.4600             3.3490              143            
3              [47104/50000]       3.2935              19.8600             3.4128              144            
3              [48128/50000]       3.2974              20.7400             3.4358              145            
3              [49152/50000]       3.2917              17.3900             3.5703              146            
3              [41552/50000]       3.4357              18.9100             3.6156              147            
4              [1024/50000]        3.3651              17.7500             3.5458              148            
4              [2048/50000]        3.2879              19.6600             3.4871              149            
4              [3072/50000]        3.2019              19.9000             3.5218              150            
4              [4096/50000]        3.1745              20.3700             3.5031              151            
4              [5120/50000]        3.2689              20.3800             3.4637              152            
4              [6144/50000]        3.2022              20.3800             3.3963              153            
4              [7168/50000]        3.1485              21.2400             3.3907              154            
4              [8192/50000]        3.2005              20.9300             3.3713              155            
4              [9216/50000]        3.2041              22.1100             3.3481              156            
4              [10240/50000]       3.1125              22.0100             3.3581              157            
4              [11264/50000]       3.0803              21.4500             3.3803              158            
4              [12288/50000]       3.0982              20.6800             3.4207              159            
