Current_Epoch  Batch/Total         CE_Train            Accuracy(%)         CE_TEST             Batch_Number   
0              [0/60000]           --                  9.020               2.3635              0
1              [1024/60000]        2.3711              41.0600             1.7203              1              
1              [2048/60000]        1.7316              55.3200             1.5051              2              
1              [3072/60000]        1.4864              48.9500             1.3479              3              
1              [4096/60000]        1.3136              58.8500             1.2275              4              
1              [5120/60000]        1.1722              58.5800             1.0772              5              
1              [6144/60000]        1.0898              59.7600             1.1585              6              
1              [7168/60000]        1.1007              58.0500             1.1210              7              
1              [8192/60000]        1.1445              65.2300             1.0570              8              
1              [9216/60000]        1.0525              67.3900             0.9054              9              
1              [10240/60000]       0.9187              68.0700             0.9189              10             
1              [11264/60000]       0.8445              69.9500             0.9029              11             
1              [12288/60000]       0.8700              69.7900             0.8879              12             
1              [13312/60000]       0.8893              70.2600             0.9144              13             
1              [14336/60000]       0.9503              71.7600             0.8557              14             
1              [15360/60000]       0.8239              72.6100             0.8120              15             
1              [16384/60000]       0.8344              71.6200             0.8273              16             
1              [17408/60000]       0.8852              72.0900             0.8831              17             
1              [18432/60000]       0.8413              74.8800             0.7247              18             
1              [19456/60000]       0.7576              74.4900             0.7577              19             
1              [20480/60000]       0.7711              72.6300             0.7791              20             
1              [21504/60000]       0.8042              72.3200             0.8637              21             
1              [22528/60000]       0.8515              75.3000             0.7271              22             
1              [23552/60000]       0.7128              75.1900             0.7339              23             
1              [24576/60000]       0.7141              76.4100             0.6838              24             
1              [25600/60000]       0.6664              69.2200             0.7920              25             
1              [26624/60000]       0.8206              74.3600             0.8402              26             
1              [27648/60000]       0.7849              76.1500             0.6880              27             
1              [28672/60000]       0.6652              74.4700             0.7134              28             
1              [29696/60000]       0.6998              75.3800             0.7308              29             
1              [30720/60000]       0.7101              73.4500             0.7626              30             
1              [31744/60000]       0.7288              76.9100             0.6893              31             
1              [32768/60000]       0.6354              73.6600             0.7205              32             
1              [33792/60000]       0.6867              75.4200             0.7475              33             
1              [34816/60000]       0.8113              72.4100             0.7740              34             
1              [35840/60000]       0.7137              77.2700             0.7314              35             
1              [36864/60000]       0.7339              74.7300             0.6796              36             
1              [37888/60000]       0.6785              76.3500             0.7648              37             
1              [38912/60000]       0.7443              75.6200             0.6726              38             
1              [39936/60000]       0.6655              77.1000             0.6689              39             
1              [40960/60000]       0.6255              72.1800             0.7391              40             
1              [41984/60000]       0.7162              78.0300             0.7821              41             
1              [43008/60000]       0.7577              78.5800             0.6206              42             
1              [44032/60000]       0.6246              78.5400             0.6047              43             
1              [45056/60000]       0.5818              77.4100             0.6358              44             
1              [46080/60000]       0.6274              76.4000             0.6850              45             
1              [47104/60000]       0.6965              76.4900             0.6442              46             
1              [48128/60000]       0.6507              77.0800             0.6551              47             
1              [49152/60000]       0.5753              77.6000             0.6214              48             
1              [50176/60000]       0.5365              77.8600             0.6302              49             
1              [51200/60000]       0.6238              73.7400             0.7076              50             
1              [52224/60000]       0.6480              76.7100             0.7261              51             
1              [53248/60000]       0.7330              74.8100             0.6854              52             
1              [54272/60000]       0.6869              76.6300             0.6743              53             
1              [55296/60000]       0.6537              76.0500             0.6510              54             
1              [56320/60000]       0.5789              77.0400             0.6520              55             
1              [57344/60000]       0.6139              75.4100             0.6624              56             
1              [58368/60000]       0.6274              77.7400             0.7022              57             
1              [59392/60000]       0.7213              77.8700             0.6267              58             
1              [35872/60000]       0.5703              78.1900             0.6079              59             
2              [1024/60000]        0.5605              79.3100             0.5839              60             
2              [2048/60000]        0.5499              79.7000             0.5808              61             
2              [3072/60000]        0.5934              77.6300             0.6036              62             
2              [4096/60000]        0.5831              78.7900             0.6265              63             
2              [5120/60000]        0.6372              76.7800             0.6472              64             
2              [6144/60000]        0.5459              79.4500             0.6236              65             
2              [7168/60000]        0.5427              79.9500             0.5706              66             
2              [8192/60000]        0.5172              79.5600             0.5969              67             
2              [9216/60000]        0.6220              76.4100             0.6544              68             
2              [10240/60000]       0.6626              78.0600             0.7293              69             
2              [11264/60000]       0.6897              79.3300             0.5823              70             
2              [12288/60000]       0.5926              76.7200             0.6553              71             
2              [13312/60000]       0.6487              75.7300             0.6696              72             
2              [14336/60000]       0.5457              79.1600             0.6128              73             
2              [15360/60000]       0.6096              77.0000             0.6352              74             
2              [16384/60000]       0.6197              79.6300             0.5979              75             
2              [17408/60000]       0.5611              79.4800             0.5744              76             
2              [18432/60000]       0.5961              80.0400             0.5688              77             
2              [19456/60000]       0.5814              77.6400             0.6274              78             
2              [20480/60000]       0.6911              77.0900             0.6783              79             
2              [21504/60000]       0.5989              79.1800             0.5992              80             
2              [22528/60000]       0.6169              78.5200             0.5920              81             
2              [23552/60000]       0.6028              77.3400             0.7014              82             
2              [24576/60000]       0.7339              78.0500             0.6109              83             
2              [25600/60000]       0.6120              79.1500             0.5979              84             
2              [26624/60000]       0.5923              78.5200             0.5907              85             
2              [27648/60000]       0.6229              78.1800             0.6289              86             
2              [28672/60000]       0.5651              79.5900             0.5724              87             
2              [29696/60000]       0.5566              80.2000             0.5567              88             
2              [30720/60000]       0.5224              79.7900             0.5669              89             
2              [31744/60000]       0.4861              80.7400             0.5480              90             
2              [32768/60000]       0.5417              77.8300             0.5995              91             
2              [33792/60000]       0.5146              78.9800             0.6674              92             
2              [34816/60000]       0.6060              78.7400             0.5840              93             
2              [35840/60000]       0.5574              77.4000             0.6726              94             
2              [36864/60000]       0.7180              75.3000             0.6830              95             
2              [37888/60000]       0.6691              78.9500             0.6589              96             
2              [38912/60000]       0.6177              78.0500             0.5934              97             
2              [39936/60000]       0.5361              78.8900             0.6342              98             
2              [40960/60000]       0.5692              77.4200             0.6216              99             
2              [41984/60000]       0.6054              78.9100             0.6153              100            
2              [43008/60000]       0.5866              76.3800             0.6713              101            
2              [44032/60000]       0.6184              78.1100             0.6680              102            
2              [45056/60000]       0.6318              76.4500             0.6623              103            
2              [46080/60000]       0.6475              78.2900             0.6828              104            
2              [47104/60000]       0.5763              78.1300             0.6084              105            
2              [48128/60000]       0.5802              79.8200             0.5892              106            
2              [49152/60000]       0.5868              77.6700             0.6274              107            
2              [50176/60000]       0.6077              79.0600             0.6375              108            
2              [51200/60000]       0.5541              76.5700             0.6416              109            
2              [52224/60000]       0.5844              78.9900             0.6804              110            
2              [53248/60000]       0.7709              75.3100             0.7342              111            
2              [54272/60000]       0.7425              77.5800             0.7376              112            
2              [55296/60000]       0.7035              78.1600             0.6151              113            
2              [56320/60000]       0.5506              81.0300             0.5567              114            
2              [57344/60000]       0.5420              79.5800             0.5724              115            
2              [58368/60000]       0.5922              80.0500             0.5984              116            
2              [59392/60000]       0.6023              77.7600             0.6230              117            
2              [35872/60000]       0.5813              79.4700             0.6178              118            
3              [1024/60000]        0.5879              78.1100             0.6288              119            
3              [2048/60000]        0.6048              78.5500             0.6511              120            
3              [3072/60000]        0.6151              77.0900             0.6615              121            
3              [4096/60000]        0.5999              80.8500             0.5684              122            
3              [5120/60000]        0.5244              79.5300             0.5596              123            
3              [6144/60000]        0.4387              80.7700             0.5867              124            
3              [7168/60000]        0.5670              80.8300             0.5348              125            
3              [8192/60000]        0.5044              80.7900             0.5690              126            
3              [9216/60000]        0.5708              76.4400             0.6436              127            
3              [10240/60000]       0.5942              79.1600             0.7066              128            
3              [11264/60000]       0.7229              79.6100             0.5848              129            
3              [12288/60000]       0.5590              78.7500             0.6257              130            
3              [13312/60000]       0.5751              76.7000             0.6411              131            
3              [14336/60000]       0.6176              79.7200             0.6082              132            
3              [15360/60000]       0.5850              79.8600             0.5635              133            
3              [16384/60000]       0.5134              80.0800             0.5814              134            
3              [17408/60000]       0.5650              80.1500             0.5783              135            
3              [18432/60000]       0.5391              79.4100             0.5819              136            
3              [19456/60000]       0.5612              79.5700             0.6159              137            
3              [20480/60000]       0.6049              78.8500             0.5969              138            
3              [21504/60000]       0.5256              78.6500             0.6520              139            
3              [22528/60000]       0.5441              81.3800             0.5323              140            
3              [23552/60000]       0.4447              81.1600             0.5376              141            
3              [24576/60000]       0.4904              82.3200             0.5141              142            
3              [25600/60000]       0.5359              80.1800             0.5502              143            
3              [26624/60000]       0.4961              79.7200             0.6446              144            
3              [27648/60000]       0.6162              78.3100             0.5994              145            
3              [28672/60000]       0.5779              79.9400             0.6068              146            
3              [29696/60000]       0.5798              78.0100             0.6236              147            
3              [30720/60000]       0.5717              79.4100             0.6278              148            
3              [31744/60000]       0.6022              77.6300             0.6417              149            
3              [32768/60000]       0.6269              78.8400             0.6830              150            
3              [33792/60000]       0.6499              78.4300             0.6290              151            
3              [34816/60000]       0.5904              80.2000             0.5979              152            
3              [35840/60000]       0.5154              79.1300             0.5894              153            
3              [36864/60000]       0.5271              80.0100             0.6059              154            
3              [37888/60000]       0.6185              76.4600             0.6944              155            
3              [38912/60000]       0.6763              80.0500             0.6500              156            
3              [39936/60000]       0.6785              78.2500             0.6393              157            
3              [40960/60000]       0.5695              81.0100             0.5617              158            
3              [41984/60000]       0.5605              78.6900             0.5989              159            
3              [43008/60000]       0.5703              80.4000             0.5758              160            
3              [44032/60000]       0.5222              79.7900             0.5697              161            
3              [45056/60000]       0.5521              79.5500             0.6111              162            
3              [46080/60000]       0.5477              79.7700             0.5695              163            
3              [47104/60000]       0.5444              81.6300             0.5367              164            
3              [48128/60000]       0.4668              81.2600             0.5219              165            
3              [49152/60000]       0.5076              81.9900             0.5213              166            
3              [50176/60000]       0.5044              81.5600             0.5229              167            
3              [51200/60000]       0.5013              81.6300             0.5439              168            
3              [52224/60000]       0.4823              81.4000             0.5269              169            
3              [53248/60000]       0.4820              80.6900             0.5781              170            
3              [54272/60000]       0.6204              78.2900             0.6147              171            
3              [55296/60000]       0.5675              79.7900             0.6494              172            
3              [56320/60000]       0.6416              79.4100             0.5858              173            
3              [57344/60000]       0.6025              76.5800             0.7115              174            
3              [58368/60000]       0.6876              77.5500             0.6669              175            
3              [59392/60000]       0.6570              78.6300             0.6412              176            
3              [35872/60000]       0.6084              79.3400             0.6182              177            
4              [1024/60000]        0.5197              81.9700             0.5313              178            
4              [2048/60000]        0.4844              81.5400             0.5281              179            
4              [3072/60000]        0.4939              81.4800             0.5690              180            
4              [4096/60000]        0.5512              78.3800             0.5975              181            
4              [5120/60000]        0.5558              79.6300             0.6622              182            
4              [6144/60000]        0.6354              77.8100             0.6258              183            
4              [7168/60000]        0.5830              78.9400             0.6657              184            
4              [8192/60000]        0.6578              76.4800             0.6932              185            
4              [9216/60000]        0.6465              79.4600             0.6699              186            
4              [10240/60000]       0.6313              78.4700             0.6071              187            
4              [11264/60000]       0.6140              78.5800             0.6794              188            
4              [12288/60000]       0.6515              77.7700             0.6487              189            
4              [13312/60000]       0.6221              79.4200             0.6591              190            
4              [14336/60000]       0.6783              77.3300             0.6528              191            
4              [15360/60000]       0.6765              78.9600             0.6489              192            
4              [16384/60000]       0.6314              77.6100             0.6490              193            
4              [17408/60000]       0.5513              81.0000             0.5863              194            
4              [18432/60000]       0.5225              80.8600             0.5397              195            
4              [19456/60000]       0.4525              81.9200             0.5435              196            
4              [20480/60000]       0.4674              81.2500             0.5272              197            
4              [21504/60000]       0.5455              81.8100             0.5427              198            
4              [22528/60000]       0.4804              80.3700             0.5513              199            
4              [23552/60000]       0.5172              81.1900             0.5517              200            
4              [24576/60000]       0.5436              78.4000             0.5995              201            
4              [25600/60000]       0.5438              80.8000             0.6322              202            
4              [26624/60000]       0.6159              80.4900             0.5511              203            
4              [27648/60000]       0.5366              80.2700             0.6145              204            
4              [28672/60000]       0.5828              78.3700             0.6160              205            
4              [29696/60000]       0.5858              81.1200             0.5690              206            
4              [30720/60000]       0.5721              79.8500             0.5673              207            
4              [31744/60000]       0.5069              80.4500             0.5941              208            
4              [32768/60000]       0.6031              79.1600             0.5989              209            
4              [33792/60000]       0.5264              80.5400             0.5821              210            
4              [34816/60000]       0.5529              80.0200             0.5779              211            
4              [35840/60000]       0.5724              78.7900             0.6280              212            
4              [36864/60000]       0.6152              80.1100             0.5903              213            
4              [37888/60000]       0.5100              80.1100             0.5701              214            
4              [38912/60000]       0.4957              80.9700             0.6077              215            
4              [39936/60000]       0.5915              80.4200             0.5711              216            
4              [40960/60000]       0.4628              82.2600             0.5369              217            
4              [41984/60000]       0.5253              81.0800             0.5341              218            
4              [43008/60000]       0.5039              80.7500             0.6148              219            
4              [44032/60000]       0.5997              80.9400             0.5542              220            
4              [45056/60000]       0.5615              81.5400             0.5517              221            
4              [46080/60000]       0.4774              80.4200             0.5612              222            
4              [47104/60000]       0.5905              80.7900             0.6013              223            
4              [48128/60000]       0.5727              79.9000             0.5782              224            
4              [49152/60000]       0.4855              82.5200             0.5131              225            
4              [50176/60000]       0.4207              82.2100             0.5142              226            
4              [51200/60000]       0.4919              81.7600             0.5395              227            
4              [52224/60000]       0.4484              81.4100             0.5184              228            
4              [53248/60000]       0.4728              81.2700             0.5868              229            
4              [54272/60000]       0.5208              78.8200             0.5935              230            
4              [55296/60000]       0.5828              78.8700             0.6900              231            
4              [56320/60000]       0.6850              78.8300             0.5919              232            
4              [57344/60000]       0.5498              78.3300             0.6838              233            
4              [58368/60000]       0.6731              78.0100             0.6496              234            
4              [59392/60000]       0.5692              80.6400             0.5827              235            
4              [35872/60000]       0.5106              80.2800             0.5653              236            
5              [1024/60000]        0.5891              79.5000             0.6191              237            
5              [2048/60000]        0.4663              80.5800             0.5417              238            
5              [3072/60000]        0.4845              79.6700             0.6439              239            
5              [4096/60000]        0.5976              76.1300             0.7123              240            
5              [5120/60000]        0.6372              79.2700             0.6493              241            
5              [6144/60000]        0.6439              77.9300             0.6447              242            
5              [7168/60000]        0.5838              77.8400             0.6477              243            
5              [8192/60000]        0.6533              76.6700             0.6998              244            
5              [9216/60000]        0.6176              79.9000             0.6148              245            
5              [10240/60000]       0.6129              75.9800             0.7330              246            
5              [11264/60000]       0.6375              80.5200             0.5968              247            
5              [12288/60000]       0.5630              78.7500             0.6184              248            
5              [13312/60000]       0.5744              79.8900             0.6391              249            
5              [14336/60000]       0.6377              79.0600             0.6248              250            
5              [15360/60000]       0.5288              80.2100             0.6355              251            
5              [16384/60000]       0.5126              80.2100             0.5579              252            
5              [17408/60000]       0.5190              81.2500             0.5768              253            
5              [18432/60000]       0.5549              79.5600             0.5682              254            
5              [19456/60000]       0.5022              81.9000             0.5761              255            
5              [20480/60000]       0.4973              81.5600             0.5245              256            
5              [21504/60000]       0.5025              81.5000             0.5835              257            
5              [22528/60000]       0.5246              80.9100             0.5387              258            
5              [23552/60000]       0.5002              81.8500             0.5520              259            
5              [24576/60000]       0.5367              79.7700             0.5874              260            
5              [25600/60000]       0.5074              80.5100             0.5841              261            
5              [26624/60000]       0.5849              77.2500             0.6726              262            
5              [27648/60000]       0.5938              80.1100             0.6588              263            
5              [28672/60000]       0.6489              78.0000             0.6479              264            
5              [29696/60000]       0.5722              80.4700             0.6019              265            
5              [30720/60000]       0.5572              76.9100             0.6794              266            
5              [31744/60000]       0.6738              78.2400             0.7115              267            
5              [32768/60000]       0.6620              77.8400             0.6710              268            
5              [33792/60000]       0.6491              79.5000             0.6683              269            
5              [34816/60000]       0.6925              80.3200             0.6042              270            
5              [35840/60000]       0.6421              76.6000             0.7726              271            
5              [36864/60000]       0.7720              81.3200             0.6399              272            
5              [37888/60000]       0.6533              82.2900             0.5105              273            
5              [38912/60000]       0.4711              82.1200             0.5483              274            
5              [39936/60000]       0.5744              80.3400             0.5497              275            
5              [40960/60000]       0.4744              82.0500             0.5752              276            
5              [41984/60000]       0.5435              80.9800             0.5359              277            
5              [43008/60000]       0.5217              81.6900             0.5911              278            
5              [44032/60000]       0.5362              81.5800             0.5266              279            
5              [45056/60000]       0.5191              81.1100             0.6010              280            
5              [46080/60000]       0.5284              81.7200             0.5362              281            
5              [47104/60000]       0.5017              82.1000             0.5653              282            
5              [48128/60000]       0.5548              80.2300             0.5740              283            
5              [49152/60000]       0.4667              81.3500             0.6017              284            
5              [50176/60000]       0.5419              80.9700             0.5392              285            
5              [51200/60000]       0.5087              81.9500             0.5543              286            
5              [52224/60000]       0.5525              80.8100             0.5401              287            
5              [53248/60000]       0.4955              80.3400             0.5995              288            
5              [54272/60000]       0.5372              79.3300             0.5960              289            
5              [55296/60000]       0.5511              81.4100             0.6564              290            
5              [56320/60000]       0.6612              79.7900             0.5875              291            
5              [57344/60000]       0.5987              81.5600             0.5839              292            
5              [58368/60000]       0.5465              81.2700             0.5221              293            
5              [59392/60000]       0.4694              82.2300             0.5583              294            
5              [35872/60000]       0.5505              79.7600             0.5785              295            
6              [1024/60000]        0.5705              80.2000             0.6349              296            
6              [2048/60000]        0.6035              79.1700             0.5900              297            
6              [3072/60000]        0.5109              80.7600             0.6146              298            
6              [4096/60000]        0.5323              79.5200             0.5953              299            
6              [5120/60000]        0.6025              79.3500             0.6693              300            
6              [6144/60000]        0.6161              78.6600             0.6133              301            
6              [7168/60000]        0.5311              80.9200             0.6032              302            
6              [8192/60000]        0.5547              79.5900             0.5718              303            
6              [9216/60000]        0.4902              80.8900             0.6245              304            
6              [10240/60000]       0.5942              80.0800             0.5693              305            
6              [11264/60000]       0.5517              80.4000             0.6312              306            
6              [12288/60000]       0.5611              77.9300             0.6630              307            
6              [13312/60000]       0.6008              78.7700             0.6627              308            
6              [14336/60000]       0.6079              78.2200             0.6500              309            
6              [15360/60000]       0.6303              79.6300             0.6379              310            
6              [16384/60000]       0.5905              79.3500             0.6170              311            
6              [17408/60000]       0.5689              80.5800             0.6007              312            
6              [18432/60000]       0.5695              79.7900             0.6041              313            
6              [19456/60000]       0.4436              82.4700             0.5298              314            
6              [20480/60000]       0.4817              81.3100             0.5429              315            
6              [21504/60000]       0.5189              81.6200             0.5677              316            
6              [22528/60000]       0.5295              78.8500             0.5924              317            
6              [23552/60000]       0.5425              80.3900             0.7071              318            
6              [24576/60000]       0.7180              80.9900             0.5640              319            
6              [25600/60000]       0.5328              79.7400             0.6095              320            
6              [26624/60000]       0.6055              79.7000             0.6163              321            
6              [27648/60000]       0.5756              81.5600             0.5967              322            
6              [28672/60000]       0.5907              79.6300             0.5835              323            
6              [29696/60000]       0.5642              80.4900             0.6940              324            
6              [30720/60000]       0.7023              78.7800             0.6285              325            
6              [31744/60000]       0.5958              81.0300             0.5833              326            
6              [32768/60000]       0.5915              78.8100             0.6304              327            
6              [33792/60000]       0.5845              80.3300             0.6271              328            
6              [34816/60000]       0.5421              81.5400             0.5465              329            
6              [35840/60000]       0.5633              81.3500             0.5550              330            
6              [36864/60000]       0.5085              81.8000             0.5337              331            
6              [37888/60000]       0.4643              81.2800             0.5589              332            
6              [38912/60000]       0.5393              78.8100             0.6318              333            
6              [39936/60000]       0.5847              78.3600             0.6844              334            
6              [40960/60000]       0.6537              80.3200             0.6013              335            
6              [41984/60000]       0.5513              80.3800             0.6030              336            
6              [43008/60000]       0.5884              80.2800             0.5955              337            
6              [44032/60000]       0.5598              81.0500             0.5534              338            
6              [45056/60000]       0.4970              80.5800             0.6119              339            
