Current_Epoch  Batch/Total         CE_Train            Accuracy(%)         CE_TEST             Batch_Number   
0              [0/60000]           --                  9.020               2.3061              0
1              [1024/60000]        2.3084              44.8500             2.7925              1              
1              [2048/60000]        2.5279              32.9800             9.1327              2              
1              [3072/60000]        9.1872              34.8500             7.8668              3              
1              [4096/60000]        7.9235              19.3400             10.4346             4              
1              [5120/60000]        9.8079              47.3400             8.8259              5              
1              [6144/60000]        8.7715              40.1100             7.1418              6              
1              [7168/60000]        7.3103              42.9500             2.8476              7              
1              [8192/60000]        2.7469              69.9200             1.3999              8              
1              [9216/60000]        1.3781              79.4100             0.6864              9              
1              [10240/60000]       0.7364              78.1100             0.6750              10             
1              [11264/60000]       0.6743              76.5300             0.8618              11             
1              [12288/60000]       0.8168              76.8500             0.9031              12             
1              [13312/60000]       0.8604              82.3300             0.5694              13             
1              [14336/60000]       0.6659              81.8500             0.5786              14             
1              [15360/60000]       0.5869              82.1600             0.5531              15             
1              [16384/60000]       0.6406              84.5000             0.4793              16             
1              [17408/60000]       0.5139              87.4900             0.4146              17             
1              [18432/60000]       0.5061              86.9100             0.4231              18             
1              [19456/60000]       0.4295              87.9600             0.3947              19             
1              [20480/60000]       0.4370              87.8300             0.3923              20             
1              [21504/60000]       0.4352              88.2800             0.3851              21             
1              [22528/60000]       0.3860              89.6400             0.3440              22             
1              [23552/60000]       0.3671              89.8400             0.3371              23             
1              [24576/60000]       0.3270              90.3400             0.3285              24             
1              [25600/60000]       0.3098              90.3200             0.3302              25             
1              [26624/60000]       0.3345              89.4100             0.3452              26             
1              [27648/60000]       0.4155              90.0600             0.3294              27             
1              [28672/60000]       0.3646              90.1000             0.3274              28             
1              [29696/60000]       0.3310              90.6000             0.3173              29             
1              [30720/60000]       0.3096              90.4000             0.3181              30             
1              [31744/60000]       0.3136              90.6100             0.3146              31             
1              [32768/60000]       0.3070              90.0800             0.3236              32             
1              [33792/60000]       0.3255              88.9800             0.3485              33             
1              [34816/60000]       0.4368              83.1100             0.4984              34             
1              [35840/60000]       0.5083              77.7200             0.7847              35             
1              [36864/60000]       0.7958              81.6600             0.9188              36             
1              [37888/60000]       1.0223              85.1000             0.4956              37             
1              [38912/60000]       0.4813              89.6400             0.3569              38             
1              [39936/60000]       0.3331              89.8200             0.3338              39             
1              [40960/60000]       0.3855              90.6100             0.3121              40             
1              [41984/60000]       0.2919              90.7600             0.3110              41             
1              [43008/60000]       0.3122              91.2400             0.2941              42             
1              [44032/60000]       0.2936              91.6100             0.2905              43             
1              [45056/60000]       0.2962              91.6800             0.2770              44             
1              [46080/60000]       0.2867              91.5100             0.2860              45             
1              [47104/60000]       0.2673              90.5400             0.3058              46             
1              [48128/60000]       0.3166              89.7800             0.3407              47             
1              [49152/60000]       0.3413              90.7400             0.2970              48             
1              [50176/60000]       0.3631              90.3600             0.3203              49             
1              [51200/60000]       0.3255              89.2600             0.3411              50             
1              [52224/60000]       0.3608              90.7200             0.3045              51             
1              [53248/60000]       0.3431              89.2800             0.3320              52             
1              [54272/60000]       0.3894              88.2400             0.3890              53             
1              [55296/60000]       0.3555              88.1900             0.3738              54             
1              [56320/60000]       0.4397              85.9100             0.4432              55             
1              [57344/60000]       0.4114              85.7300             0.4713              56             
1              [58368/60000]       0.4259              87.3400             0.4026              57             
1              [59392/60000]       0.4798              85.2300             0.4778              58             
1              [35872/60000]       0.4695              84.6400             0.5480              59             
2              [1024/60000]        0.5469              88.9700             0.3543              60             
2              [2048/60000]        0.3759              87.5300             0.3720              61             
2              [3072/60000]        0.4035              82.4400             0.5622              62             
2              [4096/60000]        0.6004              77.4200             0.7727              63             
2              [5120/60000]        0.8255              82.3700             0.7658              64             
2              [6144/60000]        0.8188              88.7000             0.3769              65             
2              [7168/60000]        0.3486              92.9900             0.2475              66             
2              [8192/60000]        0.2463              93.6400             0.2228              67             
2              [9216/60000]        0.1911              93.7800             0.2203              68             
2              [10240/60000]       0.2209              93.6100             0.2253              69             
2              [11264/60000]       0.1881              93.8900             0.2124              70             
2              [12288/60000]       0.2338              94.0000             0.2092              71             
2              [13312/60000]       0.2053              93.8600             0.2125              72             
2              [14336/60000]       0.2103              94.0300             0.2102              73             
2              [15360/60000]       0.2024              94.2600             0.2017              74             
2              [16384/60000]       0.2136              94.2500             0.2012              75             
2              [17408/60000]       0.2231              94.0600             0.2104              76             
2              [18432/60000]       0.2462              94.3800             0.2012              77             
2              [19456/60000]       0.1965              94.4800             0.1977              78             
2              [20480/60000]       0.2074              94.1800             0.2024              79             
2              [21504/60000]       0.2150              94.5000             0.1961              80             
2              [22528/60000]       0.1954              94.5700             0.1934              81             
2              [23552/60000]       0.1916              94.5400             0.1913              82             
2              [24576/60000]       0.1986              94.5300             0.1918              83             
2              [25600/60000]       0.2056              94.5200             0.1960              84             
2              [26624/60000]       0.1922              94.2100             0.1991              85             
2              [27648/60000]       0.1963              94.2000             0.1991              86             
2              [28672/60000]       0.2313              94.5900             0.1918              87             
2              [29696/60000]       0.1715              94.6200             0.1873              88             
2              [30720/60000]       0.2034              94.3300             0.1961              89             
2              [31744/60000]       0.2398              94.2200             0.1969              90             
2              [32768/60000]       0.2472              93.4200             0.2208              91             
2              [33792/60000]       0.2187              92.9400             0.2348              92             
2              [34816/60000]       0.2574              93.6800             0.2123              93             
2              [35840/60000]       0.2054              94.7500             0.1867              94             
2              [36864/60000]       0.2149              94.8400             0.1806              95             
2              [37888/60000]       0.1699              95.0000             0.1782              96             
2              [38912/60000]       0.1829              94.7500             0.1796              97             
2              [39936/60000]       0.2021              94.7800             0.1807              98             
2              [40960/60000]       0.2004              94.5000             0.1837              99             
2              [41984/60000]       0.1896              95.0700             0.1739              100            
2              [43008/60000]       0.2084              95.2400             0.1692              101            
2              [44032/60000]       0.1629              95.0100             0.1711              102            
2              [45056/60000]       0.2095              95.2200             0.1733              103            
2              [46080/60000]       0.1572              95.2200             0.1672              104            
2              [47104/60000]       0.1677              95.3000             0.1717              105            
2              [48128/60000]       0.1630              95.2200             0.1649              106            
2              [49152/60000]       0.1733              95.2200             0.1612              107            
2              [50176/60000]       0.1634              94.8100             0.1764              108            
2              [51200/60000]       0.2033              94.9900             0.1785              109            
2              [52224/60000]       0.1795              94.7800             0.1800              110            
2              [53248/60000]       0.2102              93.9400             0.2009              111            
2              [54272/60000]       0.2332              94.2200             0.1909              112            
2              [55296/60000]       0.1910              94.3600             0.1882              113            
2              [56320/60000]       0.2206              94.6500             0.1814              114            
2              [57344/60000]       0.1934              93.8100             0.2013              115            
2              [58368/60000]       0.2058              94.3300             0.1836              116            
2              [59392/60000]       0.2184              94.7200             0.1820              117            
2              [35872/60000]       0.1582              95.0700             0.1659              118            
3              [1024/60000]        0.1549              95.6600             0.1501              119            
3              [2048/60000]        0.1485              95.6400             0.1523              120            
3              [3072/60000]        0.1461              95.6400             0.1471              121            
3              [4096/60000]        0.1284              95.8500             0.1473              122            
3              [5120/60000]        0.1868              95.2900             0.1608              123            
3              [6144/60000]        0.1687              94.7100             0.1760              124            
3              [7168/60000]        0.1841              93.7200             0.2027              125            
3              [8192/60000]        0.1682              94.4000             0.1761              126            
3              [9216/60000]        0.1697              94.6000             0.1815              127            
3              [10240/60000]       0.2213              93.4000             0.2063              128            
3              [11264/60000]       0.1959              93.6000             0.2052              129            
3              [12288/60000]       0.1824              93.9200             0.1932              130            
3              [13312/60000]       0.1969              93.0900             0.2156              131            
3              [14336/60000]       0.2110              93.3800             0.2016              132            
3              [15360/60000]       0.2014              94.4800             0.1760              133            
3              [16384/60000]       0.1708              95.2400             0.1579              134            
3              [17408/60000]       0.1378              95.6600             0.1437              135            
3              [18432/60000]       0.1727              95.1200             0.1606              136            
3              [19456/60000]       0.1795              95.2700             0.1599              137            
3              [20480/60000]       0.1974              94.5300             0.1731              138            
3              [21504/60000]       0.1558              95.7400             0.1411              139            
3              [22528/60000]       0.1298              95.8800             0.1374              140            
3              [23552/60000]       0.1281              96.0000             0.1336              141            
3              [24576/60000]       0.1513              95.7100             0.1453              142            
3              [25600/60000]       0.1724              95.7100             0.1433              143            
3              [26624/60000]       0.1517              96.1900             0.1337              144            
3              [27648/60000]       0.1124              96.2200             0.1286              145            
3              [28672/60000]       0.1256              96.3200             0.1263              146            
3              [29696/60000]       0.1328              95.8200             0.1347              147            
3              [30720/60000]       0.1207              96.5000             0.1227              148            
3              [31744/60000]       0.1228              96.4000             0.1216              149            
3              [32768/60000]       0.1314              96.6200             0.1207              150            
3              [33792/60000]       0.1316              96.3600             0.1263              151            
3              [34816/60000]       0.1058              96.4800             0.1207              152            
3              [35840/60000]       0.1375              96.6000             0.1200              153            
3              [36864/60000]       0.1522              96.5000             0.1223              154            
3              [37888/60000]       0.1266              96.6900             0.1157              155            
3              [38912/60000]       0.1198              96.5700             0.1249              156            
3              [39936/60000]       0.1307              96.5700             0.1187              157            
3              [40960/60000]       0.1256              96.6100             0.1170              158            
3              [41984/60000]       0.1325              96.5700             0.1200              159            
3              [43008/60000]       0.1112              96.2500             0.1261              160            
3              [44032/60000]       0.1472              94.9000             0.1600              161            
3              [45056/60000]       0.1639              93.9600             0.1836              162            
3              [46080/60000]       0.1774              94.3800             0.1781              163            
3              [47104/60000]       0.2284              90.6900             0.2816              164            
3              [48128/60000]       0.3148              86.3600             0.4546              165            
3              [49152/60000]       0.4705              89.8400             0.3094              166            
3              [50176/60000]       0.3419              92.1300             0.2353              167            
3              [51200/60000]       0.2856              93.6600             0.1915              168            
3              [52224/60000]       0.2164              94.7700             0.1671              169            
3              [53248/60000]       0.1651              95.3500             0.1459              170            
3              [54272/60000]       0.1460              96.2400             0.1239              171            
3              [55296/60000]       0.1529              95.8800             0.1307              172            
3              [56320/60000]       0.1539              96.4100             0.1183              173            
3              [57344/60000]       0.1090              96.6600             0.1112              174            
3              [58368/60000]       0.0900              96.7700             0.1089              175            
3              [59392/60000]       0.1235              96.5800             0.1152              176            
3              [35872/60000]       0.1023              96.2900             0.1184              177            
4              [1024/60000]        0.1163              96.6400             0.1140              178            
4              [2048/60000]        0.1121              96.5800             0.1137              179            
4              [3072/60000]        0.1077              96.8200             0.1085              180            
4              [4096/60000]        0.1099              96.8400             0.1049              181            
4              [5120/60000]        0.1173              96.7900             0.1084              182            
4              [6144/60000]        0.1293              96.6600             0.1103              183            
4              [7168/60000]        0.1019              96.9100             0.1050              184            
4              [8192/60000]        0.1124              96.9600             0.1068              185            
4              [9216/60000]        0.1025              96.8100             0.1106              186            
4              [10240/60000]       0.1092              96.3400             0.1206              187            
4              [11264/60000]       0.1341              96.2700             0.1216              188            
4              [12288/60000]       0.1223              96.9500             0.1035              189            
4              [13312/60000]       0.1145              97.0200             0.1041              190            
4              [14336/60000]       0.0880              96.7700             0.1050              191            
4              [15360/60000]       0.1031              96.9800             0.1049              192            
4              [16384/60000]       0.0998              96.9300             0.1054              193            
4              [17408/60000]       0.0831              96.9700             0.1011              194            
4              [18432/60000]       0.0959              97.0300             0.0995              195            
4              [19456/60000]       0.0994              97.0900             0.1007              196            
4              [20480/60000]       0.1218              96.9500             0.1008              197            
4              [21504/60000]       0.0964              97.1700             0.0996              198            
4              [22528/60000]       0.1085              96.9000             0.1012              199            
4              [23552/60000]       0.1177              95.8700             0.1313              200            
4              [24576/60000]       0.1529              94.0300             0.1832              201            
4              [25600/60000]       0.1712              92.8400             0.2118              202            
4              [26624/60000]       0.2242              88.2800             0.4080              203            
4              [27648/60000]       0.4242              88.7200             0.3352              204            
4              [28672/60000]       0.2854              88.7800             0.3953              205            
4              [29696/60000]       0.4026              93.8900             0.1858              206            
4              [30720/60000]       0.1772              94.8800             0.1644              207            
4              [31744/60000]       0.1772              95.9000             0.1299              208            
4              [32768/60000]       0.1275              96.5600             0.1103              209            
4              [33792/60000]       0.1127              96.7700             0.1041              210            
4              [34816/60000]       0.0882              97.0000             0.0974              211            
4              [35840/60000]       0.1058              97.0200             0.0981              212            
4              [36864/60000]       0.1180              96.9300             0.0994              213            
4              [37888/60000]       0.1047              97.0000             0.0967              214            
4              [38912/60000]       0.0824              97.0500             0.0953              215            
4              [39936/60000]       0.1484              96.9400             0.0979              216            
4              [40960/60000]       0.1042              97.1200             0.0951              217            
4              [41984/60000]       0.0971              97.1300             0.0917              218            
4              [43008/60000]       0.0794              97.1300             0.0928              219            
4              [44032/60000]       0.0948              97.1600             0.0943              220            
4              [45056/60000]       0.0991              97.0300             0.0945              221            
4              [46080/60000]       0.1102              97.1400             0.0937              222            
4              [47104/60000]       0.1048              97.1900             0.0908              223            
4              [48128/60000]       0.0926              96.8200             0.1022              224            
4              [49152/60000]       0.0777              97.2500             0.0917              225            
4              [50176/60000]       0.0848              97.1200             0.0955              226            
4              [51200/60000]       0.0926              97.0100             0.0930              227            
4              [52224/60000]       0.0959              97.3100             0.0891              228            
4              [53248/60000]       0.0970              97.3200             0.0908              229            
4              [54272/60000]       0.0983              97.2700             0.0932              230            
4              [55296/60000]       0.0981              97.1900             0.0928              231            
4              [56320/60000]       0.0756              97.2200             0.0915              232            
4              [57344/60000]       0.0748              97.2400             0.0872              233            
4              [58368/60000]       0.0919              97.1100             0.0911              234            
4              [59392/60000]       0.0855              97.3400             0.0910              235            
4              [35872/60000]       0.0862              97.2700             0.0909              236            
5              [1024/60000]        0.0823              97.2900             0.0880              237            
5              [2048/60000]        0.0568              97.3100             0.0857              238            
5              [3072/60000]        0.0807              97.3800             0.0855              239            
5              [4096/60000]        0.0828              97.2700             0.0874              240            
5              [5120/60000]        0.0888              97.2400             0.0880              241            
5              [6144/60000]        0.0858              97.4200             0.0869              242            
5              [7168/60000]        0.1047              97.1700             0.0909              243            
5              [8192/60000]        0.0828              97.3800             0.0864              244            
5              [9216/60000]        0.0772              97.1200             0.0909              245            
5              [10240/60000]       0.0861              96.6300             0.1080              246            
5              [11264/60000]       0.1066              94.7400             0.1570              247            
5              [12288/60000]       0.1678              91.0400             0.3259              248            
5              [13312/60000]       0.3927              86.9800             0.6216              249            
5              [14336/60000]       0.6061              90.1300             0.3325              250            
5              [15360/60000]       0.3233              93.7200             0.1980              251            
5              [16384/60000]       0.1933              94.8400             0.1530              252            
5              [17408/60000]       0.1751              94.4400             0.1735              253            
5              [18432/60000]       0.1631              95.3400             0.1358              254            
5              [19456/60000]       0.1249              96.8800             0.0963              255            
5              [20480/60000]       0.0766              97.0800             0.0912              256            
5              [21504/60000]       0.0819              97.1400             0.0932              257            
5              [22528/60000]       0.0813              97.2300             0.0863              258            
5              [23552/60000]       0.1066              97.2800             0.0895              259            
5              [24576/60000]       0.0712              97.2700             0.0870              260            
5              [25600/60000]       0.1008              97.3100             0.0889              261            
5              [26624/60000]       0.0973              97.2800             0.0873              262            
5              [27648/60000]       0.0732              97.3300             0.0841              263            
5              [28672/60000]       0.0744              97.3200             0.0848              264            
5              [29696/60000]       0.0617              97.4200             0.0836              265            
5              [30720/60000]       0.0840              97.3000             0.0862              266            
5              [31744/60000]       0.0912              97.3800             0.0863              267            
5              [32768/60000]       0.0991              97.3700             0.0837              268            
5              [33792/60000]       0.0957              97.4900             0.0811              269            
5              [34816/60000]       0.0888              97.4500             0.0834              270            
5              [35840/60000]       0.1053              97.5200             0.0836              271            
5              [36864/60000]       0.1097              97.1700             0.0893              272            
5              [37888/60000]       0.0776              97.5700             0.0826              273            
5              [38912/60000]       0.0524              97.4700             0.0809              274            
5              [39936/60000]       0.1001              97.4300             0.0822              275            
5              [40960/60000]       0.0793              97.3900             0.0852              276            
5              [41984/60000]       0.1030              97.4800             0.0812              277            
5              [43008/60000]       0.0987              96.7900             0.0968              278            
5              [44032/60000]       0.0832              97.3600             0.0837              279            
5              [45056/60000]       0.0554              97.5400             0.0806              280            
5              [46080/60000]       0.0795              97.5800             0.0807              281            
5              [47104/60000]       0.0575              97.4100             0.0829              282            
5              [48128/60000]       0.0875              97.4900             0.0822              283            
5              [49152/60000]       0.0563              97.5300             0.0798              284            
5              [50176/60000]       0.0703              97.5500             0.0765              285            
5              [51200/60000]       0.0871              97.5700             0.0797              286            
5              [52224/60000]       0.0991              97.3500             0.0897              287            
5              [53248/60000]       0.0713              97.5200             0.0773              288            
5              [54272/60000]       0.0748              97.4900             0.0798              289            
5              [55296/60000]       0.0912              97.2300             0.0831              290            
5              [56320/60000]       0.0934              97.3800             0.0838              291            
5              [57344/60000]       0.0502              97.6000             0.0774              292            
5              [58368/60000]       0.0845              97.0800             0.0897              293            
5              [59392/60000]       0.0701              97.4300             0.0848              294            
5              [35872/60000]       0.0858              97.6000             0.0758              295            
6              [1024/60000]        0.0741              97.5600             0.0756              296            
6              [2048/60000]        0.1084              97.0800             0.0890              297            
6              [3072/60000]        0.0745              97.5700             0.0758              298            
6              [4096/60000]        0.0755              97.4100             0.0809              299            
6              [5120/60000]        0.0773              97.5500             0.0781              300            
6              [6144/60000]        0.0613              97.5500             0.0767              301            
6              [7168/60000]        0.0612              97.6100             0.0778              302            
6              [8192/60000]        0.1076              97.5900             0.0769              303            
6              [9216/60000]        0.0515              97.5900             0.0748              304            
6              [10240/60000]       0.0627              97.3800             0.0838              305            
6              [11264/60000]       0.0955              97.6600             0.0741              306            
6              [12288/60000]       0.0778              97.7300             0.0707              307            
6              [13312/60000]       0.0786              97.5900             0.0763              308            
6              [14336/60000]       0.0813              97.5400             0.0792              309            
6              [15360/60000]       0.0618              97.5900             0.0756              310            
6              [16384/60000]       0.0548              97.5800             0.0743              311            
6              [17408/60000]       0.0455              97.6300             0.0750              312            
6              [18432/60000]       0.0650              97.1500             0.0879              313            
6              [19456/60000]       0.0866              96.9800             0.0908              314            
6              [20480/60000]       0.0787              96.9900             0.0961              315            
6              [21504/60000]       0.0761              97.2600             0.0832              316            
6              [22528/60000]       0.0785              97.3900             0.0812              317            
6              [23552/60000]       0.0719              97.3800             0.0819              318            
6              [24576/60000]       0.0694              97.3300             0.0821              319            
6              [25600/60000]       0.0573              97.3200             0.0857              320            
6              [26624/60000]       0.1015              97.1600             0.0947              321            
6              [27648/60000]       0.0803              97.3200             0.0846              322            
6              [28672/60000]       0.0839              97.4800             0.0816              323            
6              [29696/60000]       0.0778              97.2000             0.0886              324            
6              [30720/60000]       0.0798              97.6400             0.0765              325            
6              [31744/60000]       0.0724              97.3800             0.0813              326            
6              [32768/60000]       0.0712              97.5400             0.0777              327            
6              [33792/60000]       0.0675              97.3200             0.0844              328            
6              [34816/60000]       0.0629              97.0700             0.0907              329            
6              [35840/60000]       0.0567              97.5700             0.0761              330            
6              [36864/60000]       0.0538              97.6500             0.0737              331            
6              [37888/60000]       0.0781              97.0000             0.0957              332            
6              [38912/60000]       0.1146              96.9700             0.0916              333            
6              [39936/60000]       0.0843              96.9600             0.1009              334            
6              [40960/60000]       0.0829              96.2400             0.1154              335            
6              [41984/60000]       0.1061              96.5100             0.1129              336            
6              [43008/60000]       0.0948              96.1100             0.1169              337            
6              [44032/60000]       0.0982              97.4200             0.0846              338            
6              [45056/60000]       0.0838              97.6400             0.0753              339            
6              [46080/60000]       0.0677              97.6300             0.0742              340            
6              [47104/60000]       0.0753              97.6200             0.0732              341            
6              [48128/60000]       0.0691              97.6700             0.0697              342            
6              [49152/60000]       0.0412              97.6500             0.0705              343            
6              [50176/60000]       0.0705              97.5000             0.0772              344            
6              [51200/60000]       0.0763              97.6700             0.0740              345            
6              [52224/60000]       0.0829              97.5900             0.0727              346            
6              [53248/60000]       0.0575              97.6500             0.0740              347            
6              [54272/60000]       0.0658              97.4300             0.0788              348            
6              [55296/60000]       0.0850              97.3800             0.0806              349            
6              [56320/60000]       0.0782              97.5500             0.0783              350            
6              [57344/60000]       0.0896              97.1000             0.0902              351            
6              [58368/60000]       0.0904              97.2700             0.0854              352            
6              [59392/60000]       0.0786              97.5100             0.0751              353            
6              [35872/60000]       0.0775              97.3800             0.0801              354            
7              [1024/60000]        0.0701              97.5100             0.0747              355            
7              [2048/60000]        0.0758              97.6200             0.0766              356            
7              [3072/60000]        0.0659              97.0800             0.0921              357            
7              [4096/60000]        0.0893              96.4100             0.1110              358            
7              [5120/60000]        0.0911              96.6300             0.1044              359            
7              [6144/60000]        0.0762              97.4200             0.0830              360            
7              [7168/60000]        0.0554              97.5600             0.0787              361            
7              [8192/60000]        0.0661              97.4900             0.0762              362            
7              [9216/60000]        0.0651              97.8700             0.0693              363            
7              [10240/60000]       0.0516              97.6400             0.0718              364            
7              [11264/60000]       0.0440              97.7200             0.0717              365            
7              [12288/60000]       0.0531              97.7600             0.0705              366            
7              [13312/60000]       0.0648              97.6000             0.0757              367            
7              [14336/60000]       0.0921              97.2000             0.0841              368            
7              [15360/60000]       0.0763              97.2900             0.0848              369            
7              [16384/60000]       0.0694              97.8100             0.0703              370            
7              [17408/60000]       0.0446              97.4000             0.0795              371            
7              [18432/60000]       0.0567              97.6600             0.0694              372            
7              [19456/60000]       0.0549              97.7200             0.0726              373            
7              [20480/60000]       0.0761              97.2500             0.0840              374            
7              [21504/60000]       0.0731              96.5400             0.1052              375            
7              [22528/60000]       0.0787              95.1100             0.1529              376            
7              [23552/60000]       0.1333              96.6500             0.1092              377            
7              [24576/60000]       0.0947              96.2700             0.1143              378            
7              [25600/60000]       0.1313              95.9200             0.1371              379            
7              [26624/60000]       0.1482              92.8500             0.2468              380            
7              [27648/60000]       0.2022              92.6500             0.2594              381            
7              [28672/60000]       0.2774              86.6700             0.6030              382            
7              [29696/60000]       0.6234              82.8900             1.2128              383            
7              [30720/60000]       1.2445              80.2100             1.1748              384            
7              [31744/60000]       1.1550              79.5500             1.4534              385            
7              [32768/60000]       1.6242              64.3400             1.8689              386            
7              [33792/60000]       1.7647              72.8200             2.2286              387            
7              [34816/60000]       2.0955              79.6200             1.3889              388            
7              [35840/60000]       1.2695              84.3000             0.7312              389            
7              [36864/60000]       0.7300              86.7500             0.8286              390            
7              [37888/60000]       0.8792              94.5300             0.1907              391            
7              [38912/60000]       0.2357              96.8100             0.1042              392            
7              [39936/60000]       0.0913              96.9400             0.0966              393            
7              [40960/60000]       0.1021              96.9900             0.0966              394            
7              [41984/60000]       0.0922              97.0800             0.0918              395            
7              [43008/60000]       0.0953              97.2200             0.0878              396            
7              [44032/60000]       0.0705              97.2000             0.0891              397            
7              [45056/60000]       0.0924              97.2400             0.0867              398            
7              [46080/60000]       0.0778              97.2500             0.0851              399            
7              [47104/60000]       0.0855              97.2500             0.0851              400            
7              [48128/60000]       0.0696              97.3400             0.0827              401            
7              [49152/60000]       0.1045              97.3100             0.0823              402            
7              [50176/60000]       0.0581              97.2600             0.0853              403            
7              [51200/60000]       0.0804              97.3400             0.0805              404            
7              [52224/60000]       0.0794              97.3500             0.0784              405            
7              [53248/60000]       0.0866              97.3700             0.0786              406            
7              [54272/60000]       0.0779              97.4800             0.0779              407            
7              [55296/60000]       0.0611              97.4600             0.0769              408            
7              [56320/60000]       0.0931              97.5700             0.0755              409            
7              [57344/60000]       0.0632              97.5400             0.0745              410            
7              [58368/60000]       0.0706              97.5400             0.0752              411            
7              [59392/60000]       0.0522              97.5800             0.0730              412            
7              [35872/60000]       0.0659              97.5500             0.0752              413            
8              [1024/60000]        0.0674              97.5900             0.0760              414            
8              [2048/60000]        0.0447              97.5800             0.0751              415            
8              [3072/60000]        0.0547              97.5800             0.0735              416            
8              [4096/60000]        0.0803              97.5900             0.0728              417            
8              [5120/60000]        0.0592              97.6100             0.0734              418            
8              [6144/60000]        0.0547              97.6200             0.0744              419            
8              [7168/60000]        0.0655              97.6500             0.0722              420            
8              [8192/60000]        0.0663              97.6500             0.0736              421            
8              [9216/60000]        0.0535              97.7700             0.0706              422            
8              [10240/60000]       0.0407              97.7100             0.0706              423            
8              [11264/60000]       0.0577              97.6400             0.0713              424            
8              [12288/60000]       0.0725              97.6300             0.0705              425            
8              [13312/60000]       0.0529              97.7600             0.0711              426            
8              [14336/60000]       0.0618              97.7000             0.0683              427            
8              [15360/60000]       0.0706              97.6500             0.0705              428            
8              [16384/60000]       0.0465              97.7300             0.0698              429            
8              [17408/60000]       0.0548              97.7600             0.0689              430            
8              [18432/60000]       0.0603              97.4900             0.0708              431            
8              [19456/60000]       0.0527              97.6400             0.0701              432            
8              [20480/60000]       0.0892              97.7800             0.0689              433            
8              [21504/60000]       0.0560              97.6300             0.0721              434            
8              [22528/60000]       0.0473              97.7500             0.0681              435            
8              [23552/60000]       0.0494              97.7400             0.0685              436            
8              [24576/60000]       0.0564              97.8000             0.0715              437            
8              [25600/60000]       0.0698              97.7400             0.0695              438            
8              [26624/60000]       0.0552              97.7200             0.0701              439            
8              [27648/60000]       0.0614              97.8400             0.0679              440            
8              [28672/60000]       0.0370              97.7300             0.0694              441            
8              [29696/60000]       0.0603              97.6800             0.0709              442            
8              [30720/60000]       0.0685              97.7400             0.0685              443            
8              [31744/60000]       0.0562              97.6500             0.0719              444            
8              [32768/60000]       0.0552              97.6400             0.0744              445            
8              [33792/60000]       0.0562              97.8100             0.0674              446            
8              [34816/60000]       0.0698              97.8300             0.0644              447            
8              [35840/60000]       0.0742              97.8400             0.0656              448            
8              [36864/60000]       0.0684              97.7500             0.0691              449            
8              [37888/60000]       0.0542              97.9200             0.0667              450            
8              [38912/60000]       0.0615              97.8000             0.0651              451            
8              [39936/60000]       0.0666              97.7800             0.0693              452            
8              [40960/60000]       0.0630              97.8600             0.0645              453            
8              [41984/60000]       0.0477              97.7800             0.0678              454            
8              [43008/60000]       0.0421              97.9000             0.0644              455            
8              [44032/60000]       0.0535              97.7600             0.0681              456            
8              [45056/60000]       0.0557              97.9500             0.0656              457            
8              [46080/60000]       0.0638              97.8700             0.0641              458            
8              [47104/60000]       0.0404              97.8900             0.0657              459            
8              [48128/60000]       0.0712              97.9200             0.0652              460            
8              [49152/60000]       0.0415              97.9000             0.0657              461            
8              [50176/60000]       0.0506              97.8900             0.0659              462            
8              [51200/60000]       0.0589              97.7200             0.0670              463            
8              [52224/60000]       0.0654              97.8400             0.0643              464            
8              [53248/60000]       0.0719              97.6700             0.0680              465            
8              [54272/60000]       0.0527              97.8000             0.0653              466            
8              [55296/60000]       0.0672              97.8200             0.0679              467            
8              [56320/60000]       0.0666              98.0000             0.0625              468            
8              [57344/60000]       0.0671              97.9100             0.0617              469            
8              [58368/60000]       0.0485              97.8900             0.0679              470            
8              [59392/60000]       0.0726              97.8600             0.0664              471            
8              [35872/60000]       0.0358              97.8100             0.0695              472            
9              [1024/60000]        0.0486              97.8700             0.0649              473            
9              [2048/60000]        0.0458              97.8900             0.0639              474            
9              [3072/60000]        0.0511              97.9600             0.0639              475            
9              [4096/60000]        0.0646              97.8100             0.0668              476            
9              [5120/60000]        0.0540              98.0600             0.0623              477            
9              [6144/60000]        0.0513              97.8700             0.0654              478            
9              [7168/60000]        0.0429              97.8300             0.0666              479            
9              [8192/60000]        0.0523              97.5600             0.0709              480            
9              [9216/60000]        0.0513              97.7800             0.0676              481            
9              [10240/60000]       0.0368              97.9000             0.0619              482            
9              [11264/60000]       0.0570              97.9200             0.0614              483            
9              [12288/60000]       0.0596              98.0300             0.0625              484            
9              [13312/60000]       0.0474              97.8700             0.0666              485            
9              [14336/60000]       0.0630              97.8500             0.0640              486            
9              [15360/60000]       0.0595              97.9800             0.0649              487            
9              [16384/60000]       0.0640              97.8900             0.0647              488            
9              [17408/60000]       0.0588              97.5000             0.0754              489            
9              [18432/60000]       0.0602              96.6800             0.1001              490            
9              [19456/60000]       0.0692              97.6600             0.0698              491            
9              [20480/60000]       0.0558              97.6900             0.0723              492            
9              [21504/60000]       0.0435              97.9400             0.0620              493            
9              [22528/60000]       0.0537              97.9000             0.0638              494            
9              [23552/60000]       0.0253              98.0000             0.0606              495            
9              [24576/60000]       0.0384              97.9700             0.0635              496            
9              [25600/60000]       0.0363              97.9400             0.0644              497            
9              [26624/60000]       0.0384              97.9400             0.0635              498            
9              [27648/60000]       0.0383              98.0100             0.0614              499            
9              [28672/60000]       0.0454              98.0000             0.0613              500            
9              [29696/60000]       0.0464              98.0200             0.0640              501            
9              [30720/60000]       0.0597              97.9800             0.0620              502            
9              [31744/60000]       0.0516              98.0300             0.0618              503            
9              [32768/60000]       0.0529              98.0000             0.0624              504            
9              [33792/60000]       0.0397              97.6200             0.0704              505            
9              [34816/60000]       0.0491              97.8700             0.0638              506            
9              [35840/60000]       0.0635              98.0500             0.0621              507            
9              [36864/60000]       0.0385              98.0800             0.0612              508            
9              [37888/60000]       0.0596              97.9900             0.0641              509            
9              [38912/60000]       0.0488              98.0700             0.0619              510            
9              [39936/60000]       0.0396              98.0000             0.0615              511            
9              [40960/60000]       0.0571              98.0200             0.0605              512            
9              [41984/60000]       0.0419              97.9500             0.0611              513            
9              [43008/60000]       0.0401              98.0400             0.0620              514            
9              [44032/60000]       0.0506              97.9800             0.0629              515            
9              [45056/60000]       0.0693              97.9600             0.0636              516            
9              [46080/60000]       0.0396              98.0600             0.0611              517            
9              [47104/60000]       0.0533              97.5400             0.0745              518            
9              [48128/60000]       0.0810              97.7100             0.0726              519            
9              [49152/60000]       0.0678              96.9400             0.0940              520            
9              [50176/60000]       0.1030              96.3200             0.1109              521            
9              [51200/60000]       0.1000              95.5900             0.1341              522            
9              [52224/60000]       0.1195              95.0800             0.1496              523            
9              [53248/60000]       0.1616              92.2400             0.2384              524            
9              [54272/60000]       0.2339              86.7200             0.5150              525            
9              [55296/60000]       0.4735              85.0200             0.5760              526            
9              [56320/60000]       0.5989              85.9500             0.6055              527            
9              [57344/60000]       0.5299              87.8300             0.5571              528            
9              [58368/60000]       0.6295              85.7900             0.6196              529            
9              [59392/60000]       0.4939              90.4400             0.4177              530            
9              [35872/60000]       0.4257              96.2000             0.1205              531            
10             [1024/60000]        0.1156              97.4500             0.0769              532            
10             [2048/60000]        0.0620              97.5400             0.0777              533            
10             [3072/60000]        0.0490              97.6500             0.0721              534            
10             [4096/60000]        0.0583              97.7000             0.0724              535            
10             [5120/60000]        0.0436              97.6200             0.0729              536            
10             [6144/60000]        0.0319              97.6900             0.0699              537            
10             [7168/60000]        0.0605              97.6900             0.0697              538            
10             [8192/60000]        0.0493              97.6900             0.0684              539            
10             [9216/60000]        0.0548              97.7000             0.0693              540            
10             [10240/60000]       0.0675              97.6600             0.0711              541            
10             [11264/60000]       0.0444              97.7800             0.0674              542            
10             [12288/60000]       0.0486              97.6000             0.0715              543            
10             [13312/60000]       0.0559              97.8000             0.0669              544            
10             [14336/60000]       0.0434              97.8200             0.0663              545            
10             [15360/60000]       0.0483              97.8800             0.0652              546            
10             [16384/60000]       0.0572              97.8200             0.0657              547            
10             [17408/60000]       0.0409              97.8600             0.0654              548            
10             [18432/60000]       0.0406              97.6600             0.0678              549            
10             [19456/60000]       0.0569              97.7000             0.0709              550            
10             [20480/60000]       0.0437              97.7900             0.0663              551            
10             [21504/60000]       0.0358              97.7600             0.0652              552            
10             [22528/60000]       0.0352              97.8400             0.0653              553            
10             [23552/60000]       0.0511              97.8700             0.0643              554            
10             [24576/60000]       0.0431              97.9200             0.0634              555            
10             [25600/60000]       0.0691              97.8600             0.0668              556            
10             [26624/60000]       0.0532              97.8200             0.0678              557            
10             [27648/60000]       0.0389              97.9200             0.0625              558            
10             [28672/60000]       0.0356              97.9000             0.0635              559            
10             [29696/60000]       0.0417              97.9800             0.0633              560            
10             [30720/60000]       0.0627              97.6200             0.0685              561            
10             [31744/60000]       0.0635              97.8200             0.0632              562            
10             [32768/60000]       0.0587              97.9300             0.0661              563            
10             [33792/60000]       0.0446              97.8900             0.0628              564            
10             [34816/60000]       0.0427              97.7700             0.0653              565            
10             [35840/60000]       0.0492              97.8100             0.0692              566            
10             [36864/60000]       0.0457              97.7400             0.0649              567            
10             [37888/60000]       0.0364              97.8400             0.0637              568            
10             [38912/60000]       0.0287              97.9600             0.0620              569            
10             [39936/60000]       0.0372              97.7800             0.0664              570            
10             [40960/60000]       0.0707              97.9700             0.0638              571            
10             [41984/60000]       0.0492              97.8900             0.0648              572            
10             [43008/60000]       0.0626              97.8000             0.0676              573            
10             [44032/60000]       0.0551              97.9300             0.0608              574            
10             [45056/60000]       0.0700              97.5700             0.0759              575            
10             [46080/60000]       0.0719              97.6700             0.0721              576            
10             [47104/60000]       0.0662              97.8000             0.0650              577            
10             [48128/60000]       0.0508              97.8700             0.0632              578            
10             [49152/60000]       0.0639              97.7800             0.0626              579            
10             [50176/60000]       0.0591              98.0300             0.0594              580            
10             [51200/60000]       0.0410              97.8900             0.0617              581            
10             [52224/60000]       0.0561              97.9900             0.0596              582            
10             [53248/60000]       0.0341              97.9800             0.0600              583            
10             [54272/60000]       0.0562              98.0100             0.0611              584            
10             [55296/60000]       0.0519              98.0400             0.0613              585            
10             [56320/60000]       0.0507              98.1100             0.0599              586            
10             [57344/60000]       0.0343              98.0200             0.0595              587            
10             [58368/60000]       0.0732              97.9200             0.0623              588            
10             [59392/60000]       0.0456              98.0200             0.0588              589            
10             [35872/60000]       0.0737              98.0300             0.0628              590            
11             [1024/60000]        0.0439              97.9300             0.0592              591            
11             [2048/60000]        0.0332              97.9400             0.0594              592            
11             [3072/60000]        0.0266              98.0300             0.0596              593            
11             [4096/60000]        0.0415              97.9400             0.0601              594            
11             [5120/60000]        0.0418              97.9300             0.0604              595            
11             [6144/60000]        0.0591              97.9800             0.0602              596            
11             [7168/60000]        0.0251              98.0800             0.0581              597            
11             [8192/60000]        0.0346              97.9000             0.0627              598            
11             [9216/60000]        0.0452              97.9300             0.0599              599            
11             [10240/60000]       0.0251              98.0500             0.0608              600            
11             [11264/60000]       0.0460              98.0700             0.0592              601            
11             [12288/60000]       0.0418              97.9900             0.0608              602            
11             [13312/60000]       0.0347              98.0900             0.0601              603            
11             [14336/60000]       0.0382              98.0800             0.0594              604            
11             [15360/60000]       0.0305              98.0600             0.0579              605            
11             [16384/60000]       0.0446              98.0300             0.0605              606            
11             [17408/60000]       0.0464              97.9900             0.0621              607            
11             [18432/60000]       0.0293              98.0000             0.0590              608            
11             [19456/60000]       0.0370              98.0700             0.0588              609            
11             [20480/60000]       0.0304              97.9300             0.0595              610            
11             [21504/60000]       0.0379              98.0900             0.0597              611            
11             [22528/60000]       0.0339              98.0300             0.0608              612            
11             [23552/60000]       0.0521              98.0300             0.0606              613            
11             [24576/60000]       0.0370              97.8700             0.0631              614            
11             [25600/60000]       0.0545              97.9100             0.0638              615            
11             [26624/60000]       0.0357              98.1200             0.0587              616            
11             [27648/60000]       0.0371              98.0100             0.0608              617            
11             [28672/60000]       0.0497              97.9000             0.0665              618            
11             [29696/60000]       0.0414              97.7900             0.0660              619            
