Current_Epoch  Batch/Total         CE_Train            Accuracy(%)         CE_TEST             Batch_Number   
0              [0/60000]           --                  9.020               2.3028              0
1              [64/60000]          2.3023              21.1800             2.2995              1              
1              [128/60000]         2.2998              16.5400             2.2965              2              
1              [192/60000]         2.2947              19.2600             2.2923              3              
1              [256/60000]         2.2935              23.1300             2.2878              4              
1              [320/60000]         2.2941              36.1500             2.2841              5              
1              [384/60000]         2.2761              26.0800             2.2767              6              
1              [448/60000]         2.2796              43.4200             2.2690              7              
1              [512/60000]         2.2774              58.6700             2.2611              8              
1              [576/60000]         2.2562              56.3800             2.2487              9              
1              [640/60000]         2.2401              48.4400             2.2340              10             
1              [704/60000]         2.2135              46.1400             2.2126              11             
1              [768/60000]         2.2288              46.7000             2.1932              12             
1              [832/60000]         2.2106              56.3500             2.1649              13             
1              [896/60000]         2.2018              47.9100             2.1396              14             
1              [960/60000]         2.1330              45.7800             2.0976              15             
1              [1024/60000]        2.1369              54.3500             2.0509              16             
1              [1088/60000]        2.0928              56.0000             2.0019              17             
1              [1152/60000]        1.9638              51.8300             1.9296              18             
1              [1216/60000]        1.9705              56.8400             1.8438              19             
1              [1280/60000]        1.9064              57.7000             1.7588              20             
1              [1344/60000]        1.7631              61.4900             1.6453              21             
1              [1408/60000]        1.6421              61.7500             1.5313              22             
1              [1472/60000]        1.5117              61.4100             1.4446              23             
1              [1536/60000]        1.4270              62.6200             1.3566              24             
1              [1600/60000]        1.4720              68.9200             1.2429              25             
1              [1664/60000]        1.2882              70.2200             1.1660              26             
1              [1728/60000]        1.1070              70.9900             1.0747              27             
1              [1792/60000]        1.0716              66.1800             1.0586              28             
1              [1856/60000]        1.0383              70.8300             0.9686              29             
1              [1920/60000]        1.1096              77.6500             0.9337              30             
1              [1984/60000]        0.8848              73.8900             0.9045              31             
1              [2048/60000]        0.9890              76.6300             0.8284              32             
1              [2112/60000]        0.8728              79.3000             0.8003              33             
1              [2176/60000]        0.7754              76.9200             0.7579              34             
1              [2240/60000]        0.8595              79.5800             0.7571              35             
1              [2304/60000]        0.7530              79.5000             0.7148              36             
1              [2368/60000]        0.8735              78.3600             0.7215              37             
1              [2432/60000]        0.8171              78.0700             0.7065              38             
1              [2496/60000]        0.7321              80.7100             0.6721              39             
1              [2560/60000]        0.5295              80.8400             0.6359              40             
1              [2624/60000]        0.5824              80.8300             0.6524              41             
1              [2688/60000]        0.6834              78.4900             0.6591              42             
1              [2752/60000]        0.5975              78.4700             0.6853              43             
1              [2816/60000]        0.5645              81.4900             0.6027              44             
1              [2880/60000]        0.5629              81.8900             0.6054              45             
1              [2944/60000]        0.5773              82.8000             0.5810              46             
1              [3008/60000]        0.8275              79.7500             0.6376              47             
1              [3072/60000]        0.6236              83.8300             0.5462              48             
1              [3136/60000]        0.5301              82.3500             0.5760              49             
1              [3200/60000]        0.3648              85.1800             0.5148              50             
1              [3264/60000]        0.6453              84.1300             0.5334              51             
1              [3328/60000]        0.4602              79.6400             0.6219              52             
1              [3392/60000]        0.6520              83.3900             0.5619              53             
1              [3456/60000]        0.3903              82.3500             0.5794              54             
1              [3520/60000]        0.6553              83.5300             0.5382              55             
1              [3584/60000]        0.3573              84.2200             0.5224              56             
1              [3648/60000]        0.6085              83.6600             0.5382              57             
1              [3712/60000]        0.5635              84.5200             0.5298              58             
1              [3776/60000]        0.6015              85.5900             0.4904              59             
1              [3840/60000]        0.4765              84.8000             0.4991              60             
1              [3904/60000]        0.3325              86.3000             0.4647              61             
1              [3968/60000]        0.6723              83.5200             0.5200              62             
1              [4032/60000]        0.5301              85.9600             0.4775              63             
1              [4096/60000]        0.3735              83.6900             0.5333              64             
1              [4160/60000]        0.5320              86.6500             0.4660              65             
1              [4224/60000]        0.5819              86.2200             0.4715              66             
1              [4288/60000]        0.6178              84.8200             0.4890              67             
1              [4352/60000]        0.3888              82.9800             0.5304              68             
1              [4416/60000]        0.5892              86.4700             0.4511              69             
1              [4480/60000]        0.3875              85.7700             0.4718              70             
1              [4544/60000]        0.4315              85.6600             0.4706              71             
1              [4608/60000]        0.3890              85.2400             0.4806              72             
1              [4672/60000]        0.5277              87.6300             0.4340              73             
1              [4736/60000]        0.4385              87.5800             0.4307              74             
1              [4800/60000]        0.4425              86.3900             0.4511              75             
1              [4864/60000]        0.4476              87.2600             0.4361              76             
1              [4928/60000]        0.6636              87.0500             0.4297              77             
1              [4992/60000]        0.4930              87.3300             0.4335              78             
1              [5056/60000]        0.3588              87.6000             0.4275              79             
1              [5120/60000]        0.5616              86.5100             0.4491              80             
1              [5184/60000]        0.4066              87.0100             0.4502              81             
1              [5248/60000]        0.4534              87.3200             0.4323              82             
1              [5312/60000]        0.4724              85.2100             0.4870              83             
1              [5376/60000]        0.4460              87.6700             0.4211              84             
1              [5440/60000]        0.5043              85.6600             0.4492              85             
1              [5504/60000]        0.3696              87.8800             0.4173              86             
1              [5568/60000]        0.3728              86.1200             0.4475              87             
1              [5632/60000]        0.4600              87.9500             0.4112              88             
1              [5696/60000]        0.3652              86.3200             0.4440              89             
1              [5760/60000]        0.3854              87.0200             0.4475              90             
1              [5824/60000]        0.6268              87.3500             0.4246              91             
1              [5888/60000]        0.3584              86.8400             0.4498              92             
1              [5952/60000]        0.4155              86.9700             0.4401              93             
1              [6016/60000]        0.5001              86.9700             0.4380              94             
1              [6080/60000]        0.3696              87.0100             0.4536              95             
1              [6144/60000]        0.4736              86.9800             0.4314              96             
1              [6208/60000]        0.6170              86.9500             0.4368              97             
1              [6272/60000]        0.4166              88.6700             0.3958              98             
1              [6336/60000]        0.2522              88.7000             0.3975              99             
1              [6400/60000]        0.3079              88.2000             0.4125              100            
1              [6464/60000]        0.3191              87.9500             0.4071              101            
1              [6528/60000]        0.6978              86.8200             0.4332              102            
1              [6592/60000]        0.3693              87.1800             0.4290              103            
1              [6656/60000]        0.3477              88.6300             0.3936              104            
1              [6720/60000]        0.5023              87.6700             0.4229              105            
1              [6784/60000]        0.2982              86.9500             0.4399              106            
1              [6848/60000]        0.4069              87.9000             0.4241              107            
1              [6912/60000]        0.4602              87.4300             0.4300              108            
1              [6976/60000]        0.4802              87.8100             0.4093              109            
1              [7040/60000]        0.6973              87.6000             0.4183              110            
1              [7104/60000]        0.3041              88.9100             0.4001              111            
1              [7168/60000]        0.1845              88.9200             0.3833              112            
1              [7232/60000]        0.5209              88.0000             0.4056              113            
1              [7296/60000]        0.4054              88.9400             0.3851              114            
1              [7360/60000]        0.2898              89.2200             0.3859              115            
1              [7424/60000]        0.4397              87.3200             0.4227              116            
1              [7488/60000]        0.3545              89.1300             0.3820              117            
1              [7552/60000]        0.3279              87.8700             0.4133              118            
1              [7616/60000]        0.3037              88.9400             0.3882              119            
1              [7680/60000]        0.3609              88.9000             0.3970              120            
1              [7744/60000]        0.4006              87.7000             0.4125              121            
1              [7808/60000]        0.3926              86.7300             0.4257              122            
1              [7872/60000]        0.5025              88.8000             0.3937              123            
1              [7936/60000]        0.4843              88.6000             0.3897              124            
1              [8000/60000]        0.2044              88.7600             0.3990              125            
1              [8064/60000]        0.4358              88.5400             0.4016              126            
1              [8128/60000]        0.3749              89.0300             0.3749              127            
1              [8192/60000]        0.4027              89.3300             0.3666              128            
1              [8256/60000]        0.2882              88.9100             0.3775              129            
1              [8320/60000]        0.5064              89.1500             0.3705              130            
1              [8384/60000]        0.4411              88.7900             0.3790              131            
1              [8448/60000]        0.3951              88.8000             0.3794              132            
1              [8512/60000]        0.5499              87.2400             0.4187              133            
1              [8576/60000]        0.4351              89.0700             0.3742              134            
1              [8640/60000]        0.4016              87.7100             0.4046              135            
1              [8704/60000]        0.2979              88.7200             0.3847              136            
1              [8768/60000]        0.6863              88.3700             0.3909              137            
1              [8832/60000]        0.4958              89.2700             0.3703              138            
1              [8896/60000]        0.1682              89.2000             0.3756              139            
1              [8960/60000]        0.5475              88.9500             0.3773              140            
1              [9024/60000]        0.3629              88.7100             0.3881              141            
1              [9088/60000]        0.3054              88.1900             0.4010              142            
1              [9152/60000]        0.3334              88.0300             0.4009              143            
1              [9216/60000]        0.4577              89.1300             0.3779              144            
1              [9280/60000]        0.4516              88.3000             0.3897              145            
1              [9344/60000]        0.6188              88.4100             0.3904              146            
1              [9408/60000]        0.4391              88.2900             0.3973              147            
1              [9472/60000]        0.2438              87.9700             0.4051              148            
1              [9536/60000]        0.4829              87.9800             0.3983              149            
1              [9600/60000]        0.2296              89.4000             0.3703              150            
1              [9664/60000]        0.4434              88.8300             0.3703              151            
1              [9728/60000]        0.3164              88.5100             0.3809              152            
1              [9792/60000]        0.4720              88.7800             0.3726              153            
1              [9856/60000]        0.6871              88.9400             0.3736              154            
1              [9920/60000]        0.4705              88.5600             0.3807              155            
1              [9984/60000]        0.2687              88.0300             0.3940              156            
1              [10048/60000]       0.3932              88.4000             0.3885              157            
1              [10112/60000]       0.3878              88.7700             0.3777              158            
1              [10176/60000]       0.3015              89.2800             0.3652              159            
1              [10240/60000]       0.3803              89.3600             0.3562              160            
1              [10304/60000]       0.6319              89.3900             0.3664              161            
1              [10368/60000]       0.3187              88.9800             0.3774              162            
1              [10432/60000]       0.3087              88.9400             0.3696              163            
1              [10496/60000]       0.5242              89.1600             0.3668              164            
1              [10560/60000]       0.2836              89.3900             0.3577              165            
1              [10624/60000]       0.3359              89.4600             0.3599              166            
1              [10688/60000]       0.4387              89.4700             0.3687              167            
1              [10752/60000]       0.3665              88.3200             0.3828              168            
1              [10816/60000]       0.4862              88.1400             0.3916              169            
1              [10880/60000]       0.6392              89.9000             0.3469              170            
1              [10944/60000]       0.2964              89.7800             0.3535              171            
1              [11008/60000]       0.4814              89.3600             0.3548              172            
1              [11072/60000]       0.5400              89.3500             0.3592              173            
1              [11136/60000]       0.3860              89.4800             0.3558              174            
1              [11200/60000]       0.3131              89.8400             0.3486              175            
1              [11264/60000]       0.3911              89.8400             0.3504              176            
1              [11328/60000]       0.2478              88.6700             0.3689              177            
1              [11392/60000]       0.4874              89.8600             0.3510              178            
1              [11456/60000]       0.3571              89.1400             0.3606              179            
1              [11520/60000]       0.6486              89.3200             0.3573              180            
1              [11584/60000]       0.3899              89.8400             0.3526              181            
1              [11648/60000]       0.1608              89.2200             0.3658              182            
1              [11712/60000]       0.3210              89.6000             0.3600              183            
1              [11776/60000]       0.4750              89.1100             0.3607              184            
1              [11840/60000]       0.3806              88.5700             0.3710              185            
1              [11904/60000]       0.3185              90.2300             0.3417              186            
1              [11968/60000]       0.3109              89.7700             0.3511              187            
1              [12032/60000]       0.3481              90.0300             0.3392              188            
1              [12096/60000]       0.2807              89.6300             0.3508              189            
1              [12160/60000]       0.3253              89.7300             0.3457              190            
1              [12224/60000]       0.3892              89.7700             0.3584              191            
1              [12288/60000]       0.3405              89.0700             0.3742              192            
1              [12352/60000]       0.5114              90.3600             0.3334              193            
1              [12416/60000]       0.5011              89.9700             0.3484              194            
1              [12480/60000]       0.3523              89.9500             0.3429              195            
1              [12544/60000]       0.4366              89.6300             0.3584              196            
1              [12608/60000]       0.5406              89.9800             0.3447              197            
1              [12672/60000]       0.2817              90.1000             0.3382              198            
1              [12736/60000]       0.3326              90.2100             0.3370              199            
1              [12800/60000]       0.3725              89.7600             0.3444              200            
1              [12864/60000]       0.3298              89.7300             0.3441              201            
1              [12928/60000]       0.5516              89.6400             0.3487              202            
1              [12992/60000]       0.3640              90.2500             0.3415              203            
1              [13056/60000]       0.2618              89.8400             0.3479              204            
1              [13120/60000]       0.4238              90.0800             0.3455              205            
1              [13184/60000]       0.3653              89.4900             0.3579              206            
1              [13248/60000]       0.4811              90.1200             0.3475              207            
1              [13312/60000]       0.2994              90.2400             0.3387              208            
1              [13376/60000]       0.3719              90.0600             0.3388              209            
1              [13440/60000]       0.3536              89.6800             0.3495              210            
1              [13504/60000]       0.4512              88.0400             0.3950              211            
1              [13568/60000]       0.4368              90.1900             0.3318              212            
1              [13632/60000]       0.2027              89.8000             0.3419              213            
1              [13696/60000]       0.3599              90.1000             0.3378              214            
1              [13760/60000]       0.3421              90.3300             0.3295              215            
1              [13824/60000]       0.2075              90.1200             0.3361              216            
1              [13888/60000]       0.2400              90.1200             0.3370              217            
1              [13952/60000]       0.3146              90.4400             0.3338              218            
1              [14016/60000]       0.2506              90.5900             0.3269              219            
1              [14080/60000]       0.2846              90.6000             0.3246              220            
1              [14144/60000]       0.2712              90.1000             0.3372              221            
1              [14208/60000]       0.3145              90.0500             0.3345              222            
1              [14272/60000]       0.3199              90.2700             0.3359              223            
1              [14336/60000]       0.2764              90.4300             0.3303              224            
1              [14400/60000]       0.3904              90.4000             0.3286              225            
1              [14464/60000]       0.2133              90.4800             0.3265              226            
1              [14528/60000]       0.4823              90.6300             0.3249              227            
1              [14592/60000]       0.6351              89.6900             0.3435              228            
1              [14656/60000]       0.4489              88.7900             0.3804              229            
1              [14720/60000]       0.5008              89.6200             0.3498              230            
1              [14784/60000]       0.3888              90.3600             0.3344              231            
1              [14848/60000]       0.2668              90.3100             0.3409              232            
1              [14912/60000]       0.1355              90.4600             0.3360              233            
1              [14976/60000]       0.2042              90.0600             0.3503              234            
1              [15040/60000]       0.3561              89.2600             0.3688              235            
1              [15104/60000]       0.3181              90.2200             0.3373              236            
1              [15168/60000]       0.3497              89.8700             0.3441              237            
1              [15232/60000]       0.0802              90.0500             0.3373              238            
1              [15296/60000]       0.5172              90.0000             0.3428              239            
