Current_Epoch  Batch/Total         CE_Train            Accuracy(%)         CE_TEST             Batch_Number   
0              [0/60000]           --                  9.020               2.3102              0
1              [1024/60000]        2.3122              50.4200             1.6697              1              
1              [2048/60000]        1.7038              32.7000             2.1960              2              
1              [3072/60000]        2.2241              49.0200             2.2755              3              
1              [4096/60000]        2.3558              31.8800             2.9374              4              
1              [5120/60000]        3.0141              46.4900             2.4980              5              
1              [6144/60000]        2.4781              48.3100             2.5430              6              
1              [7168/60000]        2.4665              47.7900             2.1244              7              
1              [8192/60000]        2.0732              54.1100             1.3246              8              
1              [9216/60000]        1.3366              62.2600             1.1190              9              
1              [10240/60000]       1.1747              66.2400             1.0898              10             
1              [11264/60000]       1.1086              76.4800             0.7711              11             
1              [12288/60000]       0.8309              81.0500             0.6413              12             
1              [13312/60000]       0.6239              84.5200             0.5731              13             
1              [14336/60000]       0.5745              84.9900             0.5546              14             
1              [15360/60000]       0.5700              85.5500             0.5334              15             
1              [16384/60000]       0.5470              86.3500             0.5109              16             
1              [17408/60000]       0.4896              86.5800             0.4956              17             
1              [18432/60000]       0.5116              86.9000             0.4856              18             
1              [19456/60000]       0.5114              85.2200             0.4945              19             
1              [20480/60000]       0.4655              85.8700             0.4866              20             
1              [21504/60000]       0.5191              85.2700             0.4814              21             
1              [22528/60000]       0.5199              85.6200             0.4792              22             
1              [23552/60000]       0.4788              87.2600             0.4474              23             
1              [24576/60000]       0.4629              87.9400             0.4418              24             
1              [25600/60000]       0.4572              87.0300             0.4410              25             
1              [26624/60000]       0.4741              88.0200             0.4262              26             
1              [27648/60000]       0.4937              87.1800             0.4365              27             
1              [28672/60000]       0.4451              88.6700             0.4134              28             
1              [29696/60000]       0.4245              88.3900             0.4121              29             
1              [30720/60000]       0.4816              87.3500             0.4307              30             
1              [31744/60000]       0.4182              87.5000             0.4189              31             
1              [32768/60000]       0.4220              87.0600             0.4325              32             
1              [33792/60000]       0.4417              86.9300             0.4347              33             
1              [34816/60000]       0.4613              85.4200             0.4621              34             
1              [35840/60000]       0.4697              85.8900             0.4543              35             
1              [36864/60000]       0.4576              85.6000             0.4549              36             
1              [37888/60000]       0.4795              86.8300             0.4358              37             
1              [38912/60000]       0.4885              86.8000             0.4390              38             
1              [39936/60000]       0.4887              87.2900             0.4194              39             
1              [40960/60000]       0.4854              87.2000             0.4309              40             
1              [41984/60000]       0.5042              86.1400             0.4402              41             
1              [43008/60000]       0.4253              84.7500             0.4615              42             
1              [44032/60000]       0.4703              86.0400             0.4368              43             
1              [45056/60000]       0.4432              83.8800             0.4780              44             
1              [46080/60000]       0.4879              82.9700             0.5028              45             
1              [47104/60000]       0.4531              83.0100             0.4983              46             
1              [48128/60000]       0.5449              85.8400             0.4498              47             
1              [49152/60000]       0.4972              87.6100             0.4066              48             
1              [50176/60000]       0.4796              88.9700             0.3786              49             
1              [51200/60000]       0.4596              88.4500             0.3877              50             
1              [52224/60000]       0.3910              89.2300             0.3682              51             
1              [53248/60000]       0.4343              88.4500             0.3916              52             
1              [54272/60000]       0.4016              87.9300             0.3996              53             
1              [55296/60000]       0.4159              88.2500             0.3920              54             
1              [56320/60000]       0.4326              86.4800             0.4231              55             
1              [57344/60000]       0.4503              84.8600             0.5085              56             
1              [58368/60000]       0.5918              88.0400             0.4030              57             
1              [59392/60000]       0.4082              88.8400             0.3759              58             
1              [35872/60000]       0.3499              89.5900             0.3584              59             
2              [1024/60000]        0.3744              89.9800             0.3498              60             
2              [2048/60000]        0.3453              90.1700             0.3413              61             
2              [3072/60000]        0.3157              90.5600             0.3372              62             
2              [4096/60000]        0.3773              90.7200             0.3279              63             
2              [5120/60000]        0.3303              90.8100             0.3262              64             
2              [6144/60000]        0.3421              90.9300             0.3223              65             
2              [7168/60000]        0.3546              90.7600             0.3208              66             
2              [8192/60000]        0.3729              90.6500             0.3212              67             
2              [9216/60000]        0.3268              90.6900             0.3263              68             
2              [10240/60000]       0.3402              90.5800             0.3293              69             
2              [11264/60000]       0.3673              90.6100             0.3265              70             
2              [12288/60000]       0.3519              91.1200             0.3161              71             
2              [13312/60000]       0.3249              91.1500             0.3139              72             
2              [14336/60000]       0.3044              90.8600             0.3139              73             
2              [15360/60000]       0.3691              90.7200             0.3209              74             
2              [16384/60000]       0.3844              90.4000             0.3348              75             
2              [17408/60000]       0.3240              89.5000             0.3561              76             
2              [18432/60000]       0.3504              89.2100             0.3609              77             
2              [19456/60000]       0.3597              88.8700             0.3704              78             
2              [20480/60000]       0.3746              89.0500             0.3630              79             
2              [21504/60000]       0.3808              88.7900             0.3758              80             
2              [22528/60000]       0.4241              89.2500             0.3573              81             
2              [23552/60000]       0.3587              88.9500             0.3748              82             
2              [24576/60000]       0.3688              89.5100             0.3498              83             
2              [25600/60000]       0.3244              90.4500             0.3298              84             
2              [26624/60000]       0.2957              90.7100             0.3167              85             
2              [27648/60000]       0.3161              90.8500             0.3172              86             
2              [28672/60000]       0.3252              90.1500             0.3436              87             
2              [29696/60000]       0.3482              88.8900             0.3739              88             
2              [30720/60000]       0.3810              88.4000             0.3850              89             
2              [31744/60000]       0.3700              89.5700             0.3501              90             
2              [32768/60000]       0.4013              89.8400             0.3440              91             
2              [33792/60000]       0.4117              88.6600             0.3763              92             
2              [34816/60000]       0.3994              88.3300             0.3896              93             
2              [35840/60000]       0.4091              89.8500             0.3469              94             
2              [36864/60000]       0.4001              89.0100             0.3836              95             
2              [37888/60000]       0.3913              90.2300             0.3458              96             
2              [38912/60000]       0.3735              90.1700             0.3411              97             
2              [39936/60000]       0.3479              90.4800             0.3330              98             
2              [40960/60000]       0.3541              89.6300             0.3450              99             
2              [41984/60000]       0.3584              89.9400             0.3448              100            
2              [43008/60000]       0.3313              89.0300             0.3531              101            
2              [44032/60000]       0.3760              89.4400             0.3459              102            
2              [45056/60000]       0.3259              89.0700             0.3569              103            
2              [46080/60000]       0.4024              88.9500             0.3539              104            
2              [47104/60000]       0.3597              89.4600             0.3541              105            
2              [48128/60000]       0.3477              90.5800             0.3314              106            
2              [49152/60000]       0.3477              90.1200             0.3282              107            
2              [50176/60000]       0.3237              91.2800             0.3129              108            
2              [51200/60000]       0.3412              90.7700             0.3159              109            
2              [52224/60000]       0.3750              89.6300             0.3449              110            
2              [53248/60000]       0.3479              89.8600             0.3385              111            
2              [54272/60000]       0.3998              89.4600             0.3601              112            
2              [55296/60000]       0.3779              90.7900             0.3195              113            
2              [56320/60000]       0.3087              91.3800             0.3090              114            
2              [57344/60000]       0.3141              91.4500             0.2944              115            
2              [58368/60000]       0.2763              91.4200             0.3036              116            
2              [59392/60000]       0.2867              91.5200             0.3062              117            
2              [35872/60000]       0.3925              90.9600             0.3132              118            
3              [1024/60000]        0.3346              90.5200             0.3153              119            
3              [2048/60000]        0.3103              89.2900             0.3497              120            
3              [3072/60000]        0.3264              89.8900             0.3359              121            
3              [4096/60000]        0.3276              90.7500             0.3119              122            
3              [5120/60000]        0.2657              90.6300             0.3240              123            
3              [6144/60000]        0.3046              90.2600             0.3266              124            
3              [7168/60000]        0.3239              89.4500             0.3573              125            
3              [8192/60000]        0.3723              88.8600             0.3742              126            
3              [9216/60000]        0.3896              88.2200             0.3844              127            
3              [10240/60000]       0.4497              89.1200             0.3564              128            
3              [11264/60000]       0.3911              88.4400             0.3800              129            
3              [12288/60000]       0.4032              89.2800             0.3633              130            
3              [13312/60000]       0.3981              89.9700             0.3341              131            
3              [14336/60000]       0.3064              90.7900             0.3194              132            
3              [15360/60000]       0.3513              90.9300             0.3095              133            
3              [16384/60000]       0.3115              91.5500             0.3000              134            
3              [17408/60000]       0.2996              91.2600             0.3076              135            
3              [18432/60000]       0.3049              91.2400             0.3018              136            
3              [19456/60000]       0.2855              91.5600             0.3066              137            
3              [20480/60000]       0.2960              90.4600             0.3218              138            
3              [21504/60000]       0.2959              91.0000             0.3158              139            
3              [22528/60000]       0.3427              90.1600             0.3454              140            
3              [23552/60000]       0.4294              88.8400             0.3666              141            
3              [24576/60000]       0.3265              89.8800             0.3605              142            
3              [25600/60000]       0.4225              89.5800             0.3418              143            
3              [26624/60000]       0.3617              90.1400             0.3388              144            
3              [27648/60000]       0.3471              91.1400             0.3153              145            
3              [28672/60000]       0.3477              90.9400             0.3069              146            
3              [29696/60000]       0.4038              90.2900             0.3247              147            
3              [30720/60000]       0.3528              89.8400             0.3378              148            
3              [31744/60000]       0.4020              89.0700             0.3540              149            
3              [32768/60000]       0.4502              89.3600             0.3511              150            
3              [33792/60000]       0.3671              90.9400             0.2999              151            
3              [34816/60000]       0.3013              91.9800             0.2903              152            
3              [35840/60000]       0.3443              91.3200             0.2914              153            
3              [36864/60000]       0.2699              91.8600             0.2925              154            
3              [37888/60000]       0.2635              91.8100             0.2880              155            
3              [38912/60000]       0.3225              91.6800             0.3002              156            
3              [39936/60000]       0.3414              90.7900             0.3170              157            
3              [40960/60000]       0.3131              90.7300             0.3186              158            
3              [41984/60000]       0.3272              90.8300             0.3250              159            
3              [43008/60000]       0.3389              91.4100             0.2952              160            
3              [44032/60000]       0.3136              90.0900             0.3440              161            
3              [45056/60000]       0.3070              90.7100             0.3142              162            
3              [46080/60000]       0.2966              91.2500             0.3078              163            
3              [47104/60000]       0.3068              91.3300             0.2997              164            
3              [48128/60000]       0.3420              91.6500             0.2996              165            
3              [49152/60000]       0.3202              90.8300             0.3119              166            
3              [50176/60000]       0.3052              91.8400             0.2951              167            
3              [51200/60000]       0.3208              91.0500             0.2995              168            
3              [52224/60000]       0.3043              91.3600             0.3103              169            
3              [53248/60000]       0.3113              91.5100             0.2891              170            
3              [54272/60000]       0.2976              91.7500             0.2953              171            
3              [55296/60000]       0.2737              91.9100             0.2879              172            
3              [56320/60000]       0.3296              91.2000             0.3047              173            
3              [57344/60000]       0.3052              91.2100             0.3047              174            
3              [58368/60000]       0.3264              90.6700             0.3155              175            
3              [59392/60000]       0.3060              90.3600             0.3316              176            
3              [35872/60000]       0.3654              90.3700             0.3279              177            
4              [1024/60000]        0.2779              91.8800             0.2928              178            
4              [2048/60000]        0.2707              91.8900             0.2888              179            
4              [3072/60000]        0.2837              91.7700             0.2934              180            
4              [4096/60000]        0.2677              91.9800             0.2848              181            
4              [5120/60000]        0.3205              92.0300             0.2819              182            
4              [6144/60000]        0.3163              91.4900             0.3042              183            
4              [7168/60000]        0.2864              90.7100             0.3180              184            
4              [8192/60000]        0.2939              91.1100             0.3091              185            
4              [9216/60000]        0.3870              90.8700             0.3129              186            
4              [10240/60000]       0.2984              90.0100             0.3410              187            
4              [11264/60000]       0.3300              91.0600             0.3067              188            
4              [12288/60000]       0.2614              91.6500             0.2912              189            
4              [13312/60000]       0.2776              91.8500             0.2849              190            
4              [14336/60000]       0.2704              92.2300             0.2703              191            
4              [15360/60000]       0.2786              91.8300             0.2882              192            
4              [16384/60000]       0.3096              91.5800             0.2872              193            
4              [17408/60000]       0.2871              92.1200             0.2823              194            
4              [18432/60000]       0.3022              92.0800             0.2832              195            
4              [19456/60000]       0.3341              91.5800             0.2927              196            
4              [20480/60000]       0.3097              91.4800             0.2903              197            
4              [21504/60000]       0.3083              91.6200             0.2899              198            
4              [22528/60000]       0.2606              91.6700             0.2830              199            
4              [23552/60000]       0.3495              92.0500             0.2792              200            
4              [24576/60000]       0.2635              91.5500             0.2859              201            
4              [25600/60000]       0.2704              91.8600             0.2898              202            
4              [26624/60000]       0.3169              90.8200             0.3050              203            
4              [27648/60000]       0.3363              91.7100             0.2991              204            
4              [28672/60000]       0.2877              90.7000             0.3064              205            
4              [29696/60000]       0.3570              92.0700             0.2825              206            
4              [30720/60000]       0.2620              92.0000             0.2785              207            
4              [31744/60000]       0.2724              91.9900             0.2772              208            
4              [32768/60000]       0.2827              92.2000             0.2711              209            
4              [33792/60000]       0.2889              92.5000             0.2709              210            
4              [34816/60000]       0.2883              90.9700             0.3017              211            
4              [35840/60000]       0.3251              91.5400             0.3020              212            
4              [36864/60000]       0.3075              90.8500             0.3052              213            
4              [37888/60000]       0.3236              91.1500             0.3061              214            
4              [38912/60000]       0.3360              90.8500             0.3026              215            
4              [39936/60000]       0.2957              91.9100             0.2895              216            
4              [40960/60000]       0.2703              91.9000             0.2777              217            
4              [41984/60000]       0.3192              92.1900             0.2813              218            
4              [43008/60000]       0.2615              91.7200             0.2874              219            
