Current_Epoch  Batch/Total         CE_Train            Accuracy(%)         CE_TEST             Batch_Number   
0              [0/60000]           --                  9.020               2.4495              0
1              [60000/60000]       2.4402              23.2500             2.1685              1              
2              [60000/60000]       2.1671              43.6500             1.9340              2              
3              [60000/60000]       1.9380              54.3800             1.7368              3              
4              [60000/60000]       1.7436              65.5200             1.5700              4              
5              [60000/60000]       1.5822              66.5200             1.4390              5              
6              [60000/60000]       1.4512              70.8800             1.3237              6              
7              [60000/60000]       1.3412              71.4600             1.2382              7              
8              [60000/60000]       1.2539              73.8600             1.1559              8              
9              [60000/60000]       1.1764              74.7800             1.0954              9              
10             [60000/60000]       1.1136              76.0900             1.0332              10             
11             [60000/60000]       1.0555              77.1100             0.9879              11             
12             [60000/60000]       1.0079              77.8800             0.9408              12             
13             [60000/60000]       0.9640              78.9600             0.9050              13             
14             [60000/60000]       0.9265              79.2500             0.8701              14             
15             [60000/60000]       0.8937              80.4400             0.8402              15             
16             [60000/60000]       0.8631              80.4900             0.8144              16             
17             [60000/60000]       0.8381              81.4600             0.7878              17             
18             [60000/60000]       0.8117              81.4600             0.7678              18             
19             [60000/60000]       0.7914              82.3100             0.7440              19             
20             [60000/60000]       0.7686              82.4600             0.7280              20             
21             [60000/60000]       0.7516              83.0800             0.7068              21             
22             [60000/60000]       0.7319              83.2800             0.6936              22             
23             [60000/60000]       0.7173              83.9500             0.6747              23             
24             [60000/60000]       0.7001              84.0700             0.6635              24             
25             [60000/60000]       0.6872              84.5600             0.6465              25             
26             [60000/60000]       0.6721              84.8800             0.6368              26             
27             [60000/60000]       0.6606              85.3800             0.6217              27             
28             [60000/60000]       0.6474              85.5700             0.6131              28             
29             [60000/60000]       0.6369              85.8000             0.5996              29             
30             [60000/60000]       0.6253              86.1100             0.5919              30             
31             [60000/60000]       0.6157              86.2900             0.5799              31             
32             [60000/60000]       0.6055              86.4500             0.5729              32             
33             [60000/60000]       0.5968              86.6900             0.5622              33             
34             [60000/60000]       0.5877              86.7400             0.5559              34             
35             [60000/60000]       0.5797              86.9000             0.5462              35             
36             [60000/60000]       0.5716              87.0900             0.5404              36             
37             [60000/60000]       0.5643              87.2100             0.5316              37             
38             [60000/60000]       0.5569              87.2800             0.5264              38             
39             [60000/60000]       0.5502              87.4900             0.5184              39             
40             [60000/60000]       0.5435              87.5600             0.5136              40             
41             [60000/60000]       0.5373              87.8100             0.5063              41             
42             [60000/60000]       0.5312              87.7600             0.5019              42             
43             [60000/60000]       0.5255              87.9900             0.4951              43             
44             [60000/60000]       0.5199              87.9400             0.4911              44             
45             [60000/60000]       0.5146              88.1400             0.4847              45             
46             [60000/60000]       0.5094              88.0800             0.4812              46             
47             [60000/60000]       0.5045              88.2500             0.4751              47             
48             [60000/60000]       0.4997              88.2600             0.4719              48             
49             [60000/60000]       0.4951              88.4300             0.4662              49             
50             [60000/60000]       0.4906              88.4200             0.4634              50             
51             [60000/60000]       0.4864              88.5300             0.4579              51             
52             [60000/60000]       0.4822              88.5500             0.4556              52             
53             [60000/60000]       0.4783              88.6000             0.4502              53             
54             [60000/60000]       0.4745              88.6300             0.4485              54             
55             [60000/60000]       0.4709              88.6500             0.4431              55             
56             [60000/60000]       0.4674              88.6400             0.4422              56             
57             [60000/60000]       0.4643              88.6500             0.4367              57             
58             [60000/60000]       0.4610              88.6700             0.4365              58             
59             [60000/60000]       0.4583              88.7500             0.4309              59             
60             [60000/60000]       0.4553              88.7100             0.4315              60             
61             [60000/60000]       0.4529              88.7100             0.4257              61             
62             [60000/60000]       0.4501              88.7500             0.4271              62             
63             [60000/60000]       0.4480              88.8100             0.4209              63             
64             [60000/60000]       0.4453              88.8600             0.4229              64             
65             [60000/60000]       0.4435              88.7600             0.4164              65             
66             [60000/60000]       0.4408              88.8900             0.4190              66             
67             [60000/60000]       0.4392              88.8100             0.4121              67             
68             [60000/60000]       0.4366              88.9700             0.4152              68             
69             [60000/60000]       0.4351              88.8500             0.4079              69             
70             [60000/60000]       0.4324              89.0200             0.4114              70             
71             [60000/60000]       0.4310              88.9000             0.4038              71             
72             [60000/60000]       0.4282              89.0000             0.4075              72             
73             [60000/60000]       0.4269              88.9400             0.3998              73             
74             [60000/60000]       0.4241              89.0400             0.4037              74             
75             [60000/60000]       0.4228              88.9400             0.3958              75             
76             [60000/60000]       0.4200              89.1200             0.3998              76             
77             [60000/60000]       0.4187              88.9800             0.3918              77             
78             [60000/60000]       0.4160              89.2100             0.3959              78             
79             [60000/60000]       0.4147              89.0700             0.3880              79             
80             [60000/60000]       0.4120              89.2800             0.3921              80             
81             [60000/60000]       0.4107              89.1100             0.3842              81             
82             [60000/60000]       0.4081              89.3400             0.3884              82             
83             [60000/60000]       0.4068              89.2000             0.3806              83             
84             [60000/60000]       0.4043              89.4400             0.3847              84             
85             [60000/60000]       0.4030              89.2900             0.3771              85             
86             [60000/60000]       0.4006              89.4900             0.3812              86             
87             [60000/60000]       0.3993              89.4200             0.3737              87             
88             [60000/60000]       0.3970              89.6000             0.3778              88             
89             [60000/60000]       0.3958              89.4800             0.3704              89             
90             [60000/60000]       0.3936              89.6900             0.3746              90             
91             [60000/60000]       0.3924              89.5800             0.3673              91             
92             [60000/60000]       0.3903              89.7600             0.3715              92             
93             [60000/60000]       0.3892              89.6200             0.3644              93             
94             [60000/60000]       0.3872              89.8400             0.3686              94             
95             [60000/60000]       0.3861              89.7300             0.3616              95             
96             [60000/60000]       0.3842              89.9500             0.3658              96             
97             [60000/60000]       0.3831              89.8100             0.3589              97             
98             [60000/60000]       0.3814              90.0300             0.3632              98             
99             [60000/60000]       0.3803              89.8000             0.3564              99             
100            [60000/60000]       0.3787              90.0700             0.3607              100            
101            [60000/60000]       0.3777              89.8800             0.3540              101            
102            [60000/60000]       0.3761              90.0600             0.3584              102            
103            [60000/60000]       0.3752              89.9200             0.3518              103            
104            [60000/60000]       0.3737              90.1400             0.3562              104            
105            [60000/60000]       0.3728              89.9600             0.3497              105            
106            [60000/60000]       0.3714              90.2000             0.3542              106            
107            [60000/60000]       0.3706              89.9900             0.3477              107            
108            [60000/60000]       0.3692              90.2200             0.3523              108            
109            [60000/60000]       0.3685              90.0400             0.3459              109            
110            [60000/60000]       0.3672              90.2100             0.3505              110            
111            [60000/60000]       0.3665              90.0600             0.3441              111            
112            [60000/60000]       0.3652              90.2400             0.3489              112            
113            [60000/60000]       0.3647              90.0700             0.3424              113            
114            [60000/60000]       0.3634              90.3000             0.3473              114            
115            [60000/60000]       0.3629              90.1300             0.3409              115            
116            [60000/60000]       0.3617              90.3400             0.3459              116            
117            [60000/60000]       0.3612              90.1600             0.3394              117            
118            [60000/60000]       0.3601              90.4400             0.3445              118            
119            [60000/60000]       0.3596              90.2400             0.3380              119            
120            [60000/60000]       0.3585              90.4800             0.3433              120            
121            [60000/60000]       0.3581              90.2500             0.3367              121            
122            [60000/60000]       0.3570              90.5000             0.3420              122            
123            [60000/60000]       0.3567              90.3000             0.3354              123            
124            [60000/60000]       0.3556              90.5200             0.3409              124            
125            [60000/60000]       0.3553              90.3200             0.3343              125            
126            [60000/60000]       0.3543              90.5200             0.3398              126            
127            [60000/60000]       0.3540              90.3300             0.3331              127            
128            [60000/60000]       0.3530              90.5600             0.3388              128            
129            [60000/60000]       0.3527              90.3900             0.3320              129            
130            [60000/60000]       0.3517              90.5800             0.3378              130            
131            [60000/60000]       0.3515              90.4500             0.3310              131            
132            [60000/60000]       0.3505              90.6400             0.3369              132            
133            [60000/60000]       0.3504              90.4500             0.3300              133            
134            [60000/60000]       0.3494              90.6300             0.3360              134            
135            [60000/60000]       0.3492              90.4700             0.3291              135            
136            [60000/60000]       0.3483              90.6700             0.3351              136            
137            [60000/60000]       0.3481              90.4700             0.3282              137            
138            [60000/60000]       0.3472              90.6800             0.3343              138            
139            [60000/60000]       0.3471              90.4800             0.3273              139            
140            [60000/60000]       0.3461              90.6900             0.3335              140            
141            [60000/60000]       0.3461              90.4800             0.3264              141            
142            [60000/60000]       0.3451              90.7300             0.3327              142            
143            [60000/60000]       0.3451              90.5200             0.3256              143            
144            [60000/60000]       0.3441              90.7300             0.3320              144            
145            [60000/60000]       0.3441              90.5600             0.3248              145            
146            [60000/60000]       0.3432              90.7500             0.3313              146            
147            [60000/60000]       0.3432              90.5700             0.3241              147            
148            [60000/60000]       0.3423              90.7500             0.3306              148            
149            [60000/60000]       0.3423              90.5900             0.3234              149            
150            [60000/60000]       0.3414              90.7600             0.3299              150            
151            [60000/60000]       0.3414              90.5900             0.3227              151            
152            [60000/60000]       0.3405              90.8200             0.3293              152            
153            [60000/60000]       0.3405              90.6400             0.3220              153            
154            [60000/60000]       0.3397              90.8400             0.3287              154            
155            [60000/60000]       0.3397              90.6800             0.3214              155            
156            [60000/60000]       0.3388              90.8700             0.3281              156            
157            [60000/60000]       0.3389              90.7000             0.3208              157            
158            [60000/60000]       0.3381              90.8700             0.3275              158            
159            [60000/60000]       0.3381              90.7100             0.3202              159            
160            [60000/60000]       0.3373              90.9000             0.3270              160            
161            [60000/60000]       0.3374              90.7200             0.3196              161            
162            [60000/60000]       0.3366              90.9100             0.3265              162            
163            [60000/60000]       0.3367              90.7100             0.3191              163            
164            [60000/60000]       0.3359              90.9200             0.3260              164            
165            [60000/60000]       0.3360              90.7100             0.3186              165            
166            [60000/60000]       0.3352              90.9000             0.3255              166            
167            [60000/60000]       0.3353              90.7300             0.3181              167            
168            [60000/60000]       0.3345              90.9000             0.3251              168            
169            [60000/60000]       0.3347              90.7400             0.3176              169            
170            [60000/60000]       0.3339              90.9300             0.3247              170            
171            [60000/60000]       0.3341              90.7500             0.3171              171            
172            [60000/60000]       0.3333              90.9200             0.3243              172            
173            [60000/60000]       0.3335              90.7100             0.3167              173            
174            [60000/60000]       0.3327              90.9100             0.3239              174            
175            [60000/60000]       0.3329              90.7200             0.3163              175            
176            [60000/60000]       0.3321              90.8800             0.3235              176            
177            [60000/60000]       0.3323              90.7100             0.3159              177            
178            [60000/60000]       0.3316              90.8800             0.3232              178            
179            [60000/60000]       0.3318              90.7400             0.3156              179            
180            [60000/60000]       0.3310              90.9100             0.3229              180            
181            [60000/60000]       0.3313              90.7500             0.3152              181            
182            [60000/60000]       0.3305              90.9500             0.3226              182            
183            [60000/60000]       0.3308              90.7600             0.3149              183            
184            [60000/60000]       0.3300              90.9500             0.3223              184            
185            [60000/60000]       0.3303              90.7800             0.3145              185            
186            [60000/60000]       0.3295              90.9500             0.3220              186            
187            [60000/60000]       0.3298              90.7700             0.3142              187            
188            [60000/60000]       0.3291              90.9400             0.3217              188            
189            [60000/60000]       0.3294              90.7600             0.3139              189            
190            [60000/60000]       0.3286              90.9400             0.3215              190            
191            [60000/60000]       0.3289              90.7900             0.3137              191            
192            [60000/60000]       0.3282              90.9400             0.3213              192            
193            [60000/60000]       0.3285              90.8300             0.3134              193            
194            [60000/60000]       0.3278              90.9400             0.3210              194            
195            [60000/60000]       0.3281              90.8300             0.3131              195            
196            [60000/60000]       0.3274              90.9600             0.3208              196            
197            [60000/60000]       0.3277              90.8300             0.3129              197            
198            [60000/60000]       0.3270              90.9600             0.3206              198            
199            [60000/60000]       0.3273              90.8300             0.3127              199            
200            [60000/60000]       0.3266              90.9500             0.3205              200            
201            [60000/60000]       0.3270              90.8100             0.3125              201            
202            [60000/60000]       0.3263              90.9500             0.3203              202            
203            [60000/60000]       0.3266              90.7900             0.3122              203            
204            [60000/60000]       0.3259              90.9700             0.3201              204            
205            [60000/60000]       0.3263              90.7800             0.3120              205            
206            [60000/60000]       0.3256              90.9700             0.3200              206            
207            [60000/60000]       0.3260              90.8000             0.3119              207            
208            [60000/60000]       0.3252              90.9500             0.3198              208            
209            [60000/60000]       0.3256              90.7900             0.3117              209            
210            [60000/60000]       0.3249              90.9400             0.3197              210            
211            [60000/60000]       0.3253              90.7900             0.3115              211            
212            [60000/60000]       0.3246              90.9500             0.3195              212            
213            [60000/60000]       0.3250              90.8100             0.3113              213            
214            [60000/60000]       0.3243              90.9700             0.3194              214            
215            [60000/60000]       0.3247              90.7800             0.3112              215            
216            [60000/60000]       0.3240              90.9700             0.3193              216            
217            [60000/60000]       0.3245              90.7700             0.3110              217            
218            [60000/60000]       0.3237              90.9800             0.3192              218            
219            [60000/60000]       0.3242              90.7700             0.3109              219            
