Current_Epoch  Batch/Total         CE_Train            Accuracy(%)         CE_TEST             Batch_Number   
0              [0/60000]           --                  9.020               2.2728              0
1              [60000/60000]       2.2763              36.0800             2.0189              1              
2              [60000/60000]       2.0261              52.2400             1.7990              2              
3              [60000/60000]       1.8129              59.8100             1.6219              3              
4              [60000/60000]       1.6369              65.2800             1.4752              4              
5              [60000/60000]       1.4951              67.1300             1.3579              5              
6              [60000/60000]       1.3781              71.0900             1.2605              6              
7              [60000/60000]       1.2835              71.5500             1.1784              7              
8              [60000/60000]       1.2018              74.5800             1.1099              8              
9              [60000/60000]       1.1348              74.6400             1.0491              9              
10             [60000/60000]       1.0743              77.0300             0.9978              10             
11             [60000/60000]       1.0238              77.1700             0.9515              11             
12             [60000/60000]       0.9776              78.9100             0.9110              12             
13             [60000/60000]       0.9377              79.2500             0.8754              13             
14             [60000/60000]       0.9018              80.5400             0.8422              14             
15             [60000/60000]       0.8693              80.9600             0.8145              15             
16             [60000/60000]       0.8410              81.7800             0.7867              16             
17             [60000/60000]       0.8140              82.3600             0.7649              17             
18             [60000/60000]       0.7913              82.7900             0.7414              18             
19             [60000/60000]       0.7686              83.1800             0.7240              19             
20             [60000/60000]       0.7502              83.4300             0.7041              20             
21             [60000/60000]       0.7312              84.1300             0.6904              21             
22             [60000/60000]       0.7162              84.1000             0.6735              22             
23             [60000/60000]       0.7002              84.7100             0.6623              23             
24             [60000/60000]       0.6877              84.7500             0.6474              24             
25             [60000/60000]       0.6738              85.2000             0.6374              25             
26             [60000/60000]       0.6624              85.2100             0.6241              26             
27             [60000/60000]       0.6501              85.6300             0.6150              27             
28             [60000/60000]       0.6396              85.5900             0.6029              28             
29             [60000/60000]       0.6286              86.1900             0.5947              29             
30             [60000/60000]       0.6190              85.9800             0.5838              30             
31             [60000/60000]       0.6091              86.6000             0.5764              31             
32             [60000/60000]       0.6004              86.3200             0.5666              32             
33             [60000/60000]       0.5915              86.9300             0.5599              33             
34             [60000/60000]       0.5835              86.7400             0.5509              34             
35             [60000/60000]       0.5755              87.1000             0.5449              35             
36             [60000/60000]       0.5681              87.0900             0.5367              36             
37             [60000/60000]       0.5609              87.2900             0.5312              37             
38             [60000/60000]       0.5542              87.3400             0.5237              38             
39             [60000/60000]       0.5475              87.5500             0.5188              39             
40             [60000/60000]       0.5413              87.5100             0.5117              40             
41             [60000/60000]       0.5353              87.7300             0.5073              41             
42             [60000/60000]       0.5295              87.6900             0.5008              42             
43             [60000/60000]       0.5239              87.9100             0.4967              43             
44             [60000/60000]       0.5186              87.8700             0.4906              44             
45             [60000/60000]       0.5134              88.0100             0.4870              45             
46             [60000/60000]       0.5084              88.0000             0.4812              46             
47             [60000/60000]       0.5036              88.2000             0.4779              47             
48             [60000/60000]       0.4990              88.1500             0.4724              48             
49             [60000/60000]       0.4945              88.3100             0.4695              49             
50             [60000/60000]       0.4902              88.2800             0.4641              50             
51             [60000/60000]       0.4859              88.4900             0.4617              51             
52             [60000/60000]       0.4819              88.4300             0.4565              52             
53             [60000/60000]       0.4780              88.6800             0.4544              53             
54             [60000/60000]       0.4743              88.5600             0.4494              54             
55             [60000/60000]       0.4706              88.7500             0.4479              55             
56             [60000/60000]       0.4672              88.6800             0.4428              56             
57             [60000/60000]       0.4638              88.8000             0.4419              57             
58             [60000/60000]       0.4607              88.7700             0.4368              58             
59             [60000/60000]       0.4576              88.7300             0.4366              59             
60             [60000/60000]       0.4549              88.8100             0.4313              60             
61             [60000/60000]       0.4520              88.7600             0.4320              61             
62             [60000/60000]       0.4497              88.8400             0.4264              62             
63             [60000/60000]       0.4470              88.7400             0.4279              63             
64             [60000/60000]       0.4450              88.9000             0.4219              64             
65             [60000/60000]       0.4425              88.7700             0.4242              65             
66             [60000/60000]       0.4407              88.8400             0.4177              66             
67             [60000/60000]       0.4382              88.7900             0.4206              67             
68             [60000/60000]       0.4366              88.7800             0.4137              68             
69             [60000/60000]       0.4340              88.8500             0.4170              69             
70             [60000/60000]       0.4325              88.8300             0.4097              70             
71             [60000/60000]       0.4299              88.8800             0.4134              71             
72             [60000/60000]       0.4284              88.9100             0.4057              72             
73             [60000/60000]       0.4258              88.9600             0.4098              73             
74             [60000/60000]       0.4244              89.0400             0.4018              74             
75             [60000/60000]       0.4217              88.9800             0.4061              75             
76             [60000/60000]       0.4203              89.1300             0.3980              76             
77             [60000/60000]       0.4176              89.0900             0.4024              77             
78             [60000/60000]       0.4162              89.2200             0.3942              78             
79             [60000/60000]       0.4136              89.1400             0.3987              79             
80             [60000/60000]       0.4122              89.2500             0.3905              80             
81             [60000/60000]       0.4097              89.2200             0.3951              81             
82             [60000/60000]       0.4083              89.3400             0.3869              82             
83             [60000/60000]       0.4058              89.2900             0.3915              83             
84             [60000/60000]       0.4045              89.4100             0.3834              84             
85             [60000/60000]       0.4021              89.3300             0.3881              85             
86             [60000/60000]       0.4008              89.5000             0.3800              86             
87             [60000/60000]       0.3985              89.3600             0.3847              87             
88             [60000/60000]       0.3971              89.5100             0.3768              88             
89             [60000/60000]       0.3949              89.5000             0.3815              89             
90             [60000/60000]       0.3937              89.5600             0.3737              90             
91             [60000/60000]       0.3916              89.5400             0.3785              91             
92             [60000/60000]       0.3903              89.5600             0.3708              92             
93             [60000/60000]       0.3884              89.6400             0.3755              93             
94             [60000/60000]       0.3872              89.6400             0.3680              94             
95             [60000/60000]       0.3853              89.7000             0.3728              95             
96             [60000/60000]       0.3841              89.7100             0.3653              96             
97             [60000/60000]       0.3823              89.7500             0.3701              97             
98             [60000/60000]       0.3813              89.8000             0.3628              98             
99             [60000/60000]       0.3796              89.8000             0.3677              99             
100            [60000/60000]       0.3785              89.8700             0.3604              100            
101            [60000/60000]       0.3769              89.8500             0.3653              101            
102            [60000/60000]       0.3759              89.9200             0.3581              102            
103            [60000/60000]       0.3744              89.9100             0.3632              103            
104            [60000/60000]       0.3735              89.9900             0.3560              104            
105            [60000/60000]       0.3720              89.9500             0.3611              105            
106            [60000/60000]       0.3711              90.0300             0.3540              106            
107            [60000/60000]       0.3697              90.0400             0.3592              107            
108            [60000/60000]       0.3689              90.0600             0.3521              108            
109            [60000/60000]       0.3676              90.0700             0.3574              109            
110            [60000/60000]       0.3668              90.1100             0.3503              110            
111            [60000/60000]       0.3656              90.1200             0.3557              111            
112            [60000/60000]       0.3649              90.1200             0.3486              112            
113            [60000/60000]       0.3637              90.1600             0.3541              113            
114            [60000/60000]       0.3630              90.1300             0.3469              114            
115            [60000/60000]       0.3618              90.1800             0.3526              115            
116            [60000/60000]       0.3612              90.1600             0.3454              116            
117            [60000/60000]       0.3601              90.2200             0.3512              117            
118            [60000/60000]       0.3596              90.1900             0.3440              118            
119            [60000/60000]       0.3585              90.2500             0.3499              119            
120            [60000/60000]       0.3580              90.1800             0.3426              120            
121            [60000/60000]       0.3569              90.2600             0.3487              121            
122            [60000/60000]       0.3564              90.1900             0.3413              122            
123            [60000/60000]       0.3554              90.3000             0.3475              123            
124            [60000/60000]       0.3550              90.2300             0.3401              124            
125            [60000/60000]       0.3540              90.3100             0.3464              125            
126            [60000/60000]       0.3536              90.2200             0.3389              126            
127            [60000/60000]       0.3526              90.3300             0.3454              127            
128            [60000/60000]       0.3522              90.2600             0.3378              128            
129            [60000/60000]       0.3513              90.3200             0.3443              129            
130            [60000/60000]       0.3509              90.3100             0.3367              130            
131            [60000/60000]       0.3500              90.3400             0.3434              131            
132            [60000/60000]       0.3497              90.3400             0.3356              132            
133            [60000/60000]       0.3488              90.3500             0.3424              133            
134            [60000/60000]       0.3485              90.3600             0.3346              134            
135            [60000/60000]       0.3476              90.4000             0.3415              135            
136            [60000/60000]       0.3473              90.3500             0.3337              136            
137            [60000/60000]       0.3464              90.4100             0.3407              137            
138            [60000/60000]       0.3462              90.3900             0.3327              138            
139            [60000/60000]       0.3453              90.4300             0.3398              139            
140            [60000/60000]       0.3451              90.3900             0.3318              140            
141            [60000/60000]       0.3443              90.4500             0.3390              141            
142            [60000/60000]       0.3440              90.3900             0.3310              142            
143            [60000/60000]       0.3432              90.4600             0.3382              143            
144            [60000/60000]       0.3430              90.4100             0.3301              144            
145            [60000/60000]       0.3422              90.4800             0.3375              145            
146            [60000/60000]       0.3420              90.4300             0.3293              146            
147            [60000/60000]       0.3412              90.4800             0.3367              147            
148            [60000/60000]       0.3410              90.5000             0.3285              148            
149            [60000/60000]       0.3402              90.4600             0.3360              149            
150            [60000/60000]       0.3401              90.5300             0.3278              150            
151            [60000/60000]       0.3393              90.4700             0.3353              151            
152            [60000/60000]       0.3392              90.5400             0.3271              152            
153            [60000/60000]       0.3384              90.4900             0.3347              153            
154            [60000/60000]       0.3383              90.5800             0.3264              154            
155            [60000/60000]       0.3376              90.5200             0.3340              155            
156            [60000/60000]       0.3375              90.6000             0.3257              156            
157            [60000/60000]       0.3367              90.5200             0.3334              157            
158            [60000/60000]       0.3366              90.6100             0.3251              158            
159            [60000/60000]       0.3359              90.5200             0.3329              159            
160            [60000/60000]       0.3358              90.6600             0.3245              160            
161            [60000/60000]       0.3351              90.5200             0.3323              161            
162            [60000/60000]       0.3351              90.6700             0.3239              162            
163            [60000/60000]       0.3343              90.4900             0.3318              163            
164            [60000/60000]       0.3343              90.6900             0.3233              164            
165            [60000/60000]       0.3336              90.4800             0.3312              165            
166            [60000/60000]       0.3336              90.6900             0.3227              166            
167            [60000/60000]       0.3329              90.5100             0.3307              167            
168            [60000/60000]       0.3329              90.7000             0.3222              168            
169            [60000/60000]       0.3322              90.5300             0.3303              169            
170            [60000/60000]       0.3322              90.7200             0.3217              170            
171            [60000/60000]       0.3315              90.5500             0.3298              171            
172            [60000/60000]       0.3315              90.7200             0.3212              172            
173            [60000/60000]       0.3309              90.5700             0.3294              173            
174            [60000/60000]       0.3309              90.7700             0.3207              174            
175            [60000/60000]       0.3303              90.5900             0.3290              175            
176            [60000/60000]       0.3303              90.7900             0.3203              176            
177            [60000/60000]       0.3296              90.6200             0.3286              177            
178            [60000/60000]       0.3297              90.8100             0.3199              178            
179            [60000/60000]       0.3291              90.6200             0.3282              179            
180            [60000/60000]       0.3291              90.8300             0.3195              180            
181            [60000/60000]       0.3285              90.6800             0.3278              181            
182            [60000/60000]       0.3286              90.8600             0.3191              182            
183            [60000/60000]       0.3279              90.6700             0.3275              183            
184            [60000/60000]       0.3280              90.8200             0.3187              184            
185            [60000/60000]       0.3274              90.6800             0.3271              185            
186            [60000/60000]       0.3275              90.8100             0.3183              186            
187            [60000/60000]       0.3269              90.6800             0.3268              187            
188            [60000/60000]       0.3270              90.8400             0.3180              188            
189            [60000/60000]       0.3264              90.6800             0.3265              189            
190            [60000/60000]       0.3265              90.8400             0.3176              190            
191            [60000/60000]       0.3259              90.7100             0.3262              191            
192            [60000/60000]       0.3260              90.8200             0.3173              192            
193            [60000/60000]       0.3254              90.7500             0.3259              193            
194            [60000/60000]       0.3256              90.8300             0.3170              194            
195            [60000/60000]       0.3250              90.7600             0.3257              195            
196            [60000/60000]       0.3251              90.8200             0.3167              196            
197            [60000/60000]       0.3246              90.7500             0.3254              197            
198            [60000/60000]       0.3247              90.8300             0.3164              198            
199            [60000/60000]       0.3241              90.7400             0.3252              199            
200            [60000/60000]       0.3243              90.8200             0.3161              200            
201            [60000/60000]       0.3237              90.7500             0.3249              201            
202            [60000/60000]       0.3239              90.8300             0.3159              202            
203            [60000/60000]       0.3233              90.7500             0.3247              203            
204            [60000/60000]       0.3235              90.8200             0.3156              204            
205            [60000/60000]       0.3229              90.7400             0.3245              205            
206            [60000/60000]       0.3231              90.8200             0.3154              206            
207            [60000/60000]       0.3226              90.7800             0.3243              207            
208            [60000/60000]       0.3227              90.8100             0.3151              208            
209            [60000/60000]       0.3222              90.8100             0.3241              209            
210            [60000/60000]       0.3224              90.8500             0.3149              210            
211            [60000/60000]       0.3218              90.8100             0.3239              211            
212            [60000/60000]       0.3220              90.8700             0.3147              212            
213            [60000/60000]       0.3215              90.8200             0.3237              213            
214            [60000/60000]       0.3217              90.8700             0.3145              214            
215            [60000/60000]       0.3212              90.8100             0.3236              215            
216            [60000/60000]       0.3214              90.8800             0.3143              216            
217            [60000/60000]       0.3208              90.8200             0.3234              217            
218            [60000/60000]       0.3211              90.8800             0.3141              218            
219            [60000/60000]       0.3205              90.8300             0.3233              219            
