Current_Epoch  Batch/Total         CE_Train            Accuracy(%)         CE_TEST             Batch_Number   
0              [0/60000]           --                  9.020               2.3049              0
1              [64/60000]          2.2945              27.9600             8.3750              1              
1              [128/60000]         9.0639              36.9300             8.9617              2              
1              [192/60000]         8.5244              31.2700             13.4987             3              
1              [256/60000]         13.9725             20.0100             17.5365             4              
1              [320/60000]         17.4522             32.1800             12.3836             5              
1              [384/60000]         12.5604             41.0000             6.8754              6              
1              [448/60000]         8.0253              50.2500             5.9272              7              
1              [512/60000]         5.4788              58.0900             2.8365              8              
1              [576/60000]         3.3914              51.4400             2.6965              9              
1              [640/60000]         3.8526              47.3700             4.7742              10             
1              [704/60000]         3.5940              33.0000             8.4662              11             
1              [768/60000]         9.4255              53.8400             4.0754              12             
1              [832/60000]         4.4430              62.2000             2.0443              13             
1              [896/60000]         1.6599              77.8900             0.9058              14             
1              [960/60000]         0.8088              81.9700             0.6334              15             
1              [1024/60000]        0.3428              76.4100             0.8743              16             
1              [1088/60000]        0.7575              80.3100             0.6636              17             
1              [1152/60000]        0.7495              80.4100             0.7009              18             
1              [1216/60000]        0.5857              75.3000             0.8783              19             
1              [1280/60000]        0.8381              76.1400             0.9333              20             
1              [1344/60000]        0.9424              77.0400             0.9267              21             
1              [1408/60000]        0.5915              85.7500             0.5224              22             
1              [1472/60000]        0.5220              84.9200             0.5131              23             
1              [1536/60000]        0.4945              84.2100             0.5621              24             
1              [1600/60000]        0.5765              87.3700             0.4568              25             
1              [1664/60000]        0.9332              85.3700             0.5109              26             
1              [1728/60000]        0.3307              86.9300             0.4300              27             
1              [1792/60000]        0.5990              88.3200             0.4076              28             
1              [1856/60000]        0.3261              84.9700             0.4979              29             
1              [1920/60000]        0.4306              83.3300             0.5418              30             
1              [1984/60000]        0.5233              82.6800             0.6290              31             
1              [2048/60000]        0.8860              74.5200             1.0602              32             
1              [2112/60000]        1.1836              82.6800             0.7704              33             
1              [2176/60000]        1.0040              86.0300             0.4785              34             
1              [2240/60000]        0.3248              88.9600             0.3824              35             
1              [2304/60000]        0.4633              88.5900             0.3957              36             
1              [2368/60000]        0.3638              79.0000             0.7151              37             
1              [2432/60000]        0.6809              64.6000             1.4282              38             
1              [2496/60000]        2.0166              76.1000             1.5778              39             
1              [2560/60000]        1.6845              78.5500             0.7614              40             
1              [2624/60000]        0.5983              84.8700             0.5095              41             
1              [2688/60000]        0.5135              87.4700             0.4313              42             
1              [2752/60000]        0.1560              88.7500             0.3930              43             
1              [2816/60000]        0.4878              86.7800             0.4594              44             
1              [2880/60000]        0.1722              88.9700             0.3898              45             
1              [2944/60000]        0.3819              89.1500             0.3756              46             
1              [3008/60000]        0.3631              89.6800             0.3601              47             
1              [3072/60000]        0.3938              87.3700             0.4299              48             
1              [3136/60000]        0.3524              85.5100             0.4762              49             
1              [3200/60000]        0.5009              83.7600             0.5477              50             
1              [3264/60000]        0.4733              85.7200             0.4798              51             
1              [3328/60000]        0.4470              82.0700             0.6051              52             
1              [3392/60000]        0.3927              90.6800             0.3261              53             
1              [3456/60000]        0.1852              89.6500             0.3534              54             
1              [3520/60000]        0.4859              82.3600             0.6138              55             
1              [3584/60000]        0.5073              84.9700             0.5190              56             
1              [3648/60000]        0.6463              86.0600             0.4668              57             
1              [3712/60000]        0.3675              86.1300             0.4543              58             
1              [3776/60000]        0.7941              82.2800             0.7336              59             
1              [3840/60000]        1.3057              75.8600             1.0787              60             
1              [3904/60000]        1.2077              79.9600             0.8179              61             
1              [3968/60000]        0.8437              70.9600             1.4478              62             
1              [4032/60000]        1.3400              82.4100             0.7429              63             
1              [4096/60000]        0.6401              87.8300             0.4424              64             
1              [4160/60000]        0.6023              89.4700             0.3778              65             
1              [4224/60000]        0.3304              89.6100             0.3645              66             
1              [4288/60000]        0.5085              82.9500             0.5923              67             
1              [4352/60000]        0.9208              80.1800             0.7579              68             
1              [4416/60000]        0.8483              86.2600             0.4696              69             
1              [4480/60000]        0.5370              89.3700             0.3451              70             
1              [4544/60000]        0.4458              88.9600             0.3379              71             
1              [4608/60000]        0.4365              83.6200             0.5591              72             
1              [4672/60000]        0.5129              87.8700             0.3967              73             
1              [4736/60000]        0.5244              80.5900             0.6277              74             
1              [4800/60000]        0.9118              80.2600             0.8901              75             
1              [4864/60000]        1.1346              88.7400             0.3737              76             
1              [4928/60000]        0.3057              90.2600             0.3212              77             
1              [4992/60000]        0.5448              89.7200             0.3488              78             
1              [5056/60000]        0.4466              89.2500             0.3548              79             
1              [5120/60000]        0.3724              89.7600             0.3459              80             
1              [5184/60000]        0.5064              86.5100             0.4529              81             
1              [5248/60000]        0.4256              88.2400             0.3876              82             
1              [5312/60000]        0.3051              91.9800             0.2705              83             
1              [5376/60000]        0.1918              92.0000             0.2655              84             
1              [5440/60000]        0.3379              91.8300             0.2737              85             
1              [5504/60000]        0.2712              90.5100             0.3004              86             
1              [5568/60000]        0.3190              91.8700             0.2706              87             
1              [5632/60000]        0.1233              92.5600             0.2581              88             
1              [5696/60000]        0.1559              92.4100             0.2541              89             
1              [5760/60000]        0.1764              91.1700             0.2935              90             
1              [5824/60000]        0.3964              91.7900             0.2763              91             
1              [5888/60000]        0.1708              89.9000             0.3416              92             
1              [5952/60000]        0.3361              92.3600             0.2608              93             
1              [6016/60000]        0.5132              90.2800             0.3053              94             
1              [6080/60000]        0.5435              91.3500             0.2914              95             
1              [6144/60000]        0.4616              90.9300             0.2975              96             
1              [6208/60000]        0.4462              91.2100             0.2863              97             
1              [6272/60000]        0.4188              90.2400             0.3075              98             
1              [6336/60000]        0.1878              91.8400             0.2628              99             
1              [6400/60000]        0.5119              87.7800             0.3931              100            
1              [6464/60000]        0.5315              89.7700             0.3190              101            
1              [6528/60000]        0.2810              93.1500             0.2377              102            
1              [6592/60000]        0.2125              91.7600             0.2719              103            
1              [6656/60000]        0.1555              93.5800             0.2156              104            
1              [6720/60000]        0.2172              92.1500             0.2655              105            
1              [6784/60000]        0.2858              91.7700             0.2600              106            
1              [6848/60000]        0.5144              88.1500             0.3888              107            
1              [6912/60000]        0.2414              92.2800             0.2527              108            
1              [6976/60000]        0.1485              93.1900             0.2295              109            
1              [7040/60000]        0.3127              87.4700             0.3971              110            
1              [7104/60000]        0.4350              89.5200             0.3532              111            
1              [7168/60000]        0.2050              92.2300             0.2514              112            
1              [7232/60000]        0.1763              92.2300             0.2503              113            
1              [7296/60000]        0.2902              90.1100             0.3251              114            
1              [7360/60000]        0.2262              93.1800             0.2346              115            
1              [7424/60000]        0.1603              92.9200             0.2414              116            
1              [7488/60000]        0.1719              87.8800             0.3839              117            
1              [7552/60000]        0.3929              92.6100             0.2483              118            
1              [7616/60000]        0.0885              92.8100             0.2384              119            
1              [7680/60000]        0.2545              93.1200             0.2330              120            
1              [7744/60000]        0.1700              91.5800             0.2772              121            
1              [7808/60000]        0.2640              91.3300             0.2857              122            
1              [7872/60000]        0.1016              92.1800             0.2557              123            
1              [7936/60000]        0.1835              91.6600             0.2693              124            
1              [8000/60000]        0.2231              90.1600             0.3116              125            
1              [8064/60000]        0.3284              90.4100             0.3157              126            
1              [8128/60000]        0.3372              93.8700             0.2135              127            
1              [8192/60000]        0.3106              92.0600             0.2813              128            
1              [8256/60000]        0.1567              92.9800             0.2346              129            
1              [8320/60000]        0.1955              93.2400             0.2161              130            
1              [8384/60000]        0.3183              92.0900             0.2656              131            
1              [8448/60000]        0.2568              93.1500             0.2302              132            
1              [8512/60000]        0.5880              91.8500             0.2732              133            
1              [8576/60000]        0.2561              88.1800             0.3647              134            
1              [8640/60000]        0.4454              92.5200             0.2553              135            
1              [8704/60000]        0.3554              92.8700             0.2259              136            
1              [8768/60000]        0.1999              92.2500             0.2575              137            
1              [8832/60000]        0.4698              90.7500             0.2820              138            
1              [8896/60000]        0.1977              93.6000             0.2173              139            
1              [8960/60000]        0.3539              91.3500             0.2673              140            
1              [9024/60000]        0.2494              89.9100             0.3081              141            
1              [9088/60000]        0.5872              83.7600             0.5447              142            
1              [9152/60000]        0.7015              86.2300             0.4272              143            
1              [9216/60000]        0.3152              93.3100             0.2196              144            
1              [9280/60000]        0.2917              92.7500             0.2397              145            
1              [9344/60000]        0.0885              92.5100             0.2457              146            
1              [9408/60000]        0.3008              92.2400             0.2527              147            
1              [9472/60000]        0.3365              91.5400             0.2738              148            
1              [9536/60000]        0.2504              93.4600             0.2171              149            
1              [9600/60000]        0.2784              92.3200             0.2479              150            
1              [9664/60000]        0.2326              93.5500             0.2123              151            
1              [9728/60000]        0.1794              91.3600             0.2756              152            
1              [9792/60000]        0.3356              91.6500             0.2648              153            
1              [9856/60000]        0.2988              93.5900             0.2026              154            
1              [9920/60000]        0.1663              93.6700             0.2086              155            
1              [9984/60000]        0.1839              93.8100             0.2043              156            
1              [10048/60000]       0.1260              93.9500             0.1992              157            
1              [10112/60000]       0.2062              91.9000             0.2550              158            
1              [10176/60000]       0.1900              93.5300             0.2150              159            
1              [10240/60000]       0.1881              93.7200             0.2099              160            
1              [10304/60000]       0.1679              93.7200             0.2096              161            
1              [10368/60000]       0.2182              92.7700             0.2280              162            
1              [10432/60000]       0.3939              92.0600             0.2482              163            
1              [10496/60000]       0.5513              90.5000             0.2990              164            
1              [10560/60000]       0.1545              93.5600             0.2003              165            
1              [10624/60000]       0.1683              90.6100             0.2865              166            
1              [10688/60000]       0.1854              94.3300             0.1830              167            
1              [10752/60000]       0.1913              92.7700             0.2473              168            
1              [10816/60000]       0.1210              94.5800             0.1818              169            
1              [10880/60000]       0.2735              93.7400             0.2159              170            
1              [10944/60000]       0.1942              94.0500             0.2082              171            
1              [11008/60000]       0.3163              91.1900             0.2788              172            
1              [11072/60000]       0.4286              88.4800             0.3913              173            
1              [11136/60000]       0.4301              93.1800             0.2170              174            
1              [11200/60000]       0.2261              92.5500             0.2442              175            
1              [11264/60000]       0.1698              93.9700             0.1975              176            
1              [11328/60000]       0.1334              94.3700             0.1870              177            
1              [11392/60000]       0.0728              94.6100             0.1805              178            
1              [11456/60000]       0.1052              94.4800             0.1865              179            
1              [11520/60000]       0.1923              94.0100             0.2011              180            
1              [11584/60000]       0.1725              94.0600             0.1955              181            
1              [11648/60000]       0.3028              89.4000             0.3394              182            
1              [11712/60000]       0.2645              93.5900             0.2133              183            
1              [11776/60000]       0.1706              94.2600             0.1963              184            
1              [11840/60000]       0.2728              90.4700             0.2933              185            
1              [11904/60000]       0.2673              89.1300             0.3522              186            
1              [11968/60000]       0.4712              93.5300             0.2209              187            
1              [12032/60000]       0.2781              94.3100             0.1935              188            
1              [12096/60000]       0.1805              91.7100             0.2777              189            
1              [12160/60000]       0.3365              92.2100             0.2578              190            
1              [12224/60000]       0.3262              92.1800             0.2566              191            
1              [12288/60000]       0.2944              94.4500             0.1872              192            
1              [12352/60000]       0.2643              92.1800             0.2523              193            
1              [12416/60000]       0.1588              94.2400             0.1867              194            
1              [12480/60000]       0.2560              94.8800             0.1794              195            
1              [12544/60000]       0.0769              95.3400             0.1651              196            
1              [12608/60000]       0.0967              93.9500             0.2018              197            
1              [12672/60000]       0.0742              95.2200             0.1676              198            
1              [12736/60000]       0.1419              95.0800             0.1699              199            
1              [12800/60000]       0.1538              93.8800             0.2028              200            
1              [12864/60000]       0.2409              94.5100             0.1961              201            
1              [12928/60000]       0.1263              94.5700             0.1841              202            
1              [12992/60000]       0.0731              95.2800             0.1616              203            
1              [13056/60000]       0.3787              93.0700             0.2249              204            
1              [13120/60000]       0.4060              92.6700             0.2257              205            
1              [13184/60000]       0.1317              94.8900             0.1678              206            
1              [13248/60000]       0.2236              94.7000             0.1769              207            
1              [13312/60000]       0.2601              93.5400             0.2198              208            
1              [13376/60000]       0.3846              93.5000             0.2035              209            
1              [13440/60000]       0.5619              94.8100             0.1781              210            
1              [13504/60000]       0.1332              94.7400             0.1741              211            
1              [13568/60000]       0.2848              92.5100             0.2419              212            
1              [13632/60000]       0.2766              94.1200             0.1922              213            
1              [13696/60000]       0.1862              94.0900             0.1900              214            
1              [13760/60000]       0.3647              94.6200             0.1748              215            
1              [13824/60000]       0.2707              93.5100             0.2065              216            
1              [13888/60000]       0.2279              90.7600             0.2856              217            
1              [13952/60000]       0.3183              90.9800             0.2775              218            
1              [14016/60000]       0.3380              89.4400             0.3354              219            
1              [14080/60000]       0.2852              94.9100             0.1732              220            
1              [14144/60000]       0.1289              95.3300             0.1557              221            
1              [14208/60000]       0.1126              95.7200             0.1473              222            
1              [14272/60000]       0.1294              94.5700             0.1726              223            
1              [14336/60000]       0.1926              95.2300             0.1535              224            
1              [14400/60000]       0.1291              95.3100             0.1562              225            
1              [14464/60000]       0.0846              95.1200             0.1614              226            
1              [14528/60000]       0.1951              93.0300             0.2150              227            
1              [14592/60000]       0.3035              94.8300             0.1805              228            
1              [14656/60000]       0.0474              95.0900             0.1716              229            
1              [14720/60000]       0.0330              94.3400             0.1897              230            
1              [14784/60000]       0.2393              93.7200             0.2020              231            
1              [14848/60000]       0.2228              95.0400             0.1683              232            
1              [14912/60000]       0.2715              94.5200             0.1825              233            
1              [14976/60000]       0.0577              95.0700             0.1646              234            
1              [15040/60000]       0.1361              94.6000             0.1759              235            
1              [15104/60000]       0.1792              94.8800             0.1758              236            
1              [15168/60000]       0.2314              94.2800             0.1920              237            
1              [15232/60000]       0.1567              94.6700             0.1755              238            
1              [15296/60000]       0.1089              94.5300             0.1856              239            
1              [15360/60000]       0.2248              94.4500             0.1878              240            
1              [15424/60000]       0.2351              94.1900             0.1925              241            
1              [15488/60000]       0.1722              92.5000             0.2419              242            
1              [15552/60000]       0.3421              95.6900             0.1484              243            
1              [15616/60000]       0.2315              94.5700             0.1714              244            
1              [15680/60000]       0.1567              93.5000             0.2105              245            
1              [15744/60000]       0.1406              94.4900             0.1705              246            
1              [15808/60000]       0.0885              95.2100             0.1511              247            
1              [15872/60000]       0.0687              95.3800             0.1458              248            
1              [15936/60000]       0.3953              92.9000             0.2068              249            
1              [16000/60000]       0.1759              94.9200             0.1608              250            
1              [16064/60000]       0.0674              94.5600             0.1709              251            
1              [16128/60000]       0.1221              94.9900             0.1616              252            
1              [16192/60000]       0.1874              94.5600             0.1722              253            
1              [16256/60000]       0.1229              95.3200             0.1474              254            
1              [16320/60000]       0.2028              93.2400             0.2098              255            
1              [16384/60000]       0.2789              95.1600             0.1649              256            
1              [16448/60000]       0.1361              95.2300             0.1574              257            
1              [16512/60000]       0.0675              94.4000             0.1794              258            
1              [16576/60000]       0.1654              95.1100             0.1529              259            
