Current_Epoch  Batch/Total         CE_Train            Accuracy(%)         CE_TEST             Batch_Number   
0              [0/50000]           --                  9.020               2.3106              0
1              [64/50000]          2.3149              13.2800             10.4315             1              
1              [128/50000]         9.3379              17.6300             9.8233              2              
1              [192/50000]         12.1088             14.1900             12.6021             3              
1              [256/50000]         13.1966             12.2900             12.4333             4              
1              [320/50000]         11.1964             16.1200             8.2448              5              
1              [384/50000]         7.8778              12.1400             9.6781              6              
1              [448/50000]         8.7471              14.7700             9.5721              7              
1              [512/50000]         8.5189              13.4700             6.7741              8              
1              [576/50000]         6.9199              15.5100             6.9615              9              
1              [640/50000]         7.4344              18.8100             4.9376              10             
1              [704/50000]         5.5129              11.7700             7.2602              11             
1              [768/50000]         7.9597              17.2300             5.2500              12             
1              [832/50000]         4.6055              15.6700             4.9955              13             
1              [896/50000]         4.2788              22.9500             3.4228              14             
1              [960/50000]         3.1353              22.0500             3.2525              15             
1              [1024/50000]        3.2263              24.8000             2.5260              16             
1              [1088/50000]        2.4186              28.2200             2.1756              17             
1              [1152/50000]        2.3924              26.8500             2.2191              18             
1              [1216/50000]        2.1199              25.4600             2.2030              19             
1              [1280/50000]        2.2613              30.6200             2.2350              20             
1              [1344/50000]        2.2035              27.3800             2.0753              21             
1              [1408/50000]        1.9742              31.5900             1.9207              22             
1              [1472/50000]        2.0033              29.8400             2.1274              23             
1              [1536/50000]        2.1240              31.6700             1.9943              24             
1              [1600/50000]        1.8526              34.9600             1.8796              25             
1              [1664/50000]        2.0436              30.0000             2.0552              26             
1              [1728/50000]        1.8990              33.0200             1.8730              27             
1              [1792/50000]        1.9295              32.3700             1.9362              28             
1              [1856/50000]        1.9363              29.0000             2.1302              29             
1              [1920/50000]        2.1344              31.5800             2.0310              30             
1              [1984/50000]        1.8710              29.4500             2.0220              31             
1              [2048/50000]        2.1138              26.5500             2.3920              32             
1              [2112/50000]        2.4040              26.8800             2.1646              33             
1              [2176/50000]        2.1770              27.5600             2.2247              34             
1              [2240/50000]        1.8009              33.9600             1.8612              35             
1              [2304/50000]        1.8716              32.5700             1.9969              36             
1              [2368/50000]        2.2171              34.7500             1.9613              37             
1              [2432/50000]        2.1729              29.9000             1.9725              38             
1              [2496/50000]        2.3075              30.5600             2.1569              39             
1              [2560/50000]        2.1588              38.7400             1.7464              40             
1              [2624/50000]        1.5607              26.9800             2.0789              41             
1              [2688/50000]        2.2268              37.6900             2.0949              42             
1              [2752/50000]        1.7968              36.2700             2.0696              43             
1              [2816/50000]        2.1597              39.1600             1.7366              44             
1              [2880/50000]        1.7699              33.3300             1.9049              45             
1              [2944/50000]        2.1074              33.2400             1.8803              46             
1              [3008/50000]        1.8366              37.0200             1.7995              47             
1              [3072/50000]        2.0049              29.0000             2.1566              48             
1              [3136/50000]        2.1505              36.1700             1.7918              49             
1              [3200/50000]        1.6859              31.8800             1.8890              50             
1              [3264/50000]        2.0976              23.3900             2.3602              51             
1              [3328/50000]        2.5683              24.5500             2.2946              52             
1              [3392/50000]        2.4468              27.5800             2.0613              53             
1              [3456/50000]        2.0485              33.1700             2.1435              54             
1              [3520/50000]        2.2021              30.7500             2.0882              55             
1              [3584/50000]        2.0091              31.6400             1.9289              56             
1              [3648/50000]        2.0511              31.6000             1.9666              57             
1              [3712/50000]        2.0107              32.7800             1.9548              58             
1              [3776/50000]        2.1492              31.8300             2.0112              59             
1              [3840/50000]        1.8329              36.4200             1.8481              60             
1              [3904/50000]        1.9735              36.5900             1.7728              61             
1              [3968/50000]        1.7754              37.4200             1.8519              62             
1              [4032/50000]        1.8212              29.4100             1.9452              63             
1              [4096/50000]        2.0734              36.3200             1.8463              64             
1              [4160/50000]        1.9445              35.8200             1.8465              65             
1              [4224/50000]        1.9397              37.5700             1.7656              66             
1              [4288/50000]        1.8909              35.8500             1.7726              67             
1              [4352/50000]        1.7000              37.8500             1.8181              68             
1              [4416/50000]        1.8225              33.9500             1.8563              69             
1              [4480/50000]        1.8315              36.7900             1.8330              70             
1              [4544/50000]        1.6074              37.7000             1.7538              71             
1              [4608/50000]        1.6495              38.4000             1.7000              72             
1              [4672/50000]        1.6160              40.6000             1.6807              73             
1              [4736/50000]        1.8106              37.6100             1.7554              74             
1              [4800/50000]        1.5285              38.9900             1.7549              75             
1              [4864/50000]        1.6750              32.8900             1.9064              76             
1              [4928/50000]        2.1059              36.6000             1.8297              77             
1              [4992/50000]        1.9633              35.1700             1.8474              78             
1              [5056/50000]        1.5663              39.6800             1.7039              79             
1              [5120/50000]        1.7831              40.5800             1.7249              80             
1              [5184/50000]        1.7636              42.4500             1.6468              81             
1              [5248/50000]        1.7024              38.9000             1.6979              82             
1              [5312/50000]        1.7217              36.0600             1.7875              83             
1              [5376/50000]        1.8973              39.3500             1.7529              84             
1              [5440/50000]        1.7627              38.4300             1.7193              85             
1              [5504/50000]        1.6015              40.0000             1.6664              86             
1              [5568/50000]        1.7553              39.3300             1.6907              87             
1              [5632/50000]        1.7961              41.3700             1.6580              88             
1              [5696/50000]        1.9794              37.7200             1.7183              89             
1              [5760/50000]        1.6814              41.8200             1.6351              90             
1              [5824/50000]        1.6124              40.3000             1.6583              91             
1              [5888/50000]        1.5656              38.7200             1.6687              92             
1              [5952/50000]        1.8877              36.8400             1.7311              93             
1              [6016/50000]        1.7458              41.9400             1.6477              94             
1              [6080/50000]        1.8168              40.4200             1.6793              95             
1              [6144/50000]        1.6277              40.5500             1.6474              96             
1              [6208/50000]        1.7052              37.1800             1.7324              97             
1              [6272/50000]        1.5898              35.0600             1.7614              98             
1              [6336/50000]        1.8378              41.3300             1.6643              99             
1              [6400/50000]        1.7504              34.9500             1.8670              100            
1              [6464/50000]        2.1153              38.7900             1.7696              101            
1              [6528/50000]        1.5561              34.6200             1.9063              102            
1              [6592/50000]        1.8517              39.2000             1.6843              103            
1              [6656/50000]        1.6148              42.8100             1.6024              104            
1              [6720/50000]        1.4410              46.1100             1.5506              105            
1              [6784/50000]        1.4249              39.1700             1.7095              106            
1              [6848/50000]        1.9363              39.1700             1.7198              107            
1              [6912/50000]        1.4873              40.1000             1.7026              108            
1              [6976/50000]        1.8457              34.4900             2.0049              109            
1              [7040/50000]        2.6125              30.3100             2.0990              110            
1              [7104/50000]        1.9642              33.5700             1.9132              111            
1              [7168/50000]        1.6738              40.1500             1.6681              112            
1              [7232/50000]        1.4573              40.9700             1.6522              113            
1              [7296/50000]        1.8280              37.9200             1.7147              114            
1              [7360/50000]        1.8728              38.3000             1.7270              115            
1              [7424/50000]        1.5897              40.1200             1.6586              116            
1              [7488/50000]        1.8287              39.8800             1.6702              117            
1              [7552/50000]        1.7083              43.6200             1.5782              118            
1              [7616/50000]        1.6886              37.5700             1.7225              119            
1              [7680/50000]        1.7133              38.4900             1.7731              120            
1              [7744/50000]        1.8081              41.1700             1.6601              121            
1              [7808/50000]        1.6591              41.9100             1.6328              122            
1              [7872/50000]        1.4389              41.6700             1.6206              123            
1              [7936/50000]        1.6588              38.9800             1.7164              124            
1              [8000/50000]        1.5789              43.3500             1.6082              125            
1              [8064/50000]        1.5094              43.9100             1.5768              126            
1              [8128/50000]        1.5389              39.5900             1.7065              127            
1              [8192/50000]        1.6371              42.3200             1.6008              128            
1              [8256/50000]        1.5554              42.3700             1.6180              129            
1              [8320/50000]        1.5271              42.1000             1.5989              130            
1              [8384/50000]        1.3801              41.6500             1.6233              131            
1              [8448/50000]        1.6718              39.4600             1.6631              132            
1              [8512/50000]        1.6414              46.0500             1.5380              133            
1              [8576/50000]        1.4460              43.4600             1.6076              134            
1              [8640/50000]        1.7355              41.6000             1.6605              135            
1              [8704/50000]        1.5513              40.6600             1.6720              136            
1              [8768/50000]        1.7862              30.9200             1.9306              137            
1              [8832/50000]        1.9186              41.4500             1.6699              138            
1              [8896/50000]        1.5056              45.9200             1.5478              139            
1              [8960/50000]        1.8202              44.1000             1.5644              140            
1              [9024/50000]        1.3924              44.3200             1.5598              141            
1              [9088/50000]        1.6740              45.1600             1.5597              142            
1              [9152/50000]        1.5142              43.6100             1.5783              143            
1              [9216/50000]        1.6906              41.0000             1.6395              144            
1              [9280/50000]        1.8075              37.4300             1.7445              145            
1              [9344/50000]        1.6798              42.5400             1.5786              146            
1              [9408/50000]        1.6764              43.2700             1.5856              147            
1              [9472/50000]        1.7575              39.4800             1.7177              148            
1              [9536/50000]        1.7596              39.1000             1.7182              149            
1              [9600/50000]        1.7585              43.1500             1.5668              150            
1              [9664/50000]        1.6525              43.4400             1.5643              151            
1              [9728/50000]        1.5885              36.4500             1.7305              152            
1              [9792/50000]        1.9101              40.0300             1.6973              153            
1              [9856/50000]        1.6696              43.0200             1.5932              154            
1              [9920/50000]        1.6291              45.0900             1.5276              155            
1              [9984/50000]        1.6425              43.4100             1.5709              156            
1              [10048/50000]       1.6377              45.8500             1.5122              157            
1              [10112/50000]       1.4700              42.6600             1.5725              158            
1              [10176/50000]       1.4669              41.6100             1.5998              159            
1              [10240/50000]       1.5151              43.7900             1.5494              160            
1              [10304/50000]       1.6369              37.7600             1.7869              161            
1              [10368/50000]       1.8469              31.0800             2.0692              162            
1              [10432/50000]       2.4436              38.8500             1.6971              163            
1              [10496/50000]       1.5281              44.5100             1.5473              164            
1              [10560/50000]       1.4998              41.1400             1.6522              165            
1              [10624/50000]       1.5235              42.0900             1.6295              166            
1              [10688/50000]       1.6094              43.2700             1.5833              167            
1              [10752/50000]       1.5667              45.6900             1.5373              168            
1              [10816/50000]       1.2679              45.2700             1.5383              169            
1              [10880/50000]       1.6346              44.5800             1.5503              170            
1              [10944/50000]       1.5117              45.6600             1.5350              171            
1              [11008/50000]       1.4443              39.8800             1.7133              172            
1              [11072/50000]       1.4892              43.2700             1.5464              173            
1              [11136/50000]       1.5767              44.2700             1.5289              174            
1              [11200/50000]       1.7000              40.8000             1.6069              175            
1              [11264/50000]       1.4989              43.5400             1.5893              176            
1              [11328/50000]       1.4105              44.9700             1.5597              177            
1              [11392/50000]       1.5962              40.3700             1.7027              178            
1              [11456/50000]       1.8066              42.9000             1.6046              179            
1              [11520/50000]       1.5965              45.2600             1.5311              180            
1              [11584/50000]       1.4777              42.7200             1.6245              181            
1              [11648/50000]       1.6296              44.2700             1.5565              182            
1              [11712/50000]       1.6371              44.7800             1.5526              183            
1              [11776/50000]       1.6701              42.7800             1.6254              184            
1              [11840/50000]       1.6364              40.4900             1.6247              185            
1              [11904/50000]       1.6300              43.9300             1.5642              186            
1              [11968/50000]       1.7734              46.3500             1.5037              187            
1              [12032/50000]       1.4754              40.4000             1.6529              188            
1              [12096/50000]       1.6311              41.6500             1.6561              189            
1              [12160/50000]       1.6414              45.3300             1.5238              190            
1              [12224/50000]       1.6166              46.7100             1.5159              191            
1              [12288/50000]       1.6913              44.0000             1.5725              192            
1              [12352/50000]       1.4089              42.0600             1.5925              193            
1              [12416/50000]       1.4507              44.5600             1.5239              194            
1              [12480/50000]       1.2878              44.0100             1.5728              195            
1              [12544/50000]       1.6140              44.9200             1.5680              196            
1              [12608/50000]       1.6148              39.4000             1.6670              197            
1              [12672/50000]       1.6662              43.3600             1.5972              198            
1              [12736/50000]       1.7415              47.0000             1.5154              199            
1              [12800/50000]       1.5086              40.1400             1.6938              200            
1              [12864/50000]       1.7139              41.7000             1.6990              201            
1              [12928/50000]       1.7373              45.1700             1.5330              202            
1              [12992/50000]       1.3640              45.3800             1.5327              203            
1              [13056/50000]       1.5427              45.7500             1.5292              204            
1              [13120/50000]       1.6458              46.5000             1.5100              205            
1              [13184/50000]       1.4456              42.7600             1.5756              206            
1              [13248/50000]       1.6343              43.4000             1.5910              207            
1              [13312/50000]       1.7408              42.3000             1.5996              208            
1              [13376/50000]       1.5709              46.2200             1.5137              209            
1              [13440/50000]       1.7719              41.3300             1.6233              210            
1              [13504/50000]       1.6235              46.4800             1.5250              211            
1              [13568/50000]       1.7981              41.3100             1.6319              212            
1              [13632/50000]       1.8002              43.9500             1.5916              213            
1              [13696/50000]       1.6484              43.4200             1.5765              214            
1              [13760/50000]       1.5444              47.6100             1.4818              215            
1              [13824/50000]       1.4499              46.4100             1.5436              216            
1              [13888/50000]       1.4801              45.4300             1.5381              217            
1              [13952/50000]       1.6325              47.2500             1.4786              218            
1              [14016/50000]       1.3994              47.2300             1.4840              219            
1              [14080/50000]       1.4430              41.5700             1.6288              220            
1              [14144/50000]       1.4525              41.9700             1.6334              221            
1              [14208/50000]       1.6574              45.5900             1.5433              222            
1              [14272/50000]       1.7100              42.9000             1.6112              223            
1              [14336/50000]       1.9318              47.1500             1.4810              224            
1              [14400/50000]       1.5565              45.1800             1.5234              225            
1              [14464/50000]       1.4957              35.1900             1.8082              226            
1              [14528/50000]       1.8084              44.9000             1.5427              227            
1              [14592/50000]       1.3991              44.7500             1.5099              228            
1              [14656/50000]       1.4049              49.7400             1.4409              229            
1              [14720/50000]       1.5238              40.7500             1.6596              230            
1              [14784/50000]       1.4695              45.8500             1.5137              231            
1              [14848/50000]       1.5710              45.8700             1.5191              232            
1              [14912/50000]       1.8240              44.6000             1.5512              233            
1              [14976/50000]       1.7062              48.2200             1.4650              234            
1              [15040/50000]       1.3305              46.4000             1.4937              235            
1              [15104/50000]       1.4671              42.7300             1.5948              236            
1              [15168/50000]       1.5820              40.3000             1.6926              237            
1              [15232/50000]       1.7063              42.9400             1.5729              238            
1              [15296/50000]       1.8787              45.8600             1.5315              239            
