Current_Epoch  Batch/Total         CE_Train            Accuracy(%)         CE_TEST             Batch_Number   
0              [0/50000]           --                  9.020               4.6051              0
1              [1024/50000]        4.6053              2.9400              4.5953              1              
1              [2048/50000]        4.5958              2.7600              4.5851              2              
1              [3072/50000]        4.5843              3.6700              4.5739              3              
1              [4096/50000]        4.5731              2.7600              4.5626              4              
1              [5120/50000]        4.5638              3.3700              4.5483              5              
1              [6144/50000]        4.5476              4.0800              4.5314              6              
1              [7168/50000]        4.5215              3.7100              4.5106              7              
1              [8192/50000]        4.4994              3.8400              4.4884              8              
1              [9216/50000]        4.4948              4.5500              4.4662              9              
1              [10240/50000]       4.4654              3.9400              4.4420              10             
1              [11264/50000]       4.4458              5.0500              4.4151              11             
1              [12288/50000]       4.4027              6.2500              4.3845              12             
1              [13312/50000]       4.3947              5.2700              4.3591              13             
1              [14336/50000]       4.3700              6.2800              4.3292              14             
1              [15360/50000]       4.2749              6.2800              4.2999              15             
1              [16384/50000]       4.2783              6.8100              4.2686              16             
1              [17408/50000]       4.2813              6.7600              4.2482              17             
1              [18432/50000]       4.2472              7.9000              4.2133              18             
1              [19456/50000]       4.2107              7.5600              4.1968              19             
1              [20480/50000]       4.1592              7.9700              4.1818              20             
1              [21504/50000]       4.1783              6.9900              4.1739              21             
1              [22528/50000]       4.1478              6.6900              4.1679              22             
1              [23552/50000]       4.1720              7.5100              4.1549              23             
1              [24576/50000]       4.1643              6.3400              4.1528              24             
1              [25600/50000]       4.1606              8.1600              4.1244              25             
1              [26624/50000]       4.1108              9.5100              4.0852              26             
1              [27648/50000]       4.0495              9.0500              4.0545              27             
1              [28672/50000]       4.0850              8.3200              4.0648              28             
1              [29696/50000]       4.0692              8.0600              4.1094              29             
1              [30720/50000]       4.1004              8.6500              4.0746              30             
1              [31744/50000]       4.0711              8.5000              4.0490              31             
1              [32768/50000]       4.0221              8.4600              4.0549              32             
1              [33792/50000]       4.0885              8.6500              4.0595              33             
1              [34816/50000]       4.0456              9.5000              4.0024              34             
1              [35840/50000]       3.9827              10.7300             3.9642              35             
1              [36864/50000]       4.0162              10.8800             3.9550              36             
1              [37888/50000]       3.9429              10.5800             3.9665              37             
1              [38912/50000]       3.9565              10.8600             3.9560              38             
1              [39936/50000]       3.9830              10.4200             3.9525              39             
1              [40960/50000]       4.0278              10.6900             3.9497              40             
1              [41984/50000]       3.9869              9.1400              3.9705              41             
1              [43008/50000]       3.9620              10.6800             3.9593              42             
1              [44032/50000]       3.9553              10.5900             3.9393              43             
1              [45056/50000]       3.9197              10.6300             3.9167              44             
1              [46080/50000]       3.9555              11.3900             3.9128              45             
1              [47104/50000]       3.8955              11.2100             3.8996              46             
1              [48128/50000]       3.8780              11.2700             3.9112              47             
1              [49152/50000]       3.9415              10.5900             3.9231              48             
1              [41552/50000]       3.9496              11.7100             3.8923              49             
2              [1024/50000]        3.9117              10.0800             3.9077              50             
2              [2048/50000]        3.9104              11.9200             3.8752              51             
2              [3072/50000]        3.7736              12.3100             3.8435              52             
2              [4096/50000]        3.8641              11.9500             3.8749              53             
2              [5120/50000]        3.8274              11.5300             3.8907              54             
2              [6144/50000]        3.8391              11.4900             3.8850              55             
2              [7168/50000]        3.8438              11.4900             3.8750              56             
2              [8192/50000]        3.8457              11.0900             3.8712              57             
2              [9216/50000]        3.8205              11.8700             3.8294              58             
2              [10240/50000]       3.7693              13.4500             3.8160              59             
2              [11264/50000]       3.7483              12.6100             3.8139              60             
2              [12288/50000]       3.7272              14.2400             3.7876              61             
2              [13312/50000]       3.7448              12.8700             3.7936              62             
2              [14336/50000]       3.8203              12.6200             3.8185              63             
2              [15360/50000]       3.7702              12.9500             3.8144              64             
2              [16384/50000]       3.7842              13.4700             3.7995              65             
2              [17408/50000]       3.7644              12.9300             3.8017              66             
2              [18432/50000]       3.8542              11.8800             3.8286              67             
2              [19456/50000]       3.8125              12.4000             3.8344              68             
2              [20480/50000]       3.8071              12.9000             3.7964              69             
2              [21504/50000]       3.7131              13.1400             3.7828              70             
2              [22528/50000]       3.7832              13.0300             3.7970              71             
2              [23552/50000]       3.7524              14.2000             3.7530              72             
2              [24576/50000]       3.7539              13.2200             3.7650              73             
2              [25600/50000]       3.7251              14.2800             3.7401              74             
2              [26624/50000]       3.7213              14.9400             3.7228              75             
2              [27648/50000]       3.7058              14.2400             3.7432              76             
2              [28672/50000]       3.7274              13.7000             3.7389              77             
2              [29696/50000]       3.7192              14.5400             3.7208              78             
2              [30720/50000]       3.6097              14.3400             3.7303              79             
2              [31744/50000]       3.6790              13.2500             3.7715              80             
2              [32768/50000]       3.7020              13.6300             3.7438              81             
2              [33792/50000]       3.7600              14.3000             3.7464              82             
2              [34816/50000]       3.7904              14.8500             3.7018              83             
2              [35840/50000]       3.6368              15.0200             3.6894              84             
2              [36864/50000]       3.6737              14.0100             3.7173              85             
2              [37888/50000]       3.7008              15.1400             3.7134              86             
2              [38912/50000]       3.6546              15.0900             3.7012              87             
2              [39936/50000]       3.7099              14.1800             3.7242              88             
2              [40960/50000]       3.7482              14.6800             3.6977              89             
2              [41984/50000]       3.6928              14.7600             3.7161              90             
2              [43008/50000]       3.7337              15.1600             3.6936              91             
2              [44032/50000]       3.7058              16.1400             3.6583              92             
2              [45056/50000]       3.5998              15.4600             3.6560              93             
2              [46080/50000]       3.5543              14.8200             3.6908              94             
2              [47104/50000]       3.7034              14.6200             3.6954              95             
2              [48128/50000]       3.7389              15.8100             3.6593              96             
2              [49152/50000]       3.6365              15.8000             3.6504              97             
2              [41552/50000]       3.6455              14.8500             3.6643              98             
3              [1024/50000]        3.5983              15.0600             3.6881              99             
3              [2048/50000]        3.6434              15.4500             3.6795              100            
3              [3072/50000]        3.5702              14.2500             3.6896              101            
3              [4096/50000]        3.6040              16.2000             3.6450              102            
3              [5120/50000]        3.6345              15.6600             3.6593              103            
3              [6144/50000]        3.6924              15.4000             3.6633              104            
3              [7168/50000]        3.6467              15.1200             3.6674              105            
3              [8192/50000]        3.5286              15.2900             3.6735              106            
3              [9216/50000]        3.6472              15.2500             3.6951              107            
3              [10240/50000]       3.5731              15.7800             3.6667              108            
3              [11264/50000]       3.6095              15.9200             3.6287              109            
3              [12288/50000]       3.5422              14.6300             3.7037              110            
3              [13312/50000]       3.6341              15.2600             3.6500              111            
3              [14336/50000]       3.5076              17.1800             3.6180              112            
3              [15360/50000]       3.4459              16.5000             3.6140              113            
3              [16384/50000]       3.6180              16.1900             3.6145              114            
3              [17408/50000]       3.5353              16.3500             3.6201              115            
3              [18432/50000]       3.5811              17.4900             3.5974              116            
3              [19456/50000]       3.5924              17.0800             3.6151              117            
3              [20480/50000]       3.5948              16.7900             3.6059              118            
3              [21504/50000]       3.5860              16.7000             3.6109              119            
3              [22528/50000]       3.5328              16.8400             3.5893              120            
3              [23552/50000]       3.5708              16.6200             3.5992              121            
3              [24576/50000]       3.5102              18.0500             3.5787              122            
3              [25600/50000]       3.6162              17.0800             3.5777              123            
3              [26624/50000]       3.5090              17.6200             3.5788              124            
3              [27648/50000]       3.5023              16.8400             3.5813              125            
3              [28672/50000]       3.4989              16.7700             3.5929              126            
3              [29696/50000]       3.5765              15.9600             3.6436              127            
3              [30720/50000]       3.5767              16.3200             3.5942              128            
3              [31744/50000]       3.4921              16.3000             3.6104              129            
3              [32768/50000]       3.5256              16.7000             3.5863              130            
3              [33792/50000]       3.5129              17.1700             3.5961              131            
3              [34816/50000]       3.4858              16.3200             3.5939              132            
3              [35840/50000]       3.4239              16.3600             3.5815              133            
3              [36864/50000]       3.5687              16.9700             3.5815              134            
3              [37888/50000]       3.5620              16.1700             3.6544              135            
3              [38912/50000]       3.6372              18.1500             3.5670              136            
3              [39936/50000]       3.5079              17.4000             3.5569              137            
3              [40960/50000]       3.4814              16.8800             3.5831              138            
3              [41984/50000]       3.5384              17.1600             3.5711              139            
3              [43008/50000]       3.5018              17.5100             3.5716              140            
3              [44032/50000]       3.5244              17.2500             3.5754              141            
3              [45056/50000]       3.5192              18.0500             3.5473              142            
3              [46080/50000]       3.4733              17.7600             3.5454              143            
3              [47104/50000]       3.4394              17.6100             3.5563              144            
3              [48128/50000]       3.5377              17.2200             3.5615              145            
3              [49152/50000]       3.5139              17.5200             3.5643              146            
3              [41552/50000]       3.5596              18.2600             3.5353              147            
4              [1024/50000]        3.4463              17.9000             3.5362              148            
4              [2048/50000]        3.4409              17.7800             3.5414              149            
4              [3072/50000]        3.4692              18.1100             3.5508              150            
4              [4096/50000]        3.5089              17.5200             3.5553              151            
4              [5120/50000]        3.4677              17.2900             3.5613              152            
4              [6144/50000]        3.4759              18.1500             3.5347              153            
4              [7168/50000]        3.3967              18.2100             3.5200              154            
4              [8192/50000]        3.4261              18.5700             3.5449              155            
4              [9216/50000]        3.4701              18.6300             3.5237              156            
4              [10240/50000]       3.4735              17.8900             3.5355              157            
4              [11264/50000]       3.3925              17.5200             3.5317              158            
4              [12288/50000]       3.3583              17.0900             3.5755              159            
4              [13312/50000]       3.4636              17.7400             3.5391              160            
4              [14336/50000]       3.4065              17.9800             3.5452              161            
4              [15360/50000]       3.4462              18.3300             3.5163              162            
4              [16384/50000]       3.3668              18.6100             3.5352              163            
4              [17408/50000]       3.4773              18.0000             3.5134              164            
4              [18432/50000]       3.4728              19.1100             3.5244              165            
4              [19456/50000]       3.4418              17.9800             3.5060              166            
4              [20480/50000]       3.3550              18.3300             3.5230              167            
4              [21504/50000]       3.3600              18.2400             3.5327              168            
4              [22528/50000]       3.4483              17.9500             3.5209              169            
4              [23552/50000]       3.3471              18.3900             3.5268              170            
4              [24576/50000]       3.4304              18.5800             3.4883              171            
4              [25600/50000]       3.4595              19.0100             3.5032              172            
4              [26624/50000]       3.3553              17.9600             3.5384              173            
4              [27648/50000]       3.5037              18.7500             3.5368              174            
4              [28672/50000]       3.5239              18.6200             3.4983              175            
4              [29696/50000]       3.4267              20.2200             3.4619              176            
4              [30720/50000]       3.2823              18.8500             3.4900              177            
4              [31744/50000]       3.3973              19.2800             3.4777              178            
4              [32768/50000]       3.3995              18.8000             3.5122              179            
