Current_Epoch  Batch/Total         CE_Train            Accuracy(%)         CE_TEST             Batch_Number   
0              [0/60000]           --                  9.020               2.3210              0
1              [64/60000]          2.3289              23.6000             10.4069             1              
1              [128/60000]         9.0119              16.8500             14.0602             2              
1              [192/60000]         19.6182             19.6700             15.0251             3              
1              [256/60000]         14.8673             29.1200             16.1802             4              
1              [320/60000]         14.9433             13.7100             16.3521             5              
1              [384/60000]         15.2938             30.0900             13.8716             6              
1              [448/60000]         16.8557             38.2500             11.1888             7              
1              [512/60000]         10.2430             51.8900             6.9938              8              
1              [576/60000]         5.6535              38.2500             5.9770              9              
1              [640/60000]         6.0501              60.3800             5.6537              10             
1              [704/60000]         7.3069              57.1400             2.5339              11             
1              [768/60000]         2.1126              67.0900             2.3731              12             
1              [832/60000]         2.1252              71.7000             1.0533              13             
1              [896/60000]         0.9479              79.8700             0.6977              14             
1              [960/60000]         0.9445              70.6900             0.9514              15             
1              [1024/60000]        0.9642              76.4700             0.8975              16             
1              [1088/60000]        0.7021              84.0400             0.5311              17             
1              [1152/60000]        0.8109              82.6200             0.5734              18             
1              [1216/60000]        0.4356              85.2400             0.5030              19             
1              [1280/60000]        0.2683              85.8300             0.4643              20             
1              [1344/60000]        0.4503              85.6700             0.4817              21             
1              [1408/60000]        0.4256              86.5000             0.4648              22             
1              [1472/60000]        0.3649              85.8700             0.4912              23             
1              [1536/60000]        0.6319              86.8600             0.4552              24             
1              [1600/60000]        0.4792              79.6100             0.7199              25             
1              [1664/60000]        0.6878              82.6000             0.5611              26             
1              [1728/60000]        0.6879              72.0100             1.1262              27             
1              [1792/60000]        0.7508              67.7600             1.2521              28             
1              [1856/60000]        1.6437              72.6900             1.7777              29             
1              [1920/60000]        2.0428              73.2900             1.0048              30             
1              [1984/60000]        0.8352              77.0500             0.7238              31             
1              [2048/60000]        0.8025              79.1100             0.7132              32             
1              [2112/60000]        0.8807              77.8600             0.7225              33             
1              [2176/60000]        0.7849              85.6400             0.4966              34             
1              [2240/60000]        0.5036              86.7600             0.4488              35             
1              [2304/60000]        0.6644              83.3900             0.5679              36             
1              [2368/60000]        0.6749              83.4300             0.5509              37             
1              [2432/60000]        0.4973              84.2300             0.5111              38             
1              [2496/60000]        0.3240              88.8000             0.3819              39             
1              [2560/60000]        0.5794              86.6700             0.4313              40             
1              [2624/60000]        0.5958              78.4300             0.7973              41             
1              [2688/60000]        0.6528              84.8800             0.4860              42             
1              [2752/60000]        0.7108              77.3500             0.8943              43             
1              [2816/60000]        1.1496              78.9400             0.7125              44             
1              [2880/60000]        0.8360              75.4800             0.9416              45             
1              [2944/60000]        1.0853              78.8300             0.7519              46             
1              [3008/60000]        0.9456              78.2400             0.8647              47             
1              [3072/60000]        0.7222              87.9600             0.4050              48             
1              [3136/60000]        0.6293              69.8000             1.4468              49             
1              [3200/60000]        1.8168              76.2300             1.6622              50             
1              [3264/60000]        0.8760              75.9500             1.1355              51             
1              [3328/60000]        1.1915              79.7600             0.6744              52             
1              [3392/60000]        0.9102              87.1700             0.4295              53             
1              [3456/60000]        0.3570              87.2800             0.4482              54             
1              [3520/60000]        0.2784              88.7300             0.4001              55             
1              [3584/60000]        0.4217              89.6900             0.3578              56             
1              [3648/60000]        0.3613              90.0500             0.3487              57             
1              [3712/60000]        0.4710              87.4300             0.4316              58             
1              [3776/60000]        0.3836              89.2200             0.3817              59             
1              [3840/60000]        0.6748              84.0400             0.5147              60             
1              [3904/60000]        0.4181              86.0100             0.4949              61             
1              [3968/60000]        0.7636              79.0700             0.8228              62             
1              [4032/60000]        0.7016              79.9000             0.8123              63             
1              [4096/60000]        0.8212              80.2200             1.0191              64             
1              [4160/60000]        1.3645              89.4600             0.3711              65             
1              [4224/60000]        0.3022              90.4500             0.3247              66             
1              [4288/60000]        0.2153              90.6100             0.3274              67             
1              [4352/60000]        0.4019              88.9200             0.3687              68             
1              [4416/60000]        0.4833              87.0000             0.4477              69             
1              [4480/60000]        0.4917              89.3300             0.3486              70             
1              [4544/60000]        0.3571              90.0400             0.3328              71             
1              [4608/60000]        0.3131              85.1100             0.5229              72             
1              [4672/60000]        0.4537              88.6400             0.3714              73             
1              [4736/60000]        0.5002              89.9800             0.3420              74             
1              [4800/60000]        0.5529              86.3400             0.4277              75             
1              [4864/60000]        0.4267              84.3300             0.4986              76             
1              [4928/60000]        0.4798              85.7400             0.5071              77             
1              [4992/60000]        0.3039              89.4400             0.3442              78             
1              [5056/60000]        0.2562              90.7200             0.3083              79             
1              [5120/60000]        0.3029              90.2800             0.3277              80             
1              [5184/60000]        0.2406              91.0100             0.3166              81             
1              [5248/60000]        0.4268              84.8600             0.5044              82             
1              [5312/60000]        0.5030              88.1500             0.3811              83             
1              [5376/60000]        0.1851              91.9200             0.2713              84             
1              [5440/60000]        0.3126              91.5400             0.2971              85             
1              [5504/60000]        0.3273              89.9600             0.3432              86             
1              [5568/60000]        0.3473              89.9100             0.3314              87             
1              [5632/60000]        0.3543              84.7700             0.4532              88             
1              [5696/60000]        0.4651              87.2900             0.4318              89             
1              [5760/60000]        0.4283              90.7400             0.2987              90             
1              [5824/60000]        0.3800              87.5800             0.4108              91             
1              [5888/60000]        0.4605              88.2700             0.4008              92             
1              [5952/60000]        0.4013              89.9200             0.3366              93             
1              [6016/60000]        0.6109              87.4900             0.4193              94             
1              [6080/60000]        0.3021              88.7800             0.3639              95             
1              [6144/60000]        0.1724              89.1800             0.3471              96             
1              [6208/60000]        0.4192              87.2800             0.3980              97             
1              [6272/60000]        0.2379              91.4600             0.2730              98             
1              [6336/60000]        0.1386              91.5800             0.2734              99             
1              [6400/60000]        0.1248              91.4500             0.2658              100            
1              [6464/60000]        0.1902              90.0800             0.3131              101            
1              [6528/60000]        0.2874              91.0300             0.3000              102            
1              [6592/60000]        0.1583              90.8700             0.3008              103            
1              [6656/60000]        0.3070              88.0500             0.3711              104            
1              [6720/60000]        0.4550              88.2000             0.3806              105            
1              [6784/60000]        0.3823              88.3100             0.3575              106            
1              [6848/60000]        0.4916              81.2400             0.6198              107            
1              [6912/60000]        0.6973              79.2900             0.6904              108            
1              [6976/60000]        0.7872              83.3600             0.6601              109            
1              [7040/60000]        0.6117              90.9300             0.2888              110            
1              [7104/60000]        0.5799              86.7400             0.4005              111            
1              [7168/60000]        0.5967              88.6700             0.3435              112            
1              [7232/60000]        0.1857              89.8800             0.3075              113            
1              [7296/60000]        0.2481              92.6300             0.2537              114            
1              [7360/60000]        0.2707              92.5300             0.2526              115            
1              [7424/60000]        0.3650              93.2200             0.2339              116            
1              [7488/60000]        0.3391              91.2400             0.2708              117            
1              [7552/60000]        0.4240              90.6700             0.3057              118            
1              [7616/60000]        0.3854              91.0700             0.2858              119            
