Current_Epoch  Batch/Total         CE_Train            Accuracy(%)         CE_TEST             Batch_Number   
0              [0/60000]           --                  9.020               2.3093              0
1              [1024/60000]        2.3099              40.7000             1.6245              1              
1              [2048/60000]        1.6460              34.9300             2.9378              2              
1              [3072/60000]        2.7152              40.6900             2.7763              3              
1              [4096/60000]        2.7638              37.0800             2.5240              4              
1              [5120/60000]        2.7289              50.6800             2.3250              5              
1              [6144/60000]        2.2782              52.2800             2.0940              6              
1              [7168/60000]        2.0717              53.5700             1.5609              7              
1              [8192/60000]        1.5640              61.6700             1.1251              8              
1              [9216/60000]        1.1140              68.0300             1.0683              9              
1              [10240/60000]       1.1140              70.9100             0.9013              10             
1              [11264/60000]       0.8527              69.4900             0.8373              11             
1              [12288/60000]       0.8320              67.7500             0.9321              12             
1              [13312/60000]       0.8815              68.3700             1.1505              13             
1              [14336/60000]       1.1627              70.2600             0.8593              14             
1              [15360/60000]       0.8794              70.6700             0.8757              15             
1              [16384/60000]       0.8965              71.8600             0.8119              16             
1              [17408/60000]       0.7611              73.3200             0.7512              17             
1              [18432/60000]       0.7554              73.9400             0.7542              18             
1              [19456/60000]       0.7229              72.4100             0.8081              19             
1              [20480/60000]       0.7875              74.9300             0.7236              20             
1              [21504/60000]       0.7299              71.5900             0.7294              21             
1              [22528/60000]       0.7525              75.2700             0.7344              22             
1              [23552/60000]       0.7199              71.4000             0.7505              23             
1              [24576/60000]       0.7530              75.2100             0.7615              24             
1              [25600/60000]       0.7176              75.3300             0.6726              25             
1              [26624/60000]       0.6637              76.0600             0.6744              26             
1              [27648/60000]       0.6223              73.0900             0.7475              27             
1              [28672/60000]       0.7738              72.7800             0.7656              28             
1              [29696/60000]       0.7333              76.2100             0.6677              29             
1              [30720/60000]       0.6869              76.4700             0.6520              30             
1              [31744/60000]       0.5918              77.5200             0.6395              31             
1              [32768/60000]       0.6441              77.9000             0.6057              32             
1              [33792/60000]       0.6168              77.0700             0.6380              33             
1              [34816/60000]       0.6003              78.8800             0.5911              34             
1              [35840/60000]       0.5917              79.1900             0.5852              35             
1              [36864/60000]       0.6014              76.7400             0.6139              36             
1              [37888/60000]       0.5808              78.3300             0.6127              37             
1              [38912/60000]       0.5863              76.3900             0.6255              38             
1              [39936/60000]       0.6445              77.9500             0.6200              39             
1              [40960/60000]       0.5838              76.3700             0.6292              40             
1              [41984/60000]       0.6021              78.6500             0.6011              41             
1              [43008/60000]       0.6078              75.3600             0.6566              42             
1              [44032/60000]       0.6316              77.9000             0.6085              43             
1              [45056/60000]       0.5589              78.1700             0.6015              44             
1              [46080/60000]       0.5846              76.7500             0.6402              45             
1              [47104/60000]       0.6438              76.7600             0.6278              46             
1              [48128/60000]       0.6383              75.6500             0.6482              47             
1              [49152/60000]       0.6550              75.0100             0.6714              48             
1              [50176/60000]       0.6601              73.4400             0.6715              49             
1              [51200/60000]       0.6298              78.4500             0.6457              50             
1              [52224/60000]       0.6508              78.0100             0.5860              51             
1              [53248/60000]       0.5726              78.8100             0.6117              52             
1              [54272/60000]       0.5585              79.8000             0.5555              53             
1              [55296/60000]       0.5488              80.7200             0.5459              54             
1              [56320/60000]       0.5357              77.6800             0.5663              55             
1              [57344/60000]       0.5654              79.1500             0.6035              56             
1              [58368/60000]       0.5928              81.0400             0.5200              57             
1              [59392/60000]       0.5193              80.2400             0.5579              58             
1              [35872/60000]       0.5342              77.6200             0.6103              59             
2              [1024/60000]        0.5947              79.4100             0.5687              60             
2              [2048/60000]        0.5621              79.5500             0.5444              61             
2              [3072/60000]        0.5200              80.3000             0.5539              62             
2              [4096/60000]        0.5074              79.6700             0.5432              63             
2              [5120/60000]        0.5073              79.9800             0.5531              64             
2              [6144/60000]        0.4876              79.4700             0.5473              65             
2              [7168/60000]        0.5149              79.0800             0.5772              66             
2              [8192/60000]        0.5505              79.7700             0.5449              67             
2              [9216/60000]        0.4806              81.2300             0.5182              68             
2              [10240/60000]       0.4892              81.3500             0.5146              69             
2              [11264/60000]       0.4843              81.2500             0.5226              70             
2              [12288/60000]       0.4638              80.5900             0.5201              71             
2              [13312/60000]       0.4618              80.7200             0.5482              72             
2              [14336/60000]       0.5673              78.0600             0.5581              73             
2              [15360/60000]       0.5521              79.9800             0.5872              74             
2              [16384/60000]       0.5902              81.6800             0.5044              75             
2              [17408/60000]       0.4522              81.8700             0.5062              76             
2              [18432/60000]       0.4594              81.1900             0.5050              77             
2              [19456/60000]       0.4783              81.0000             0.5252              78             
2              [20480/60000]       0.4995              81.4000             0.5099              79             
2              [21504/60000]       0.4866              82.7000             0.4881              80             
2              [22528/60000]       0.4710              81.6800             0.4976              81             
2              [23552/60000]       0.4646              81.2400             0.5177              82             
2              [24576/60000]       0.5435              79.7800             0.5450              83             
2              [25600/60000]       0.5345              80.8300             0.5306              84             
2              [26624/60000]       0.5663              80.1100             0.5329              85             
2              [27648/60000]       0.5550              80.5600             0.5382              86             
2              [28672/60000]       0.5280              81.3700             0.5060              87             
2              [29696/60000]       0.5071              80.7000             0.5414              88             
2              [30720/60000]       0.4801              82.7400             0.4752              89             
2              [31744/60000]       0.4669              82.1200             0.4873              90             
2              [32768/60000]       0.4323              83.0600             0.4668              91             
2              [33792/60000]       0.4387              83.1800             0.4690              92             
2              [34816/60000]       0.4300              83.9900             0.4589              93             
2              [35840/60000]       0.4442              81.4500             0.4969              94             
2              [36864/60000]       0.4919              81.8400             0.5029              95             
2              [37888/60000]       0.4732              81.6500             0.4966              96             
2              [38912/60000]       0.4342              82.6600             0.4881              97             
2              [39936/60000]       0.4707              82.0200             0.4903              98             
2              [40960/60000]       0.4380              82.1700             0.5238              99             
2              [41984/60000]       0.5559              80.6800             0.5044              100            
2              [43008/60000]       0.4660              81.3700             0.5230              101            
2              [44032/60000]       0.5184              82.7000             0.4710              102            
2              [45056/60000]       0.4563              83.7300             0.4531              103            
2              [46080/60000]       0.4464              82.6900             0.4710              104            
2              [47104/60000]       0.4108              82.3900             0.4840              105            
2              [48128/60000]       0.4500              82.9100             0.4740              106            
2              [49152/60000]       0.4727              82.8900             0.4811              107            
2              [50176/60000]       0.4195              83.6500             0.4623              108            
2              [51200/60000]       0.4749              83.4700             0.4636              109            
2              [52224/60000]       0.4282              83.1000             0.4722              110            
2              [53248/60000]       0.4533              83.0800             0.4814              111            
2              [54272/60000]       0.4377              82.8200             0.4698              112            
2              [55296/60000]       0.4505              83.2100             0.4699              113            
2              [56320/60000]       0.4520              82.5500             0.4798              114            
2              [57344/60000]       0.4670              83.1700             0.4691              115            
2              [58368/60000]       0.4312              83.9200             0.4471              116            
2              [59392/60000]       0.4207              84.4700             0.4392              117            
2              [35872/60000]       0.3994              82.9600             0.4594              118            
3              [1024/60000]        0.4620              82.0800             0.4952              119            
3              [2048/60000]        0.4389              79.0600             0.5515              120            
3              [3072/60000]        0.5056              80.9500             0.5548              121            
3              [4096/60000]        0.4885              81.8300             0.4752              122            
3              [5120/60000]        0.4648              82.8500             0.4875              123            
3              [6144/60000]        0.4615              81.7200             0.4850              124            
3              [7168/60000]        0.4705              83.0600             0.4790              125            
3              [8192/60000]        0.5124              80.8500             0.5150              126            
3              [9216/60000]        0.4555              83.4000             0.4646              127            
3              [10240/60000]       0.4493              83.1400             0.4560              128            
3              [11264/60000]       0.4236              84.5100             0.4475              129            
3              [12288/60000]       0.4017              82.7100             0.4516              130            
3              [13312/60000]       0.4241              83.8900             0.4437              131            
3              [14336/60000]       0.4219              83.0600             0.4510              132            
3              [15360/60000]       0.4257              82.6600             0.4679              133            
3              [16384/60000]       0.4580              82.2500             0.4817              134            
3              [17408/60000]       0.4784              82.4600             0.4681              135            
3              [18432/60000]       0.4322              82.9900             0.4699              136            
3              [19456/60000]       0.4205              83.4400             0.4506              137            
3              [20480/60000]       0.4206              83.6300             0.4477              138            
3              [21504/60000]       0.4222              82.9200             0.4584              139            
3              [22528/60000]       0.4031              84.2400             0.4359              140            
3              [23552/60000]       0.4356              82.4700             0.4582              141            
3              [24576/60000]       0.4342              84.1200             0.4450              142            
3              [25600/60000]       0.4084              84.6700             0.4319              143            
3              [26624/60000]       0.4053              83.7700             0.4596              144            
3              [27648/60000]       0.4397              82.9000             0.4727              145            
3              [28672/60000]       0.4453              81.3500             0.5089              146            
3              [29696/60000]       0.4703              83.3000             0.4793              147            
3              [30720/60000]       0.4019              83.6400             0.4516              148            
3              [31744/60000]       0.3980              84.6200             0.4347              149            
3              [32768/60000]       0.3750              83.6600             0.4443              150            
3              [33792/60000]       0.4426              84.2500             0.4482              151            
3              [34816/60000]       0.4266              83.9100             0.4376              152            
3              [35840/60000]       0.4517              82.9800             0.4626              153            
3              [36864/60000]       0.4696              82.5500             0.4663              154            
3              [37888/60000]       0.4440              82.8800             0.4762              155            
3              [38912/60000]       0.4897              82.2200             0.4735              156            
3              [39936/60000]       0.4471              83.2800             0.4568              157            
3              [40960/60000]       0.4288              83.8900             0.4391              158            
3              [41984/60000]       0.4655              83.9400             0.4377              159            
3              [43008/60000]       0.4144              84.4400             0.4338              160            
3              [44032/60000]       0.4209              83.8500             0.4304              161            
3              [45056/60000]       0.3981              84.6300             0.4305              162            
3              [46080/60000]       0.4274              83.5800             0.4425              163            
3              [47104/60000]       0.3931              84.7200             0.4317              164            
3              [48128/60000]       0.3907              85.0700             0.4225              165            
3              [49152/60000]       0.3828              84.7900             0.4226              166            
3              [50176/60000]       0.3874              84.5300             0.4217              167            
3              [51200/60000]       0.3615              85.2800             0.4126              168            
3              [52224/60000]       0.3760              85.5400             0.4073              169            
3              [53248/60000]       0.3764              85.5800             0.4070              170            
3              [54272/60000]       0.3132              85.3400             0.4131              171            
3              [55296/60000]       0.3876              83.7100             0.4279              172            
3              [56320/60000]       0.4224              82.6700             0.4982              173            
3              [57344/60000]       0.4416              83.0600             0.4569              174            
3              [58368/60000]       0.4358              84.1700             0.4400              175            
3              [59392/60000]       0.4227              80.8200             0.4853              176            
3              [35872/60000]       0.4586              82.4100             0.4983              177            
4              [1024/60000]        0.4900              82.8300             0.4494              178            
4              [2048/60000]        0.3827              85.1100             0.4147              179            
4              [3072/60000]        0.3871              84.9600             0.4146              180            
4              [4096/60000]        0.3744              85.0100             0.4176              181            
4              [5120/60000]        0.3504              84.5600             0.4229              182            
4              [6144/60000]        0.4105              84.8900             0.4230              183            
4              [7168/60000]        0.3793              84.6700             0.4179              184            
4              [8192/60000]        0.3769              83.4500             0.4487              185            
4              [9216/60000]        0.4138              83.1200             0.4538              186            
4              [10240/60000]       0.4424              82.1700             0.4739              187            
4              [11264/60000]       0.4291              84.6300             0.4290              188            
4              [12288/60000]       0.4251              83.4500             0.4435              189            
4              [13312/60000]       0.4199              84.4400             0.4512              190            
4              [14336/60000]       0.4017              84.8400             0.4151              191            
4              [15360/60000]       0.3900              84.9800             0.4178              192            
4              [16384/60000]       0.3705              84.9400             0.4068              193            
4              [17408/60000]       0.3615              85.6200             0.3989              194            
4              [18432/60000]       0.3775              85.0200             0.4132              195            
4              [19456/60000]       0.3552              85.2700             0.4118              196            
4              [20480/60000]       0.3938              84.4700             0.4189              197            
4              [21504/60000]       0.3648              84.4400             0.4279              198            
4              [22528/60000]       0.3569              85.2100             0.4073              199            
4              [23552/60000]       0.4342              85.3700             0.4086              200            
4              [24576/60000]       0.3827              85.5000             0.4003              201            
4              [25600/60000]       0.3765              85.5700             0.4060              202            
4              [26624/60000]       0.3963              84.7800             0.4188              203            
4              [27648/60000]       0.3793              83.9700             0.4421              204            
4              [28672/60000]       0.3542              84.3200             0.4347              205            
4              [29696/60000]       0.4154              84.5000             0.4243              206            
4              [30720/60000]       0.3923              84.4400             0.4271              207            
4              [31744/60000]       0.3623              85.3800             0.4120              208            
4              [32768/60000]       0.3689              85.8300             0.3946              209            
4              [33792/60000]       0.3373              86.1200             0.3910              210            
4              [34816/60000]       0.3597              85.5200             0.3955              211            
4              [35840/60000]       0.3530              85.6400             0.3999              212            
4              [36864/60000]       0.3976              84.2600             0.4151              213            
4              [37888/60000]       0.3815              84.4600             0.4331              214            
4              [38912/60000]       0.4004              82.1000             0.4591              215            
4              [39936/60000]       0.4780              81.1900             0.5519              216            
4              [40960/60000]       0.5336              82.9900             0.4692              217            
4              [41984/60000]       0.4602              84.6500             0.4301              218            
4              [43008/60000]       0.3716              85.2700             0.4043              219            
