Current_Epoch  Batch/Total         CE_Train            Accuracy(%)         CE_TEST             Batch_Number   
0              [0/50000]           --                  9.020               2.3055              0
1              [1024/50000]        2.3055              19.8400             4.8792              1              
1              [2048/50000]        5.0003              10.1500             16.2271             2              
1              [3072/50000]        16.6229             16.1300             13.9204             3              
1              [4096/50000]        13.5982             19.9500             15.7862             4              
1              [5120/50000]        15.0303             13.5800             17.1866             5              
1              [6144/50000]        17.8365             10.2400             14.1502             6              
1              [7168/50000]        14.4210             20.4600             5.1328              7              
1              [8192/50000]        4.8485              23.9400             4.3955              8              
1              [9216/50000]        4.3730              21.3000             3.6204              9              
1              [10240/50000]       3.7223              24.0900             2.7569              10             
1              [11264/50000]       2.7378              28.5500             2.0341              11             
1              [12288/50000]       2.0281              32.9600             1.8841              12             
1              [13312/50000]       1.8734              34.9300             1.8958              13             
1              [14336/50000]       1.8912              33.9800             1.9249              14             
1              [15360/50000]       1.9431              34.1200             1.8971              15             
1              [16384/50000]       1.8462              33.5100             1.9002              16             
1              [17408/50000]       1.9042              32.7500             1.9485              17             
1              [18432/50000]       1.9381              33.7000             1.9379              18             
1              [19456/50000]       1.8981              30.8000             1.9243              19             
1              [20480/50000]       1.9388              34.2900             2.0393              20             
1              [21504/50000]       2.0395              30.6700             2.0038              21             
1              [22528/50000]       1.9913              36.1700             1.8690              22             
1              [23552/50000]       1.8861              32.6700             1.8811              23             
1              [24576/50000]       1.8536              38.1400             1.8442              24             
1              [25600/50000]       1.8538              31.2400             1.9138              25             
1              [26624/50000]       1.9639              36.2900             2.1048              26             
1              [27648/50000]       2.1260              33.8500             1.9241              27             
1              [28672/50000]       1.9436              34.2800             1.9485              28             
1              [29696/50000]       1.9613              30.2500             2.0539              29             
1              [30720/50000]       2.0634              30.9300             2.0642              30             
1              [31744/50000]       2.0393              31.7800             2.0407              31             
1              [32768/50000]       2.0273              32.4900             1.8836              32             
1              [33792/50000]       1.8953              36.3800             1.8452              33             
1              [34816/50000]       1.8319              40.4500             1.7010              34             
1              [35840/50000]       1.7405              37.7400             1.7608              35             
1              [36864/50000]       1.7363              39.0300             1.8019              36             
1              [37888/50000]       1.7994              34.0100             1.8136              37             
1              [38912/50000]       1.8341              37.2000             1.9757              38             
1              [39936/50000]       2.0640              31.3600             1.8691              39             
1              [40960/50000]       1.9161              38.8400             2.0422              40             
1              [41984/50000]       2.0520              35.0500             1.8057              41             
1              [43008/50000]       1.8214              35.1900             1.9785              42             
1              [44032/50000]       2.0429              30.8200             1.9711              43             
1              [45056/50000]       1.9602              37.6800             1.9376              44             
1              [46080/50000]       1.8920              34.7900             1.8860              45             
1              [47104/50000]       1.8975              40.7500             1.9212              46             
1              [48128/50000]       2.0197              38.2600             1.7622              47             
1              [49152/50000]       1.7191              41.7500             1.8324              48             
1              [41552/50000]       1.8108              40.6700             1.6777              49             
2              [1024/50000]        1.6729              39.9500             1.7067              50             
2              [2048/50000]        1.6444              37.2100             1.8076              51             
2              [3072/50000]        1.7787              38.3600             1.8011              52             
2              [4096/50000]        1.8257              34.0700             1.8804              53             
2              [5120/50000]        1.8684              37.8400             1.8735              54             
2              [6144/50000]        1.8430              37.6600             1.7608              55             
2              [7168/50000]        1.7600              37.9600             1.7426              56             
2              [8192/50000]        1.7498              35.7100             1.8086              57             
2              [9216/50000]        1.7988              36.6500             1.8040              58             
2              [10240/50000]       1.7145              40.1700             1.7855              59             
2              [11264/50000]       1.7666              40.6300             1.7064              60             
2              [12288/50000]       1.7115              41.4100             1.6753              61             
2              [13312/50000]       1.6535              42.9500             1.6414              62             
2              [14336/50000]       1.6421              40.5000             1.6865              63             
2              [15360/50000]       1.5945              42.7300             1.6476              64             
2              [16384/50000]       1.5971              41.1200             1.7348              65             
2              [17408/50000]       1.7297              41.6100             1.6346              66             
2              [18432/50000]       1.6128              38.8000             1.7356              67             
2              [19456/50000]       1.7773              38.1100             1.7593              68             
2              [20480/50000]       1.7397              40.6500             1.7177              69             
2              [21504/50000]       1.6794              40.5200             1.6785              70             
2              [22528/50000]       1.7309              41.0000             1.7242              71             
2              [23552/50000]       1.7314              43.3300             1.6039              72             
2              [24576/50000]       1.5678              43.8800             1.5979              73             
2              [25600/50000]       1.6288              44.1600             1.5957              74             
2              [26624/50000]       1.6167              42.9200             1.6019              75             
2              [27648/50000]       1.5665              41.4500             1.6402              76             
2              [28672/50000]       1.6007              42.4300             1.6432              77             
2              [29696/50000]       1.6530              38.1500             1.7097              78             
2              [30720/50000]       1.7263              42.4300             1.7094              79             
2              [31744/50000]       1.6833              41.2100             1.6476              80             
2              [32768/50000]       1.6469              39.3700             1.7149              81             
2              [33792/50000]       1.7314              40.5400             1.8369              82             
2              [34816/50000]       1.8806              40.0300             1.7085              83             
2              [35840/50000]       1.7219              40.6500             1.7126              84             
2              [36864/50000]       1.7257              43.4500             1.6144              85             
2              [37888/50000]       1.5825              44.4300             1.6098              86             
2              [38912/50000]       1.5491              47.2800             1.5254              87             
2              [39936/50000]       1.5407              45.3900             1.5393              88             
2              [40960/50000]       1.5195              45.2900             1.5586              89             
2              [41984/50000]       1.5308              45.0300             1.5751              90             
2              [43008/50000]       1.6689              40.7200             1.6950              91             
2              [44032/50000]       1.7129              42.4400             1.6301              92             
2              [45056/50000]       1.6505              44.9400             1.5483              93             
2              [46080/50000]       1.5758              44.8900             1.5647              94             
2              [47104/50000]       1.5120              45.3900             1.5616              95             
2              [48128/50000]       1.5412              46.7100             1.5100              96             
2              [49152/50000]       1.5065              44.6300             1.5625              97             
2              [41552/50000]       1.5515              41.2900             1.6112              98             
3              [1024/50000]        1.5574              40.8700             1.6752              99             
3              [2048/50000]        1.6783              43.3200             1.5777              100            
3              [3072/50000]        1.5406              46.7800             1.5165              101            
3              [4096/50000]        1.4508              48.6700             1.4653              102            
3              [5120/50000]        1.3908              45.1400             1.5452              103            
3              [6144/50000]        1.5403              46.1700             1.6123              104            
3              [7168/50000]        1.5529              45.5200             1.5184              105            
3              [8192/50000]        1.4791              47.5300             1.4985              106            
3              [9216/50000]        1.4491              47.6300             1.4719              107            
3              [10240/50000]       1.4170              47.0200             1.4894              108            
3              [11264/50000]       1.4796              44.2200             1.5512              109            
3              [12288/50000]       1.5180              43.4700             1.6177              110            
3              [13312/50000]       1.6199              45.6100             1.5484              111            
3              [14336/50000]       1.5484              44.5800             1.5474              112            
3              [15360/50000]       1.5113              43.3900             1.6122              113            
3              [16384/50000]       1.5340              45.4500             1.5300              114            
3              [17408/50000]       1.5031              44.6100             1.5571              115            
3              [18432/50000]       1.5412              42.0700             1.5939              116            
3              [19456/50000]       1.5286              41.1500             1.6921              117            
3              [20480/50000]       1.6576              42.2000             1.6545              118            
3              [21504/50000]       1.5801              46.8900             1.5929              119            
3              [22528/50000]       1.5594              43.3800             1.5817              120            
3              [23552/50000]       1.6373              45.9000             1.5325              121            
3              [24576/50000]       1.5099              46.5000             1.5273              122            
3              [25600/50000]       1.5411              40.8400             1.6696              123            
3              [26624/50000]       1.6920              41.6000             1.7716              124            
3              [27648/50000]       1.8369              40.8000             1.7820              125            
3              [28672/50000]       1.7356              35.9800             1.8884              126            
3              [29696/50000]       1.9073              42.3200             1.7388              127            
3              [30720/50000]       1.7353              44.1500             1.5919              128            
3              [31744/50000]       1.5145              50.2200             1.4423              129            
3              [32768/50000]       1.4402              45.7400             1.4870              130            
3              [33792/50000]       1.4624              47.2200             1.5974              131            
3              [34816/50000]       1.5519              47.9900             1.4598              132            
3              [35840/50000]       1.4434              47.7400             1.4622              133            
3              [36864/50000]       1.4725              47.2300             1.5315              134            
3              [37888/50000]       1.5357              48.6800             1.4414              135            
3              [38912/50000]       1.3911              49.9600             1.4187              136            
3              [39936/50000]       1.3667              47.8300             1.4538              137            
3              [40960/50000]       1.4501              47.2500             1.4598              138            
3              [41984/50000]       1.3849              47.3500             1.4699              139            
