Current_Epoch  Batch/Total         CE_Train            Accuracy(%)         CE_TEST             Batch_Number   
0              [0/50000]           --                  9.020               2.3033              0
1              [64/50000]          2.3239              14.9700             35.6676             1              
1              [128/50000]         37.8233             12.2500             25.2738             2              
1              [192/50000]         23.1676             15.4100             30.3964             3              
1              [256/50000]         32.5027             15.8600             30.1501             4              
1              [320/50000]         31.6993             13.5900             15.2764             5              
1              [384/50000]         14.8427             19.9500             17.1044             6              
1              [448/50000]         16.0452             14.3200             18.0781             7              
1              [512/50000]         21.5652             19.7800             14.2741             8              
1              [576/50000]         14.4090             15.1400             10.7618             9              
1              [640/50000]         10.2441             21.8700             9.3998              10             
1              [704/50000]         10.7693             16.3500             7.7760              11             
1              [768/50000]         7.9394              15.4000             6.1822              12             
1              [832/50000]         5.9109              19.8800             6.4046              13             
1              [896/50000]         6.5452              18.4900             7.3210              14             
1              [960/50000]         7.7366              21.7500             5.0052              15             
1              [1024/50000]        4.4301              23.0200             4.4092              16             
1              [1088/50000]        4.5110              20.3700             4.0705              17             
1              [1152/50000]        4.1875              25.4400             2.9074              18             
1              [1216/50000]        2.6331              24.2500             3.1159              19             
1              [1280/50000]        3.2541              23.3800             3.2652              20             
1              [1344/50000]        2.8729              27.2700             2.9092              21             
1              [1408/50000]        3.1313              31.4100             2.2525              22             
1              [1472/50000]        2.1963              26.5600             2.5477              23             
1              [1536/50000]        2.7559              26.4900             2.8418              24             
1              [1600/50000]        2.4700              27.0300             2.9980              25             
1              [1664/50000]        3.0007              20.8700             3.1801              26             
1              [1728/50000]        3.0066              21.1500             3.6538              27             
1              [1792/50000]        4.3327              13.0600             5.3267              28             
1              [1856/50000]        5.2662              29.6000             4.0774              29             
1              [1920/50000]        4.8426              28.0800             3.9996              30             
1              [1984/50000]        4.1191              20.2700             3.7299              31             
1              [2048/50000]        3.7287              26.1700             3.8799              32             
1              [2112/50000]        3.3777              24.5900             3.9237              33             
1              [2176/50000]        4.8748              23.8200             4.1414              34             
1              [2240/50000]        4.6024              25.5000             3.0596              35             
1              [2304/50000]        2.5941              24.7700             3.3100              36             
1              [2368/50000]        3.2894              29.0600             3.1106              37             
1              [2432/50000]        3.6549              29.1600             2.8355              38             
1              [2496/50000]        2.9671              27.5200             2.6461              39             
1              [2560/50000]        2.8334              24.3600             3.4470              40             
1              [2624/50000]        3.3338              19.6400             3.8067              41             
1              [2688/50000]        3.6569              29.3300             3.9500              42             
1              [2752/50000]        3.8736              26.6400             3.6067              43             
1              [2816/50000]        3.4688              23.3400             3.3212              44             
1              [2880/50000]        4.1433              23.8700             3.3206              45             
1              [2944/50000]        3.1882              24.2700             2.7909              46             
1              [3008/50000]        2.7329              24.6200             3.2534              47             
1              [3072/50000]        3.1560              32.1000             3.2190              48             
1              [3136/50000]        3.2739              27.1500             2.8682              49             
1              [3200/50000]        3.0050              26.7100             2.6751              50             
1              [3264/50000]        2.6552              34.2000             2.2079              51             
1              [3328/50000]        2.3029              34.3500             1.9228              52             
1              [3392/50000]        1.8770              31.3300             2.0077              53             
1              [3456/50000]        1.7614              36.8400             2.1162              54             
1              [3520/50000]        2.1593              35.1900             2.2556              55             
1              [3584/50000]        2.3377              28.4300             2.1209              56             
1              [3648/50000]        2.1183              34.6900             2.1636              57             
1              [3712/50000]        2.3578              32.7700             2.0237              58             
1              [3776/50000]        2.0041              29.8200             2.0583              59             
1              [3840/50000]        1.7806              31.6400             2.2395              60             
1              [3904/50000]        2.4368              28.9900             2.2485              61             
1              [3968/50000]        2.2867              30.0700             2.1239              62             
1              [4032/50000]        2.4000              35.7300             2.2068              63             
1              [4096/50000]        2.1746              24.5000             2.2838              64             
1              [4160/50000]        2.0519              34.9900             2.1598              65             
1              [4224/50000]        2.0606              33.4300             1.9933              66             
1              [4288/50000]        2.0158              33.2600             2.0822              67             
1              [4352/50000]        2.0899              33.6200             1.9308              68             
1              [4416/50000]        2.3230              34.5000             1.8963              69             
1              [4480/50000]        1.7898              29.1500             2.3002              70             
1              [4544/50000]        2.4471              27.9300             2.3084              71             
1              [4608/50000]        2.4274              33.1100             2.1033              72             
1              [4672/50000]        2.3172              27.8900             2.1356              73             
1              [4736/50000]        2.5430              31.8900             2.3253              74             
1              [4800/50000]        2.0546              28.3400             2.6011              75             
1              [4864/50000]        2.7571              29.0900             2.5568              76             
1              [4928/50000]        2.6160              29.6500             2.3564              77             
1              [4992/50000]        2.2251              22.2500             2.3384              78             
1              [5056/50000]        2.3024              32.1500             2.3132              79             
1              [5120/50000]        2.4457              31.3300             2.0704              80             
1              [5184/50000]        2.4345              31.2900             2.2247              81             
1              [5248/50000]        2.1929              34.4700             1.9456              82             
1              [5312/50000]        1.7481              39.1700             1.7141              83             
1              [5376/50000]        1.8966              36.1200             1.7783              84             
1              [5440/50000]        1.6720              36.5700             1.8032              85             
1              [5504/50000]        1.9320              37.2000             1.7745              86             
1              [5568/50000]        1.4444              41.4800             1.6655              87             
1              [5632/50000]        1.6092              34.3200             1.9365              88             
1              [5696/50000]        1.5853              36.4100             1.8789              89             
1              [5760/50000]        1.8652              31.2600             2.2061              90             
1              [5824/50000]        1.9854              35.6100             1.9371              91             
1              [5888/50000]        1.6785              39.1100             1.8328              92             
1              [5952/50000]        2.1204              30.7500             2.0172              93             
1              [6016/50000]        2.0080              36.3200             1.8496              94             
1              [6080/50000]        2.0603              35.6700             1.7982              95             
1              [6144/50000]        1.7521              38.4000             1.7376              96             
1              [6208/50000]        1.8499              37.1300             1.8030              97             
1              [6272/50000]        1.5186              37.3900             1.8293              98             
1              [6336/50000]        1.9883              31.2700             1.9203              99             
1              [6400/50000]        1.7456              38.2000             1.8322              100            
1              [6464/50000]        1.7281              36.1800             1.8143              101            
1              [6528/50000]        1.3690              38.5600             1.7032              102            
1              [6592/50000]        1.5324              37.7600             1.8563              103            
1              [6656/50000]        1.8716              38.0800             1.7338              104            
1              [6720/50000]        1.9280              33.6000             1.9644              105            
1              [6784/50000]        1.9112              34.4900             1.9550              106            
1              [6848/50000]        2.1925              38.9200             1.7606              107            
1              [6912/50000]        1.6534              36.5000             1.8022              108            
1              [6976/50000]        1.7913              40.1100             1.6745              109            
1              [7040/50000]        1.7312              38.0400             1.7226              110            
1              [7104/50000]        1.5907              40.7700             1.6657              111            
1              [7168/50000]        1.5041              42.2800             1.6379              112            
1              [7232/50000]        1.5995              41.8300             1.6449              113            
1              [7296/50000]        1.7233              43.1700             1.6225              114            
1              [7360/50000]        1.6186              39.6500             1.7332              115            
1              [7424/50000]        1.8652              34.7500             1.9065              116            
1              [7488/50000]        2.1811              33.7300             2.0453              117            
1              [7552/50000]        1.8534              24.0600             2.4510              118            
1              [7616/50000]        2.3595              42.1900             1.7590              119            
1              [7680/50000]        1.8753              38.3900             1.7946              120            
1              [7744/50000]        1.7456              41.0400             1.6801              121            
1              [7808/50000]        1.6969              40.6900             1.6821              122            
1              [7872/50000]        1.9239              37.7400             1.7732              123            
1              [7936/50000]        1.8692              38.0000             1.8882              124            
1              [8000/50000]        1.6410              34.6500             1.9023              125            
1              [8064/50000]        1.9880              42.0000             1.6232              126            
1              [8128/50000]        1.5270              39.8100             1.7125              127            
1              [8192/50000]        1.9496              43.3900             1.6042              128            
1              [8256/50000]        1.6399              41.9900             1.6327              129            
1              [8320/50000]        1.5878              41.5700             1.6109              130            
1              [8384/50000]        1.5654              44.2100             1.5644              131            
1              [8448/50000]        1.6152              44.0100             1.5789              132            
1              [8512/50000]        1.3389              44.9100             1.5475              133            
1              [8576/50000]        1.5320              41.9100             1.5909              134            
1              [8640/50000]        1.6136              41.2300             1.6511              135            
1              [8704/50000]        1.6160              43.8400             1.6066              136            
1              [8768/50000]        1.6782              40.6000             1.6915              137            
1              [8832/50000]        1.4837              43.5800             1.6066              138            
1              [8896/50000]        1.3796              42.3400             1.6001              139            
1              [8960/50000]        1.7000              43.2300             1.5987              140            
1              [9024/50000]        1.6212              43.0900             1.6157              141            
1              [9088/50000]        1.6147              39.8000             1.6471              142            
1              [9152/50000]        1.6286              46.3500             1.5186              143            
1              [9216/50000]        1.7914              36.0700             1.8082              144            
1              [9280/50000]        1.6320              40.5600             1.7038              145            
1              [9344/50000]        1.6900              40.9400             1.6506              146            
1              [9408/50000]        1.7635              40.1400             1.7318              147            
1              [9472/50000]        1.5800              42.1900             1.6106              148            
1              [9536/50000]        1.3932              43.6000             1.6040              149            
1              [9600/50000]        1.6934              43.9100             1.5841              150            
1              [9664/50000]        1.8089              34.4200             1.8008              151            
1              [9728/50000]        1.7075              40.2300             1.6714              152            
1              [9792/50000]        1.4609              42.9500             1.6014              153            
1              [9856/50000]        1.5041              41.9100             1.6338              154            
1              [9920/50000]        1.8023              43.2000             1.5689              155            
1              [9984/50000]        1.8196              41.3100             1.6788              156            
1              [10048/50000]       1.6717              41.2000             1.6342              157            
1              [10112/50000]       1.5042              36.7400             1.7924              158            
1              [10176/50000]       1.7780              38.8600             1.8348              159            
1              [10240/50000]       1.7980              33.5000             1.8903              160            
1              [10304/50000]       1.6579              43.3700             1.5774              161            
1              [10368/50000]       1.6321              44.9100             1.5477              162            
1              [10432/50000]       1.5129              42.0700             1.6519              163            
1              [10496/50000]       1.6718              41.9400             1.6934              164            
1              [10560/50000]       1.9432              42.0900             1.6058              165            
1              [10624/50000]       1.6882              45.7800             1.5664              166            
1              [10688/50000]       1.7022              40.2700             1.6610              167            
1              [10752/50000]       1.5224              44.0700             1.5705              168            
1              [10816/50000]       1.4380              42.6000             1.5957              169            
1              [10880/50000]       1.7504              40.8000             1.6261              170            
1              [10944/50000]       1.5046              39.2200             1.6983              171            
1              [11008/50000]       1.7530              39.7000             1.7150              172            
1              [11072/50000]       1.6680              38.4300             1.7631              173            
1              [11136/50000]       1.7325              43.8700             1.5751              174            
1              [11200/50000]       1.5464              38.0700             1.7874              175            
1              [11264/50000]       1.7827              41.4800             1.6846              176            
1              [11328/50000]       1.7064              43.9600             1.5936              177            
1              [11392/50000]       1.4719              44.5300             1.5354              178            
1              [11456/50000]       1.5881              43.7600             1.5875              179            
1              [11520/50000]       1.7343              43.3000             1.5965              180            
1              [11584/50000]       1.5812              37.8600             1.7101              181            
1              [11648/50000]       1.8319              41.9100             1.5995              182            
1              [11712/50000]       1.7433              43.6900             1.6027              183            
1              [11776/50000]       1.5942              39.5000             1.6230              184            
1              [11840/50000]       1.4749              44.0800             1.5229              185            
1              [11904/50000]       1.3592              44.3500             1.5315              186            
1              [11968/50000]       1.6117              47.4100             1.4793              187            
1              [12032/50000]       1.4343              36.8200             1.7553              188            
1              [12096/50000]       1.7307              41.2800             1.6798              189            
1              [12160/50000]       1.6598              40.2100             1.7044              190            
1              [12224/50000]       1.8321              38.0700             1.8661              191            
1              [12288/50000]       1.7774              40.0600             1.6211              192            
1              [12352/50000]       1.7467              43.6800             1.5528              193            
1              [12416/50000]       1.5210              46.2000             1.5113              194            
1              [12480/50000]       1.4988              42.6900             1.6245              195            
1              [12544/50000]       1.6950              45.2200             1.5364              196            
1              [12608/50000]       1.3748              45.2400             1.5615              197            
1              [12672/50000]       1.5547              42.2600             1.6647              198            
1              [12736/50000]       1.7770              42.6700             1.5722              199            
1              [12800/50000]       1.5709              46.1400             1.5172              200            
1              [12864/50000]       1.5781              42.1000             1.6340              201            
1              [12928/50000]       1.5991              43.8000             1.5626              202            
1              [12992/50000]       1.5532              43.9800             1.6018              203            
1              [13056/50000]       1.6794              43.7700             1.6287              204            
1              [13120/50000]       1.7375              36.6500             1.8335              205            
1              [13184/50000]       1.5527              45.1300             1.5454              206            
1              [13248/50000]       1.7617              43.2300             1.6108              207            
1              [13312/50000]       1.7157              38.4800             1.7238              208            
1              [13376/50000]       1.7392              44.6700             1.5672              209            
1              [13440/50000]       1.5065              40.7100             1.6427              210            
1              [13504/50000]       1.5048              41.3700             1.7363              211            
1              [13568/50000]       2.1059              32.0000             2.0946              212            
1              [13632/50000]       1.9106              38.0200             1.7926              213            
1              [13696/50000]       1.9132              43.1600             1.5677              214            
1              [13760/50000]       1.5006              42.5300             1.6636              215            
1              [13824/50000]       1.5581              42.5000             1.6645              216            
1              [13888/50000]       1.6259              43.9600             1.5395              217            
1              [13952/50000]       1.4916              45.9100             1.5149              218            
1              [14016/50000]       1.3050              45.4500             1.5209              219            
1              [14080/50000]       1.7434              45.9700             1.5056              220            
1              [14144/50000]       1.1875              46.7600             1.4800              221            
1              [14208/50000]       1.4711              47.9200             1.4714              222            
1              [14272/50000]       1.4894              48.9600             1.4650              223            
1              [14336/50000]       1.4956              43.1500             1.6631              224            
1              [14400/50000]       1.4661              43.6500             1.5457              225            
1              [14464/50000]       1.4546              45.7900             1.5394              226            
1              [14528/50000]       1.4761              38.3300             1.6871              227            
1              [14592/50000]       1.5691              42.4800             1.5967              228            
1              [14656/50000]       1.7663              42.5900             1.6229              229            
1              [14720/50000]       1.4861              48.3400             1.4475              230            
1              [14784/50000]       1.3807              45.6600             1.5140              231            
1              [14848/50000]       1.4214              46.0500             1.5104              232            
1              [14912/50000]       1.5369              47.0500             1.4835              233            
1              [14976/50000]       1.3102              46.1100             1.5199              234            
1              [15040/50000]       1.5163              43.2800             1.6165              235            
1              [15104/50000]       1.7018              43.1900             1.6185              236            
1              [15168/50000]       1.6213              47.4700             1.4790              237            
1              [15232/50000]       1.5135              42.7300             1.5694              238            
1              [15296/50000]       1.8636              43.9100             1.5527              239            
1              [15360/50000]       1.7382              42.6500             1.5592              240            
1              [15424/50000]       1.4428              45.3300             1.5139              241            
1              [15488/50000]       1.6306              41.5800             1.5863              242            
1              [15552/50000]       1.4931              46.0100             1.5264              243            
1              [15616/50000]       1.4667              45.1700             1.5464              244            
1              [15680/50000]       1.6427              44.4700             1.5293              245            
1              [15744/50000]       1.6977              43.8300             1.5571              246            
1              [15808/50000]       1.4945              44.2500             1.5363              247            
1              [15872/50000]       1.2692              44.1800             1.5398              248            
1              [15936/50000]       1.6900              47.7100             1.4617              249            
1              [16000/50000]       1.3561              46.1300             1.4875              250            
1              [16064/50000]       1.6578              44.9600             1.5077              251            
1              [16128/50000]       1.5475              43.7100             1.5236              252            
1              [16192/50000]       1.6406              37.7500             1.7710              253            
1              [16256/50000]       1.9534              42.7600             1.6703              254            
1              [16320/50000]       1.6793              38.8000             1.7447              255            
1              [16384/50000]       1.8686              39.4100             1.7059              256            
1              [16448/50000]       1.5644              46.5700             1.5184              257            
1              [16512/50000]       1.5217              43.5300             1.5516              258            
1              [16576/50000]       1.5854              45.2800             1.5122              259            
