Current_Epoch  Batch/Total         CE_Train            Accuracy(%)         CE_TEST             Batch_Number   
0              [0/50000]           --                  9.020               2.3001              0
1              [64/50000]          2.3001              14.4900             7.1068              1              
1              [128/50000]         7.7688              17.9200             10.0285             2              
1              [192/50000]         11.0085             17.3000             12.0731             3              
1              [256/50000]         13.3071             10.8600             11.2046             4              
1              [320/50000]         10.2178             11.6100             12.1219             5              
1              [384/50000]         13.0459             13.8700             9.8483              6              
1              [448/50000]         10.0854             13.9000             8.4717              7              
1              [512/50000]         8.0223              15.5400             5.9085              8              
1              [576/50000]         5.1805              14.3800             4.8850              9              
1              [640/50000]         5.3043              19.0500             3.8845              10             
1              [704/50000]         3.9552              22.7900             2.5940              11             
1              [768/50000]         2.7587              25.5200             2.5393              12             
1              [832/50000]         2.3249              24.3700             2.5486              13             
1              [896/50000]         2.3886              22.1500             2.6435              14             
1              [960/50000]         2.6120              22.1200             2.6249              15             
1              [1024/50000]        2.9642              20.8500             2.5422              16             
1              [1088/50000]        2.4188              25.5000             2.4117              17             
1              [1152/50000]        2.2923              28.7100             2.0537              18             
1              [1216/50000]        1.9781              27.5700             2.0069              19             
1              [1280/50000]        1.9923              26.4000             2.1080              20             
1              [1344/50000]        2.2479              31.0200             2.1160              21             
1              [1408/50000]        2.2807              26.2700             2.0802              22             
1              [1472/50000]        2.1210              25.6900             2.3974              23             
1              [1536/50000]        2.4496              28.2400             2.2422              24             
1              [1600/50000]        2.1568              24.1800             2.5033              25             
1              [1664/50000]        2.6435              20.6500             2.6104              26             
1              [1728/50000]        2.1728              32.0800             2.0335              27             
1              [1792/50000]        2.0853              30.1900             1.9303              28             
1              [1856/50000]        1.7978              32.1800             2.0009              29             
1              [1920/50000]        2.1430              34.1300             1.9325              30             
1              [1984/50000]        1.9818              31.1900             2.0781              31             
1              [2048/50000]        1.9577              30.4400             2.0278              32             
1              [2112/50000]        2.2720              23.1900             2.3086              33             
1              [2176/50000]        2.4637              32.1800             2.3771              34             
1              [2240/50000]        2.3561              29.9300             1.9998              35             
1              [2304/50000]        2.0733              33.7900             1.8957              36             
1              [2368/50000]        2.0815              31.1600             1.9571              37             
1              [2432/50000]        2.2502              30.3700             2.1598              38             
1              [2496/50000]        2.2675              30.2800             2.0295              39             
1              [2560/50000]        2.0900              34.4900             1.8180              40             
1              [2624/50000]        1.6955              35.3700             1.8734              41             
1              [2688/50000]        1.8145              33.6300             1.8616              42             
1              [2752/50000]        1.7974              32.9600             1.9277              43             
1              [2816/50000]        2.1642              27.9500             2.2255              44             
1              [2880/50000]        2.3924              35.8600             1.7984              45             
1              [2944/50000]        1.6697              35.4100             1.7876              46             
1              [3008/50000]        1.8510              27.2700             2.0598              47             
1              [3072/50000]        2.0089              34.2600             1.9160              48             
1              [3136/50000]        1.9423              33.2600             1.8428              49             
1              [3200/50000]        1.6496              34.3000             1.8385              50             
1              [3264/50000]        1.8063              31.1000             1.8980              51             
1              [3328/50000]        2.0112              35.8600             1.8969              52             
1              [3392/50000]        1.9015              32.6300             1.8864              53             
1              [3456/50000]        1.8119              33.9100             1.8759              54             
1              [3520/50000]        1.7681              35.7700             1.8433              55             
1              [3584/50000]        1.8355              38.0200             1.7692              56             
1              [3648/50000]        1.4878              39.4700             1.7288              57             
1              [3712/50000]        1.7762              36.1800             1.7794              58             
1              [3776/50000]        1.7803              39.3100             1.7571              59             
1              [3840/50000]        1.9178              38.0200             1.7117              60             
1              [3904/50000]        1.7771              36.3200             1.8056              61             
1              [3968/50000]        1.9123              37.3300             1.7310              62             
1              [4032/50000]        1.8166              32.6200             1.8530              63             
1              [4096/50000]        1.8794              34.6000             1.8498              64             
1              [4160/50000]        1.8828              37.9800             1.7770              65             
1              [4224/50000]        1.7620              31.1300             1.8762              66             
1              [4288/50000]        1.7250              32.1800             1.9657              67             
1              [4352/50000]        1.9919              31.9700             1.9953              68             
1              [4416/50000]        1.9298              36.9000             1.7556              69             
1              [4480/50000]        1.8592              37.1900             1.7900              70             
1              [4544/50000]        1.8347              33.1500             1.8294              71             
1              [4608/50000]        1.8979              38.5400             1.7690              72             
1              [4672/50000]        1.8873              41.6700             1.6626              73             
1              [4736/50000]        1.7444              40.1000             1.6941              74             
1              [4800/50000]        1.8480              33.6100             1.8154              75             
1              [4864/50000]        1.8028              32.8900             1.8532              76             
1              [4928/50000]        1.9511              36.7000             1.8671              77             
1              [4992/50000]        2.0863              35.5800             1.7893              78             
1              [5056/50000]        1.7216              40.7500             1.6747              79             
1              [5120/50000]        1.6360              36.8900             1.7739              80             
1              [5184/50000]        1.9754              37.5700             1.7342              81             
1              [5248/50000]        1.6399              37.8800             1.7073              82             
1              [5312/50000]        1.6992              41.3500             1.6655              83             
1              [5376/50000]        1.7145              37.3300             1.7863              84             
1              [5440/50000]        1.8115              39.8600             1.6858              85             
1              [5504/50000]        1.7234              36.3400             1.7178              86             
1              [5568/50000]        1.5470              41.5900             1.6438              87             
1              [5632/50000]        1.6268              41.2400             1.6325              88             
1              [5696/50000]        1.6782              43.6900             1.6039              89             
1              [5760/50000]        1.7679              34.9100             1.7679              90             
1              [5824/50000]        1.6654              41.2100             1.6855              91             
1              [5888/50000]        1.7805              39.7500             1.6777              92             
1              [5952/50000]        1.6227              42.2100             1.6647              93             
1              [6016/50000]        1.6348              33.1500             1.8184              94             
1              [6080/50000]        1.8628              41.4500             1.6621              95             
1              [6144/50000]        1.6331              31.7100             1.9257              96             
1              [6208/50000]        2.0331              35.3300             1.8813              97             
1              [6272/50000]        2.0203              35.8700             1.8220              98             
1              [6336/50000]        1.7606              37.1700             1.7889              99             
1              [6400/50000]        1.9257              40.0000             1.6685              100            
1              [6464/50000]        1.7439              41.2500             1.6548              101            
1              [6528/50000]        1.6720              40.7100             1.6605              102            
1              [6592/50000]        1.5855              35.4600             1.7939              103            
1              [6656/50000]        2.1544              34.3700             1.8270              104            
1              [6720/50000]        1.7053              34.6500             1.8476              105            
1              [6784/50000]        1.8078              41.7600             1.6355              106            
1              [6848/50000]        1.7324              40.8700             1.6518              107            
1              [6912/50000]        1.6891              40.8500             1.6589              108            
1              [6976/50000]        1.7155              39.3700             1.6969              109            
1              [7040/50000]        1.5702              41.2100             1.6496              110            
1              [7104/50000]        1.8943              38.9900             1.6951              111            
1              [7168/50000]        1.7914              35.2300             1.8703              112            
1              [7232/50000]        2.0587              40.8800             1.6753              113            
1              [7296/50000]        1.5526              40.6700             1.6502              114            
1              [7360/50000]        1.6061              41.3900             1.6242              115            
1              [7424/50000]        1.6337              38.7000             1.6539              116            
1              [7488/50000]        1.6082              36.9900             1.7421              117            
1              [7552/50000]        1.7054              41.5300             1.6601              118            
1              [7616/50000]        1.8273              40.5700             1.6598              119            
1              [7680/50000]        1.7104              42.0300             1.6561              120            
1              [7744/50000]        1.6177              41.9700             1.6282              121            
1              [7808/50000]        1.5325              41.4600             1.6215              122            
1              [7872/50000]        1.5881              43.9400             1.5667              123            
1              [7936/50000]        1.5165              44.1600             1.5594              124            
1              [8000/50000]        1.6043              40.8700             1.6291              125            
1              [8064/50000]        1.4665              41.7100             1.6175              126            
1              [8128/50000]        1.8741              40.6400             1.6739              127            
1              [8192/50000]        1.6216              44.1500             1.5774              128            
1              [8256/50000]        1.4211              37.2500             1.7221              129            
1              [8320/50000]        1.4099              45.2000             1.5374              130            
1              [8384/50000]        1.6971              42.6200             1.5718              131            
1              [8448/50000]        1.6520              42.9400             1.5854              132            
1              [8512/50000]        1.6295              42.5500             1.5960              133            
1              [8576/50000]        1.8603              43.2200             1.5799              134            
1              [8640/50000]        1.5677              42.8000             1.5997              135            
1              [8704/50000]        1.6475              39.7000             1.6527              136            
1              [8768/50000]        1.6788              45.2200             1.5498              137            
1              [8832/50000]        1.5172              44.0300             1.5594              138            
1              [8896/50000]        1.4097              43.7500             1.5670              139            
1              [8960/50000]        1.7521              38.2300             1.6776              140            
1              [9024/50000]        1.7480              43.6400             1.6102              141            
1              [9088/50000]        1.5872              44.5000             1.5466              142            
1              [9152/50000]        1.4691              42.6200             1.5809              143            
1              [9216/50000]        1.6481              41.1400             1.6069              144            
1              [9280/50000]        1.6596              39.7900             1.6697              145            
1              [9344/50000]        1.6350              43.0000             1.5768              146            
1              [9408/50000]        1.5845              43.0200             1.5669              147            
1              [9472/50000]        1.3768              39.9900             1.6527              148            
1              [9536/50000]        1.6177              42.1600             1.6116              149            
1              [9600/50000]        1.7489              38.1400             1.6860              150            
1              [9664/50000]        1.6347              41.4400             1.6849              151            
1              [9728/50000]        2.0139              38.7000             1.7889              152            
1              [9792/50000]        1.8593              40.6600             1.6320              153            
1              [9856/50000]        1.6013              40.5200             1.6593              154            
1              [9920/50000]        2.0476              40.2300             1.6621              155            
1              [9984/50000]        1.8218              38.8500             1.7313              156            
1              [10048/50000]       1.9718              37.5900             1.8368              157            
1              [10112/50000]       1.8261              41.8600             1.6028              158            
1              [10176/50000]       1.4429              43.5600             1.5557              159            
1              [10240/50000]       1.5544              43.5700             1.5831              160            
1              [10304/50000]       1.6939              38.9200             1.7153              161            
1              [10368/50000]       1.6105              37.4800             1.7295              162            
1              [10432/50000]       1.8516              37.4200             1.7181              163            
1              [10496/50000]       1.6477              44.0900             1.5420              164            
1              [10560/50000]       1.5799              39.9600             1.6572              165            
1              [10624/50000]       1.5247              41.9700             1.5933              166            
1              [10688/50000]       1.5292              43.8700             1.5529              167            
1              [10752/50000]       1.7604              43.4700             1.5666              168            
1              [10816/50000]       1.5753              43.0300             1.5834              169            
1              [10880/50000]       1.4355              39.6600             1.6212              170            
1              [10944/50000]       1.3582              42.7700             1.5874              171            
1              [11008/50000]       1.4481              44.4200             1.5727              172            
1              [11072/50000]       1.7239              42.4800             1.6253              173            
1              [11136/50000]       1.7206              38.3300             1.7469              174            
1              [11200/50000]       1.9947              35.3300             1.9824              175            
1              [11264/50000]       2.0679              43.2400             1.6317              176            
1              [11328/50000]       1.7663              38.8300             1.6803              177            
1              [11392/50000]       1.6380              42.8500             1.6100              178            
1              [11456/50000]       1.5059              42.6400             1.6034              179            
