Current_Epoch  Batch/Total         CE_Train            Accuracy(%)         CE_TEST             Batch_Number   
0              [0/60000]           --                  9.020               2.3082              0
1              [64/60000]          2.3074              18.6900             2.8113              1              
1              [128/60000]         2.9006              33.6300             2.4497              2              
1              [192/60000]         2.7418              36.3600             1.8895              3              
1              [256/60000]         2.0260              44.5200             1.7757              4              
1              [320/60000]         1.8864              44.5600             1.7749              5              
1              [384/60000]         1.6450              64.0600             1.2273              6              
1              [448/60000]         1.1644              57.1700             1.1552              7              
1              [512/60000]         1.0989              74.2100             0.9924              8              
1              [576/60000]         1.0630              67.7000             0.9976              9              
1              [640/60000]         0.9300              67.3200             0.9768              10             
1              [704/60000]         1.1434              71.8800             0.8558              11             
1              [768/60000]         0.8785              66.1500             0.9862              12             
1              [832/60000]         1.2572              53.9100             1.2933              13             
1              [896/60000]         1.1462              71.6800             0.9521              14             
1              [960/60000]         1.2034              72.9900             0.8098              15             
1              [1024/60000]        0.6603              76.9100             0.6748              16             
1              [1088/60000]        0.7463              80.9800             0.6017              17             
1              [1152/60000]        0.5545              82.2400             0.6156              18             
1              [1216/60000]        0.6994              83.0000             0.5753              19             
1              [1280/60000]        0.6639              81.1600             0.5902              20             
1              [1344/60000]        0.7183              80.6400             0.5948              21             
1              [1408/60000]        0.4485              83.1100             0.5467              22             
1              [1472/60000]        0.4026              86.3200             0.4845              23             
1              [1536/60000]        0.4527              83.1900             0.5527              24             
1              [1600/60000]        0.5461              87.3100             0.4563              25             
1              [1664/60000]        0.3803              83.2900             0.5557              26             
1              [1728/60000]        0.5221              76.2300             0.6984              27             
1              [1792/60000]        0.6869              84.0500             0.5022              28             
1              [1856/60000]        0.5841              85.0500             0.4884              29             
1              [1920/60000]        0.4116              83.6100             0.5286              30             
1              [1984/60000]        0.4279              82.0600             0.5936              31             
1              [2048/60000]        0.5711              81.0600             0.6243              32             
1              [2112/60000]        0.7517              84.6500             0.4841              33             
1              [2176/60000]        0.6361              85.6400             0.4822              34             
1              [2240/60000]        0.6569              83.1200             0.5274              35             
1              [2304/60000]        0.4058              82.2700             0.5490              36             
1              [2368/60000]        0.7296              85.0500             0.5052              37             
1              [2432/60000]        0.5484              86.3200             0.4516              38             
1              [2496/60000]        0.4354              85.5500             0.4773              39             
1              [2560/60000]        0.3240              87.3700             0.4374              40             
1              [2624/60000]        0.3550              87.4900             0.4015              41             
1              [2688/60000]        0.3649              87.6400             0.4210              42             
1              [2752/60000]        0.5614              86.5700             0.4512              43             
1              [2816/60000]        0.4087              88.3400             0.3934              44             
1              [2880/60000]        0.3335              86.3900             0.4374              45             
1              [2944/60000]        0.3373              86.9900             0.4201              46             
1              [3008/60000]        0.5030              85.5300             0.4640              47             
1              [3072/60000]        0.7980              82.9400             0.5419              48             
1              [3136/60000]        0.7305              81.2400             0.5902              49             
1              [3200/60000]        0.3641              84.8200             0.4753              50             
1              [3264/60000]        0.5343              77.4300             0.6761              51             
1              [3328/60000]        0.5567              83.5400             0.5344              52             
1              [3392/60000]        0.3758              87.1000             0.4081              53             
1              [3456/60000]        0.2435              87.7100             0.4021              54             
1              [3520/60000]        0.4660              85.3000             0.4451              55             
1              [3584/60000]        0.5520              86.6300             0.4410              56             
1              [3648/60000]        0.5100              82.8100             0.5208              57             
1              [3712/60000]        0.3042              88.9800             0.3680              58             
1              [3776/60000]        0.3742              87.5200             0.3991              59             
1              [3840/60000]        0.5375              86.9000             0.4238              60             
1              [3904/60000]        0.4119              88.0300             0.3846              61             
1              [3968/60000]        0.6300              81.8900             0.5554              62             
1              [4032/60000]        0.8775              78.3700             0.6489              63             
1              [4096/60000]        0.5022              86.5300             0.4234              64             
1              [4160/60000]        0.3597              87.6200             0.4215              65             
1              [4224/60000]        0.6495              84.7200             0.4724              66             
1              [4288/60000]        0.3333              88.6200             0.3807              67             
1              [4352/60000]        0.3877              90.2500             0.3335              68             
1              [4416/60000]        0.4029              88.3900             0.3869              69             
1              [4480/60000]        0.2930              90.2000             0.3392              70             
1              [4544/60000]        0.2140              89.2100             0.3566              71             
1              [4608/60000]        0.6557              81.9700             0.5368              72             
1              [4672/60000]        0.5910              88.6700             0.3738              73             
1              [4736/60000]        0.5910              86.9100             0.4295              74             
1              [4800/60000]        0.1469              88.3900             0.3822              75             
1              [4864/60000]        0.3368              86.9900             0.4198              76             
1              [4928/60000]        0.2785              89.8900             0.3460              77             
1              [4992/60000]        0.3020              90.2800             0.3341              78             
1              [5056/60000]        0.4168              90.3200             0.3356              79             
1              [5120/60000]        0.3721              88.3500             0.3834              80             
1              [5184/60000]        0.4146              86.2700             0.4280              81             
1              [5248/60000]        0.5890              85.4300             0.4493              82             
1              [5312/60000]        0.4776              85.8000             0.4358              83             
1              [5376/60000]        0.6749              86.9400             0.4130              84             
1              [5440/60000]        0.3227              90.4600             0.3247              85             
1              [5504/60000]        0.3019              90.2000             0.3396              86             
1              [5568/60000]        0.4771              88.3900             0.3651              87             
1              [5632/60000]        0.3037              90.7100             0.3196              88             
1              [5696/60000]        0.2995              88.1300             0.3752              89             
1              [5760/60000]        0.2468              89.8400             0.3392              90             
1              [5824/60000]        0.3997              86.8500             0.4201              91             
1              [5888/60000]        0.4244              89.8100             0.3434              92             
1              [5952/60000]        0.4706              90.6800             0.3088              93             
1              [6016/60000]        0.2441              89.1300             0.3610              94             
1              [6080/60000]        0.3543              89.2900             0.3548              95             
1              [6144/60000]        0.6648              88.3700             0.3912              96             
1              [6208/60000]        0.3570              90.7700             0.3231              97             
1              [6272/60000]        0.2084              88.5400             0.3833              98             
1              [6336/60000]        0.1189              89.7700             0.3465              99             
1              [6400/60000]        0.4220              91.0600             0.3015              100            
1              [6464/60000]        0.2771              89.9900             0.3256              101            
1              [6528/60000]        0.4017              90.4400             0.3088              102            
1              [6592/60000]        0.4044              88.3000             0.3811              103            
1              [6656/60000]        0.4364              86.6300             0.4322              104            
1              [6720/60000]        0.5226              83.7700             0.4936              105            
1              [6784/60000]        0.3843              88.8200             0.3899              106            
1              [6848/60000]        0.4496              89.7400             0.3330              107            
1              [6912/60000]        0.3825              86.1600             0.4292              108            
1              [6976/60000]        0.2015              91.0000             0.3053              109            
1              [7040/60000]        0.7117              88.9100             0.3588              110            
1              [7104/60000]        0.1608              90.7100             0.3153              111            
1              [7168/60000]        0.3375              89.3300             0.3611              112            
1              [7232/60000]        0.3819              87.9700             0.3928              113            
1              [7296/60000]        0.3659              91.0500             0.3084              114            
1              [7360/60000]        0.4550              89.8500             0.3346              115            
1              [7424/60000]        0.6260              86.1600             0.4460              116            
1              [7488/60000]        0.5991              91.0800             0.3172              117            
1              [7552/60000]        0.2243              91.5600             0.2971              118            
1              [7616/60000]        0.3621              91.3500             0.2999              119            
1              [7680/60000]        0.3018              91.0400             0.3024              120            
1              [7744/60000]        0.3208              90.8400             0.3128              121            
1              [7808/60000]        0.2537              90.8300             0.3158              122            
1              [7872/60000]        0.3591              89.3300             0.3524              123            
1              [7936/60000]        0.2376              88.8700             0.3616              124            
1              [8000/60000]        0.2166              91.2400             0.2957              125            
1              [8064/60000]        0.4193              89.0100             0.3522              126            
1              [8128/60000]        0.3184              91.4500             0.2948              127            
1              [8192/60000]        0.4069              89.8100             0.3426              128            
1              [8256/60000]        0.1703              89.9700             0.3278              129            
1              [8320/60000]        0.3735              89.7100             0.3404              130            
1              [8384/60000]        0.2552              91.2700             0.3010              131            
1              [8448/60000]        0.3192              91.4700             0.2968              132            
1              [8512/60000]        0.2320              91.3900             0.2874              133            
1              [8576/60000]        0.1437              91.4000             0.2910              134            
1              [8640/60000]        0.3817              88.9300             0.3545              135            
1              [8704/60000]        0.5227              88.4000             0.3927              136            
1              [8768/60000]        0.1874              90.7600             0.3046              137            
1              [8832/60000]        0.2671              89.0200             0.3438              138            
1              [8896/60000]        0.5215              88.2300             0.3672              139            
1              [8960/60000]        0.3440              89.5400             0.3565              140            
1              [9024/60000]        0.3020              91.1200             0.3048              141            
1              [9088/60000]        0.1859              91.7900             0.2786              142            
1              [9152/60000]        0.1933              92.4400             0.2650              143            
1              [9216/60000]        0.1503              91.6000             0.2818              144            
1              [9280/60000]        0.4726              89.1500             0.3593              145            
1              [9344/60000]        0.2823              88.8500             0.3544              146            
1              [9408/60000]        0.4210              90.5600             0.3264              147            
1              [9472/60000]        0.3800              90.9500             0.2985              148            
1              [9536/60000]        0.2575              92.1600             0.2761              149            
1              [9600/60000]        0.3280              91.6900             0.2845              150            
1              [9664/60000]        0.2208              90.0900             0.3182              151            
1              [9728/60000]        0.2809              91.4600             0.2809              152            
1              [9792/60000]        0.4257              89.7800             0.3366              153            
1              [9856/60000]        0.3383              92.2300             0.2696              154            
1              [9920/60000]        0.3498              91.0500             0.2967              155            
1              [9984/60000]        0.2397              91.4200             0.2926              156            
1              [10048/60000]       0.4205              91.1400             0.2890              157            
1              [10112/60000]       0.3333              92.7200             0.2503              158            
1              [10176/60000]       0.1169              92.8000             0.2484              159            
1              [10240/60000]       0.3139              91.8800             0.2739              160            
1              [10304/60000]       0.3735              91.5800             0.2810              161            
1              [10368/60000]       0.2517              91.3800             0.2826              162            
1              [10432/60000]       0.3905              91.1900             0.3010              163            
1              [10496/60000]       0.4029              92.0800             0.2775              164            
1              [10560/60000]       0.3689              92.1700             0.2750              165            
1              [10624/60000]       0.2515              92.8700             0.2458              166            
1              [10688/60000]       0.1695              92.3000             0.2643              167            
1              [10752/60000]       0.2177              91.4200             0.2809              168            
1              [10816/60000]       0.2490              92.4900             0.2588              169            
1              [10880/60000]       0.2537              92.0200             0.2725              170            
1              [10944/60000]       0.4029              90.7200             0.3022              171            
1              [11008/60000]       0.2852              92.3500             0.2555              172            
1              [11072/60000]       0.3389              92.3100             0.2610              173            
1              [11136/60000]       0.1869              92.5500             0.2562              174            
1              [11200/60000]       0.3548              91.4700             0.2777              175            
1              [11264/60000]       0.3133              91.5300             0.2853              176            
1              [11328/60000]       0.4318              91.2300             0.2885              177            
1              [11392/60000]       0.2108              92.3500             0.2570              178            
1              [11456/60000]       0.2719              92.3000             0.2569              179            
1              [11520/60000]       0.5108              92.2900             0.2653              180            
1              [11584/60000]       0.1881              92.0100             0.2760              181            
1              [11648/60000]       0.2687              91.8600             0.2709              182            
1              [11712/60000]       0.3052              91.5300             0.2832              183            
1              [11776/60000]       0.2536              91.8700             0.2735              184            
1              [11840/60000]       0.3386              91.4800             0.2833              185            
1              [11904/60000]       0.1380              92.0200             0.2727              186            
1              [11968/60000]       0.2612              93.2900             0.2351              187            
1              [12032/60000]       0.3042              90.8500             0.2862              188            
1              [12096/60000]       0.1354              93.3300             0.2318              189            
1              [12160/60000]       0.2203              92.0000             0.2558              190            
1              [12224/60000]       0.1906              91.6600             0.2643              191            
1              [12288/60000]       0.4542              92.7400             0.2444              192            
1              [12352/60000]       0.4000              91.8800             0.2690              193            
1              [12416/60000]       0.2810              92.7100             0.2419              194            
1              [12480/60000]       0.3807              92.3800             0.2617              195            
1              [12544/60000]       0.1236              92.4900             0.2602              196            
1              [12608/60000]       0.1898              92.6500             0.2612              197            
1              [12672/60000]       0.2134              92.2400             0.2616              198            
1              [12736/60000]       0.1603              92.8200             0.2408              199            
1              [12800/60000]       0.1930              93.5600             0.2301              200            
1              [12864/60000]       0.1743              91.7400             0.2732              201            
1              [12928/60000]       0.0990              93.5500             0.2264              202            
1              [12992/60000]       0.1469              93.5800             0.2223              203            
1              [13056/60000]       0.2714              93.6500             0.2239              204            
1              [13120/60000]       0.2177              93.7000             0.2262              205            
1              [13184/60000]       0.1690              92.7400             0.2477              206            
1              [13248/60000]       0.3379              90.6100             0.2977              207            
1              [13312/60000]       0.3779              93.0600             0.2356              208            
1              [13376/60000]       0.2210              92.6000             0.2436              209            
1              [13440/60000]       0.2661              90.3400             0.3045              210            
1              [13504/60000]       0.2334              92.1900             0.2487              211            
1              [13568/60000]       0.1887              92.6500             0.2511              212            
1              [13632/60000]       0.4142              92.7000             0.2471              213            
1              [13696/60000]       0.2400              92.7100             0.2464              214            
1              [13760/60000]       0.2880              92.2300             0.2518              215            
1              [13824/60000]       0.2859              93.6500             0.2234              216            
1              [13888/60000]       0.1211              93.7800             0.2109              217            
1              [13952/60000]       0.1559              93.7800             0.2138              218            
1              [14016/60000]       0.3826              93.0600             0.2393              219            
1              [14080/60000]       0.1852              93.6800             0.2181              220            
1              [14144/60000]       0.2479              92.7700             0.2500              221            
1              [14208/60000]       0.4175              93.1100             0.2353              222            
1              [14272/60000]       0.3486              93.3500             0.2218              223            
1              [14336/60000]       0.3651              92.7700             0.2322              224            
1              [14400/60000]       0.2549              93.6600             0.2212              225            
1              [14464/60000]       0.2941              92.8700             0.2331              226            
1              [14528/60000]       0.2039              92.3400             0.2575              227            
1              [14592/60000]       0.4868              93.9500             0.2069              228            
1              [14656/60000]       0.1485              94.3100             0.1936              229            
1              [14720/60000]       0.2685              93.4900             0.2162              230            
1              [14784/60000]       0.1333              93.4500             0.2192              231            
1              [14848/60000]       0.1484              94.2000             0.1998              232            
1              [14912/60000]       0.1933              94.2300             0.2057              233            
1              [14976/60000]       0.2308              92.2300             0.2550              234            
1              [15040/60000]       0.2465              94.4700             0.1974              235            
1              [15104/60000]       0.2901              93.2100             0.2299              236            
1              [15168/60000]       0.2692              93.4200             0.2265              237            
1              [15232/60000]       0.4028              93.6700             0.2078              238            
1              [15296/60000]       0.2043              92.6200             0.2337              239            
1              [15360/60000]       0.2008              94.3500             0.1906              240            
1              [15424/60000]       0.2062              93.9800             0.1991              241            
1              [15488/60000]       0.1680              93.7600             0.2059              242            
1              [15552/60000]       0.3052              94.0600             0.2072              243            
1              [15616/60000]       0.3775              90.3100             0.3059              244            
1              [15680/60000]       0.2154              93.7100             0.2149              245            
1              [15744/60000]       0.2138              93.4300             0.2190              246            
1              [15808/60000]       0.2779              94.1900             0.1970              247            
1              [15872/60000]       0.2912              93.9400             0.2027              248            
1              [15936/60000]       0.2612              92.3800             0.2442              249            
1              [16000/60000]       0.2183              93.8900             0.2187              250            
1              [16064/60000]       0.1776              93.3600             0.2335              251            
1              [16128/60000]       0.1444              93.8800             0.2132              252            
1              [16192/60000]       0.1578              93.9400             0.2018              253            
1              [16256/60000]       0.3901              91.5900             0.2565              254            
1              [16320/60000]       0.2342              94.4300             0.1938              255            
1              [16384/60000]       0.3055              94.4200             0.1973              256            
1              [16448/60000]       0.3015              94.4400             0.2022              257            
1              [16512/60000]       0.1767              94.2800             0.2090              258            
1              [16576/60000]       0.2452              94.1900             0.2096              259            
1              [16640/60000]       0.2530              94.1800             0.2099              260            
1              [16704/60000]       0.2007              93.3200             0.2325              261            
1              [16768/60000]       0.1063              94.2200             0.2077              262            
1              [16832/60000]       0.2626              94.6800             0.1849              263            
1              [16896/60000]       0.1310              94.2900             0.1922              264            
1              [16960/60000]       0.3621              93.4900             0.2259              265            
1              [17024/60000]       0.1658              92.8500             0.2317              266            
1              [17088/60000]       0.4475              94.1400             0.1978              267            
1              [17152/60000]       0.1710              94.5500             0.1875              268            
1              [17216/60000]       0.1395              94.8100             0.1826              269            
1              [17280/60000]       0.1038              94.7800             0.1843              270            
1              [17344/60000]       0.2021              94.6100             0.1891              271            
1              [17408/60000]       0.1743              94.1500             0.2016              272            
1              [17472/60000]       0.2470              94.3500             0.1996              273            
1              [17536/60000]       0.5630              92.7300             0.2451              274            
1              [17600/60000]       0.2132              94.3000             0.2041              275            
1              [17664/60000]       0.1254              94.9900             0.1766              276            
1              [17728/60000]       0.2351              94.3000             0.2014              277            
1              [17792/60000]       0.2377              94.2200             0.1923              278            
1              [17856/60000]       0.1294              94.6700             0.1884              279            
1              [17920/60000]       0.2855              93.7200             0.2042              280            
1              [17984/60000]       0.1363              93.8600             0.2036              281            
1              [18048/60000]       0.1547              94.7100             0.1803              282            
1              [18112/60000]       0.1483              94.1900             0.1982              283            
1              [18176/60000]       0.1164              94.4400             0.1872              284            
1              [18240/60000]       0.3394              93.6600             0.2037              285            
1              [18304/60000]       0.1882              94.4400             0.1856              286            
1              [18368/60000]       0.1210              94.3900             0.1925              287            
1              [18432/60000]       0.1361              94.8900             0.1747              288            
1              [18496/60000]       0.1687              94.3200             0.1835              289            
1              [18560/60000]       0.1190              94.3000             0.1950              290            
1              [18624/60000]       0.2346              95.0200             0.1675              291            
1              [18688/60000]       0.2734              93.5300             0.2038              292            
1              [18752/60000]       0.3132              94.3200             0.1833              293            
1              [18816/60000]       0.2208              93.9400             0.1953              294            
1              [18880/60000]       0.2672              94.3000             0.1871              295            
1              [18944/60000]       0.3737              94.4500             0.1950              296            
1              [19008/60000]       0.1361              94.1200             0.1994              297            
1              [19072/60000]       0.2832              94.3100             0.1934              298            
1              [19136/60000]       0.1963              94.5500             0.1841              299            
1              [19200/60000]       0.2089              94.3300             0.1883              300            
1              [19264/60000]       0.1895              94.5800             0.1908              301            
1              [19328/60000]       0.3248              94.9100             0.1743              302            
1              [19392/60000]       0.1686              94.4000             0.1915              303            
1              [19456/60000]       0.1980              94.9400             0.1756              304            
1              [19520/60000]       0.0574              94.5800             0.1808              305            
1              [19584/60000]       0.2129              95.0900             0.1666              306            
1              [19648/60000]       0.0704              95.0100             0.1728              307            
1              [19712/60000]       0.1588              94.0500             0.2019              308            
1              [19776/60000]       0.1599              94.6200             0.1861              309            
1              [19840/60000]       0.1416              94.2400             0.1900              310            
1              [19904/60000]       0.1672              94.1000             0.1968              311            
1              [19968/60000]       0.1810              94.2500             0.1943              312            
1              [20032/60000]       0.1783              94.2900             0.1889              313            
1              [20096/60000]       0.1797              95.0700             0.1686              314            
1              [20160/60000]       0.1169              95.0100             0.1733              315            
1              [20224/60000]       0.2509              94.9000             0.1749              316            
1              [20288/60000]       0.2215              94.2600             0.1952              317            
1              [20352/60000]       0.2161              94.2900             0.1869              318            
1              [20416/60000]       0.1344              94.7100             0.1803              319            
1              [20480/60000]       0.2030              93.9800             0.1949              320            
1              [20544/60000]       0.1784              94.8400             0.1751              321            
1              [20608/60000]       0.1146              93.6900             0.2102              322            
1              [20672/60000]       0.3898              94.6800             0.1788              323            
1              [20736/60000]       0.1934              93.9900             0.1936              324            
1              [20800/60000]       0.1142              95.0300             0.1735              325            
1              [20864/60000]       0.1546              94.7400             0.1716              326            
1              [20928/60000]       0.1448              95.1400             0.1641              327            
1              [20992/60000]       0.1813              94.2300             0.1923              328            
1              [21056/60000]       0.3773              94.6300             0.1878              329            
1              [21120/60000]       0.1646              94.6800             0.1800              330            
1              [21184/60000]       0.0991              94.5600             0.1770              331            
1              [21248/60000]       0.2532              94.7400             0.1783              332            
1              [21312/60000]       0.4076              93.2400             0.2210              333            
1              [21376/60000]       0.2742              95.2100             0.1664              334            
1              [21440/60000]       0.0901              95.1800             0.1623              335            
1              [21504/60000]       0.2064              94.4800             0.1783              336            
1              [21568/60000]       0.0828              94.8500             0.1753              337            
1              [21632/60000]       0.1099              94.6800             0.1754              338            
1              [21696/60000]       0.0718              94.6600             0.1736              339            
1              [21760/60000]       0.1701              94.8100             0.1662              340            
1              [21824/60000]       0.1433              94.8100             0.1747              341            
1              [21888/60000]       0.1504              95.2800             0.1643              342            
1              [21952/60000]       0.2372              95.2500             0.1655              343            
1              [22016/60000]       0.1578              94.8200             0.1742              344            
1              [22080/60000]       0.2911              94.6400             0.1793              345            
1              [22144/60000]       0.2603              94.7900             0.1755              346            
1              [22208/60000]       0.1646              94.6600             0.1777              347            
1              [22272/60000]       0.2198              94.7700             0.1738              348            
1              [22336/60000]       0.0805              94.7500             0.1750              349            
1              [22400/60000]       0.1342              94.8000             0.1773              350            
1              [22464/60000]       0.2423              92.3000             0.2440              351            
1              [22528/60000]       0.1962              95.0800             0.1699              352            
1              [22592/60000]       0.0829              95.4300             0.1565              353            
1              [22656/60000]       0.0410              95.4700             0.1534              354            
1              [22720/60000]       0.1248              94.5800             0.1808              355            
1              [22784/60000]       0.1657              94.5600             0.1820              356            
1              [22848/60000]       0.3950              94.9500             0.1717              357            
1              [22912/60000]       0.1500              95.0300             0.1675              358            
1              [22976/60000]       0.1818              95.4400             0.1579              359            
1              [23040/60000]       0.1692              95.3900             0.1577              360            
1              [23104/60000]       0.0918              95.5100             0.1547              361            
1              [23168/60000]       0.1213              95.6400             0.1550              362            
1              [23232/60000]       0.2046              95.3500             0.1599              363            
1              [23296/60000]       0.2238              93.8800             0.1993              364            
1              [23360/60000]       0.1087              94.6900             0.1765              365            
1              [23424/60000]       0.2616              94.7100             0.1738              366            
1              [23488/60000]       0.4256              94.9600             0.1702              367            
1              [23552/60000]       0.2105              95.0800             0.1713              368            
1              [23616/60000]       0.1071              95.1700             0.1643              369            
1              [23680/60000]       0.2363              92.3900             0.2469              370            
1              [23744/60000]       0.3201              94.9300             0.1691              371            
1              [23808/60000]       0.0913              95.1600             0.1610              372            
1              [23872/60000]       0.1103              95.1600             0.1684              373            
1              [23936/60000]       0.0612              95.3900             0.1596              374            
1              [24000/60000]       0.0872              94.9700             0.1700              375            
1              [24064/60000]       0.1212              95.2400             0.1635              376            
1              [24128/60000]       0.1467              93.4000             0.2106              377            
1              [24192/60000]       0.2564              94.6500             0.1820              378            
1              [24256/60000]       0.2002              95.3400             0.1619              379            
