Current_Epoch  Batch/Total         CE_Train            Accuracy(%)         CE_TEST             Batch_Number   
0              [0/50000]           --                  9.020               4.6081              0
1              [64/50000]          4.6010              1.2700              9.3115              1              
1              [128/50000]         8.7840              1.6200              7.3963              2              
1              [192/50000]         6.7534              1.6100              6.9890              3              
1              [256/50000]         6.7892              2.4900              7.0391              4              
1              [320/50000]         6.7919              2.5300              6.3956              5              
1              [384/50000]         6.6467              1.8600              5.5644              6              
1              [448/50000]         5.8955              2.3300              5.2026              7              
1              [512/50000]         5.2874              3.7700              4.9987              8              
1              [576/50000]         4.7924              3.3400              4.8912              9              
1              [640/50000]         4.8634              1.8800              5.0839              10             
1              [704/50000]         5.1014              4.5300              4.6299              11             
1              [768/50000]         4.5474              2.9400              4.9702              12             
1              [832/50000]         4.6793              4.0300              4.6567              13             
1              [896/50000]         4.3594              4.3600              4.5487              14             
1              [960/50000]         4.5326              5.0000              4.4550              15             
1              [1024/50000]        4.4451              4.1600              4.5691              16             
1              [1088/50000]        4.6615              3.2100              4.7219              17             
1              [1152/50000]        4.7015              4.9700              4.4567              18             
1              [1216/50000]        4.4610              5.3800              4.3774              19             
1              [1280/50000]        4.4730              5.9700              4.3914              20             
1              [1344/50000]        4.2915              5.2400              4.3900              21             
1              [1408/50000]        4.5459              5.9800              4.3382              22             
1              [1472/50000]        4.4364              5.8000              4.3668              23             
1              [1536/50000]        4.3592              5.4200              4.3864              24             
1              [1600/50000]        4.4203              6.1600              4.3570              25             
1              [1664/50000]        4.6055              6.7300              4.2574              26             
1              [1728/50000]        4.0677              6.6600              4.2948              27             
1              [1792/50000]        4.5209              4.7300              4.3112              28             
1              [1856/50000]        4.2269              6.6000              4.2419              29             
1              [1920/50000]        4.1366              5.5300              4.2961              30             
1              [1984/50000]        4.2696              6.0900              4.3150              31             
1              [2048/50000]        4.2814              5.5900              4.3432              32             
1              [2112/50000]        4.4599              6.4500              4.2410              33             
1              [2176/50000]        4.2730              6.5000              4.2252              34             
1              [2240/50000]        4.2040              6.0300              4.2525              35             
1              [2304/50000]        4.3993              5.3600              4.3601              36             
1              [2368/50000]        4.3341              6.4400              4.2752              37             
1              [2432/50000]        4.3435              9.4300              4.1365              38             
1              [2496/50000]        4.3592              8.8500              4.1266              39             
1              [2560/50000]        4.1094              7.8600              4.1547              40             
1              [2624/50000]        3.8396              7.9900              4.1536              41             
1              [2688/50000]        4.2226              8.3000              4.1582              42             
1              [2752/50000]        4.2771              7.9400              4.2388              43             
1              [2816/50000]        4.0104              7.6000              4.2384              44             
1              [2880/50000]        3.9813              6.7900              4.3326              45             
1              [2944/50000]        4.8213              7.8100              4.1739              46             
1              [3008/50000]        3.8600              7.8800              4.1354              47             
1              [3072/50000]        4.1708              7.4800              4.1708              48             
1              [3136/50000]        4.1914              8.0800              4.1256              49             
1              [3200/50000]        3.9110              7.6300              4.1482              50             
1              [3264/50000]        4.4655              6.0300              4.1619              51             
1              [3328/50000]        4.2400              9.4000              4.0772              52             
1              [3392/50000]        4.0155              8.3500              4.1105              53             
1              [3456/50000]        4.0321              9.9600              4.0667              54             
1              [3520/50000]        3.9209              8.9300              4.0826              55             
1              [3584/50000]        4.3719              8.5000              4.1082              56             
1              [3648/50000]        4.2725              8.4100              4.0396              57             
1              [3712/50000]        4.0201              7.8900              4.0826              58             
1              [3776/50000]        4.0212              6.8800              4.2737              59             
1              [3840/50000]        3.9991              8.4900              4.0804              60             
1              [3904/50000]        3.6987              9.6600              4.0593              61             
1              [3968/50000]        4.0877              9.5500              4.0595              62             
1              [4032/50000]        4.1655              9.2100              4.0390              63             
1              [4096/50000]        4.0796              9.5700              4.0419              64             
1              [4160/50000]        3.8508              9.1200              4.0327              65             
1              [4224/50000]        4.0527              6.8000              4.1391              66             
1              [4288/50000]        4.2476              9.7300              4.0531              67             
1              [4352/50000]        4.3503              11.1100             3.9775              68             
1              [4416/50000]        3.9162              11.0400             3.9539              69             
1              [4480/50000]        3.9199              10.4800             3.9943              70             
1              [4544/50000]        4.0583              9.7500              4.0032              71             
1              [4608/50000]        3.9294              9.3100              4.0162              72             
1              [4672/50000]        4.0724              9.1200              4.0308              73             
1              [4736/50000]        4.1266              10.8900             3.9053              74             
1              [4800/50000]        4.0365              10.2900             3.9954              75             
1              [4864/50000]        3.9249              9.6500              3.9735              76             
1              [4928/50000]        3.5094              8.7000              4.1318              77             
1              [4992/50000]        4.4680              6.1600              4.1675              78             
1              [5056/50000]        4.1283              9.2100              4.0375              79             
1              [5120/50000]        3.9134              11.0400             3.9547              80             
1              [5184/50000]        3.9038              10.5500             3.9581              81             
1              [5248/50000]        3.6998              9.3500              4.0027              82             
1              [5312/50000]        3.8015              9.1200              3.9819              83             
1              [5376/50000]        3.7017              7.9000              4.1529              84             
1              [5440/50000]        4.0744              10.0500             3.9447              85             
1              [5504/50000]        4.0190              8.7700              4.0027              86             
1              [5568/50000]        3.9702              9.5600              3.9935              87             
1              [5632/50000]        4.1312              9.4600              4.0000              88             
1              [5696/50000]        4.0928              10.6900             3.9466              89             
1              [5760/50000]        4.0844              10.1200             3.9632              90             
1              [5824/50000]        4.0346              8.9700              3.9782              91             
1              [5888/50000]        3.7765              9.8100              3.9503              92             
1              [5952/50000]        4.2854              10.4200             3.9235              93             
1              [6016/50000]        3.7494              10.3100             3.9516              94             
1              [6080/50000]        3.9747              11.3100             3.8754              95             
1              [6144/50000]        3.9777              11.1700             3.9046              96             
1              [6208/50000]        3.8112              10.7400             3.8776              97             
1              [6272/50000]        3.8562              11.5400             3.8812              98             
1              [6336/50000]        3.9556              11.2200             3.8896              99             
1              [6400/50000]        3.9244              12.1900             3.8803              100            
1              [6464/50000]        3.7279              12.0800             3.8883              101            
1              [6528/50000]        4.1539              10.7700             3.9086              102            
1              [6592/50000]        3.8058              9.8600              3.8959              103            
1              [6656/50000]        3.8444              11.3000             3.8865              104            
1              [6720/50000]        3.8838              11.9100             3.8311              105            
1              [6784/50000]        3.9715              10.2800             3.9603              106            
1              [6848/50000]        3.6910              11.2600             3.9025              107            
1              [6912/50000]        4.0489              13.1300             3.8051              108            
1              [6976/50000]        3.5352              12.2800             3.8625              109            
1              [7040/50000]        3.7969              12.0300             3.8857              110            
1              [7104/50000]        3.7135              13.5600             3.8101              111            
1              [7168/50000]        3.5048              11.6700             3.8955              112            
1              [7232/50000]        3.8835              12.0900             3.9001              113            
1              [7296/50000]        3.9393              8.5100              4.1231              114            
1              [7360/50000]        4.1717              10.9400             3.9434              115            
1              [7424/50000]        4.0208              10.1800             3.8778              116            
1              [7488/50000]        3.9601              12.5300             3.8138              117            
1              [7552/50000]        3.7883              12.7300             3.8402              118            
1              [7616/50000]        3.7954              12.2800             3.8199              119            
1              [7680/50000]        3.8337              12.8400             3.8142              120            
1              [7744/50000]        3.5034              13.6300             3.8434              121            
1              [7808/50000]        3.8650              13.2800             3.7958              122            
1              [7872/50000]        3.6859              10.9200             3.9641              123            
1              [7936/50000]        3.7692              12.0700             3.8322              124            
1              [8000/50000]        3.7181              11.6700             3.8605              125            
1              [8064/50000]        4.1039              11.5600             3.8216              126            
1              [8128/50000]        3.7609              12.6200             3.7838              127            
1              [8192/50000]        3.7751              13.8600             3.7710              128            
1              [8256/50000]        3.6510              11.7300             3.9348              129            
1              [8320/50000]        3.4348              9.8000              4.0111              130            
1              [8384/50000]        4.2024              10.3500             4.0994              131            
1              [8448/50000]        4.4268              9.6800              3.9934              132            
1              [8512/50000]        3.6280              12.4700             3.8382              133            
1              [8576/50000]        3.8299              12.1900             3.8047              134            
1              [8640/50000]        3.5440              13.8400             3.7785              135            
1              [8704/50000]        3.5610              13.6600             3.8563              136            
1              [8768/50000]        3.6867              14.4200             3.7293              137            
1              [8832/50000]        4.0945              14.9500             3.7373              138            
1              [8896/50000]        3.8173              14.4100             3.7389              139            
