Current_Epoch  Batch/Total         CE_Train            Accuracy(%)         CE_TEST             Batch_Number   
0              [0/60000]           --                  9.020               2.3057              0
1              [64/60000]          2.3199              29.7300             11.5996             1              
1              [128/60000]         11.1168             37.7400             14.8274             2              
1              [192/60000]         10.8963             22.5900             22.6127             3              
1              [256/60000]         18.2443             27.4000             16.6525             4              
1              [320/60000]         14.0273             16.7200             20.7144             5              
1              [384/60000]         25.2791             36.9700             15.6761             6              
1              [448/60000]         14.3190             36.0900             20.7794             7              
1              [512/60000]         23.4299             41.6700             9.9117              8              
1              [576/60000]         12.9875             57.5400             3.1672              9              
1              [640/60000]         2.7608              63.1700             2.0118              10             
1              [704/60000]         2.3727              73.3500             1.1610              11             
1              [768/60000]         1.3079              76.4100             0.9968              12             
1              [832/60000]         0.9646              72.7500             1.2372              13             
1              [896/60000]         1.4715              72.9100             1.2992              14             
1              [960/60000]         0.9195              73.7100             1.1649              15             
1              [1024/60000]        1.2303              79.0800             0.8671              16             
1              [1088/60000]        1.0416              81.5000             0.6834              17             
1              [1152/60000]        0.6832              81.8900             0.6162              18             
1              [1216/60000]        0.5577              84.1700             0.5726              19             
1              [1280/60000]        1.0304              77.6600             0.7774              20             
1              [1344/60000]        0.9536              79.8200             0.8992              21             
1              [1408/60000]        1.1929              73.8400             1.0083              22             
1              [1472/60000]        0.7862              74.9200             1.0799              23             
1              [1536/60000]        1.1787              74.6200             1.1546              24             
1              [1600/60000]        1.1601              72.9300             1.2012              25             
1              [1664/60000]        1.4437              69.7700             1.3257              26             
1              [1728/60000]        1.7501              66.8500             1.8201              27             
1              [1792/60000]        2.0901              70.8500             1.8483              28             
1              [1856/60000]        2.8021              80.0300             0.7284              29             
1              [1920/60000]        0.3723              87.4800             0.4526              30             
1              [1984/60000]        0.4877              86.6400             0.4846              31             
1              [2048/60000]        0.7257              81.3500             0.7111              32             
1              [2112/60000]        0.5037              85.7500             0.5255              33             
1              [2176/60000]        0.5854              73.3600             0.9646              34             
1              [2240/60000]        1.1793              77.6600             1.3928              35             
1              [2304/60000]        1.5223              76.8100             0.9217              36             
1              [2368/60000]        1.3335              75.1000             1.3481              37             
1              [2432/60000]        1.2402              85.2900             0.5555              38             
1              [2496/60000]        0.7290              88.0300             0.4371              39             
1              [2560/60000]        0.7868              82.3900             0.5977              40             
1              [2624/60000]        0.9335              85.3900             0.5084              41             
1              [2688/60000]        0.5376              80.4000             0.7408              42             
1              [2752/60000]        0.8997              76.2900             0.8808              43             
1              [2816/60000]        0.7699              81.1700             0.7721              44             
1              [2880/60000]        0.7463              89.3700             0.3779              45             
1              [2944/60000]        0.5079              84.4400             0.5313              46             
1              [3008/60000]        0.9291              80.4400             0.7588              47             
1              [3072/60000]        0.7776              86.4200             0.4855              48             
1              [3136/60000]        0.6796              75.8000             1.3468              49             
1              [3200/60000]        1.8942              77.8100             0.9832              50             
1              [3264/60000]        0.7490              87.0800             0.4602              51             
1              [3328/60000]        0.5152              81.6500             0.6444              52             
1              [3392/60000]        1.0595              80.7600             0.7212              53             
1              [3456/60000]        0.5078              87.1800             0.4522              54             
1              [3520/60000]        0.5708              87.1000             0.4750              55             
1              [3584/60000]        0.4191              88.6900             0.4127              56             
1              [3648/60000]        0.5014              86.1300             0.5027              57             
1              [3712/60000]        0.5028              89.7700             0.3640              58             
1              [3776/60000]        0.4361              88.6200             0.4130              59             
1              [3840/60000]        0.5990              87.4000             0.4185              60             
1              [3904/60000]        0.2547              88.6000             0.3918              61             
1              [3968/60000]        0.2243              89.7900             0.3555              62             
1              [4032/60000]        0.3267              88.4000             0.3996              63             
1              [4096/60000]        0.3055              85.3200             0.5166              64             
1              [4160/60000]        0.8433              78.0000             0.7845              65             
1              [4224/60000]        0.7824              77.0100             0.8181              66             
1              [4288/60000]        1.1320              75.0300             0.9426              67             
1              [4352/60000]        0.9884              73.6800             1.3425              68             
1              [4416/60000]        1.7236              71.1800             1.1984              69             
1              [4480/60000]        1.2032              84.4700             0.5765              70             
1              [4544/60000]        0.6462              85.6900             0.4804              71             
1              [4608/60000]        0.4647              85.4600             0.4940              72             
1              [4672/60000]        0.5058              85.3000             0.5668              73             
1              [4736/60000]        0.4747              89.3000             0.3846              74             
1              [4800/60000]        0.6396              84.4800             0.5172              75             
1              [4864/60000]        0.4253              88.6200             0.3994              76             
1              [4928/60000]        0.3947              90.6900             0.3223              77             
1              [4992/60000]        0.5139              90.1100             0.3326              78             
1              [5056/60000]        0.3568              90.0400             0.3386              79             
1              [5120/60000]        0.7380              84.7000             0.5191              80             
1              [5184/60000]        0.4718              89.7000             0.3429              81             
1              [5248/60000]        0.3261              87.8400             0.3975              82             
1              [5312/60000]        0.1919              89.2900             0.3547              83             
1              [5376/60000]        0.2067              90.4300             0.3237              84             
1              [5440/60000]        0.4835              91.1500             0.3021              85             
1              [5504/60000]        0.3435              86.4600             0.4504              86             
1              [5568/60000]        0.4156              89.2000             0.3634              87             
1              [5632/60000]        0.4936              89.2800             0.3477              88             
1              [5696/60000]        0.3387              89.1600             0.3596              89             
1              [5760/60000]        0.2267              91.6500             0.2705              90             
1              [5824/60000]        0.2035              90.8600             0.2935              91             
1              [5888/60000]        0.3340              89.7500             0.3490              92             
1              [5952/60000]        0.3078              85.5400             0.4834              93             
1              [6016/60000]        0.5523              80.3500             0.7371              94             
1              [6080/60000]        0.8943              81.7600             0.6486              95             
1              [6144/60000]        0.4854              90.1400             0.3465              96             
1              [6208/60000]        0.3392              88.4500             0.3937              97             
1              [6272/60000]        0.3568              91.8000             0.2739              98             
1              [6336/60000]        0.3906              89.6800             0.3574              99             
1              [6400/60000]        0.5114              91.1000             0.2992              100            
1              [6464/60000]        0.1622              91.7400             0.2829              101            
1              [6528/60000]        0.1700              88.0800             0.3942              102            
1              [6592/60000]        0.2759              92.1600             0.2683              103            
1              [6656/60000]        0.1628              91.1400             0.3029              104            
1              [6720/60000]        0.2885              92.1600             0.2659              105            
1              [6784/60000]        0.1656              91.3900             0.2780              106            
1              [6848/60000]        0.2818              89.7500             0.3378              107            
1              [6912/60000]        0.2837              87.2800             0.4628              108            
1              [6976/60000]        0.4836              91.3200             0.3025              109            
1              [7040/60000]        0.1478              92.8100             0.2414              110            
1              [7104/60000]        0.4000              90.0900             0.3251              111            
1              [7168/60000]        0.5299              88.7400             0.3701              112            
1              [7232/60000]        0.3239              90.3100             0.3110              113            
1              [7296/60000]        0.1328              92.2900             0.2561              114            
1              [7360/60000]        0.3585              93.1500             0.2346              115            
1              [7424/60000]        0.1986              92.9000             0.2344              116            
1              [7488/60000]        0.2102              93.0000             0.2317              117            
1              [7552/60000]        0.3344              91.3100             0.2849              118            
1              [7616/60000]        0.2798              91.2600             0.2882              119            
1              [7680/60000]        0.2689              91.6900             0.2740              120            
1              [7744/60000]        0.4498              80.4500             0.5898              121            
1              [7808/60000]        0.3923              87.8100             0.4088              122            
1              [7872/60000]        0.6652              90.1800             0.3115              123            
1              [7936/60000]        0.2387              91.6700             0.2724              124            
1              [8000/60000]        0.3254              90.1500             0.3144              125            
1              [8064/60000]        0.4615              87.1000             0.3998              126            
1              [8128/60000]        0.4404              90.8900             0.2964              127            
1              [8192/60000]        0.4649              89.2800             0.3455              128            
1              [8256/60000]        0.3326              91.3500             0.3031              129            
1              [8320/60000]        0.4430              93.2600             0.2306              130            
1              [8384/60000]        0.3229              85.9400             0.4172              131            
1              [8448/60000]        0.5509              86.7200             0.3973              132            
1              [8512/60000]        0.2697              92.7900             0.2426              133            
1              [8576/60000]        0.2389              92.3500             0.2621              134            
1              [8640/60000]        0.2032              91.7400             0.2689              135            
1              [8704/60000]        0.2329              90.2700             0.3091              136            
1              [8768/60000]        0.2989              92.3800             0.2506              137            
1              [8832/60000]        0.2657              91.2200             0.2801              138            
1              [8896/60000]        0.1951              91.9600             0.2615              139            
1              [8960/60000]        0.1578              92.2400             0.2593              140            
1              [9024/60000]        0.1852              93.2500             0.2246              141            
1              [9088/60000]        0.3944              88.6400             0.3662              142            
1              [9152/60000]        0.7374              73.0000             1.0760              143            
1              [9216/60000]        1.3317              84.4800             0.6573              144            
1              [9280/60000]        0.7513              89.3400             0.3330              145            
1              [9344/60000]        0.4958              91.6300             0.2702              146            
1              [9408/60000]        0.2099              93.7000             0.2227              147            
1              [9472/60000]        0.2405              93.0200             0.2335              148            
1              [9536/60000]        0.2741              92.2100             0.2570              149            
1              [9600/60000]        0.1689              93.9000             0.2080              150            
1              [9664/60000]        0.1890              93.5500             0.2150              151            
1              [9728/60000]        0.3837              90.2300             0.3114              152            
1              [9792/60000]        0.1651              89.9900             0.3085              153            
1              [9856/60000]        0.1828              92.4500             0.2442              154            
1              [9920/60000]        0.2367              92.0400             0.2691              155            
1              [9984/60000]        0.3351              93.1300             0.2236              156            
1              [10048/60000]       0.1942              93.6300             0.2206              157            
1              [10112/60000]       0.1709              92.8400             0.2369              158            
1              [10176/60000]       0.1774              92.2500             0.2555              159            
