Current_Epoch  Batch/Total         CE_Train            Accuracy(%)         CE_TEST             Batch_Number   
0              [0/50000]           --                  9.020               2.3119              0
1              [64/50000]          2.3259              14.6500             17.7660             1              
1              [128/50000]         14.6415             11.2100             34.2032             2              
1              [192/50000]         29.7930             16.2600             22.4452             3              
1              [256/50000]         25.5430             11.0600             14.7370             4              
1              [320/50000]         14.7767             15.7700             14.0486             5              
1              [384/50000]         14.3871             20.3400             13.5303             6              
1              [448/50000]         10.5689             13.8300             11.0461             7              
1              [512/50000]         9.2756              13.3700             10.3561             8              
1              [576/50000]         9.3911              14.0300             7.6964              9              
1              [640/50000]         7.2833              19.3400             6.4802              10             
1              [704/50000]         7.7433              13.6800             6.4446              11             
1              [768/50000]         6.4308              20.5400             5.0013              12             
1              [832/50000]         4.7122              23.8800             3.9810              13             
1              [896/50000]         3.4443              18.8400             4.4926              14             
1              [960/50000]         5.3683              15.6900             4.2454              15             
1              [1024/50000]        3.5131              22.2900             3.9426              16             
1              [1088/50000]        4.4124              24.0900             3.1789              17             
1              [1152/50000]        2.9692              23.7900             2.7581              18             
1              [1216/50000]        2.4239              26.6900             2.5153              19             
1              [1280/50000]        2.2936              29.1000             2.0547              20             
1              [1344/50000]        2.0275              25.1300             2.4148              21             
1              [1408/50000]        2.4474              27.2500             2.6227              22             
1              [1472/50000]        2.9842              26.5500             2.2611              23             
1              [1536/50000]        2.8216              31.6000             2.1303              24             
1              [1600/50000]        2.0030              27.2400             2.2146              25             
1              [1664/50000]        2.0443              29.4400             2.1616              26             
1              [1728/50000]        2.2094              31.0500             1.9776              27             
1              [1792/50000]        1.9537              27.8300             2.0238              28             
1              [1856/50000]        2.1108              23.5200             2.5805              29             
1              [1920/50000]        2.1367              29.3400             2.2707              30             
1              [1984/50000]        2.3297              30.8700             2.2170              31             
1              [2048/50000]        2.4704              32.0200             1.9326              32             
1              [2112/50000]        2.0945              27.3900             2.1278              33             
1              [2176/50000]        2.0351              34.7300             1.9002              34             
1              [2240/50000]        1.7448              29.5900             1.9526              35             
1              [2304/50000]        2.0121              33.7700             1.9584              36             
1              [2368/50000]        2.0125              24.8100             2.2179              37             
1              [2432/50000]        2.3767              29.3900             2.6683              38             
1              [2496/50000]        2.4685              22.6600             2.8360              39             
1              [2560/50000]        3.0785              35.6100             2.0855              40             
1              [2624/50000]        2.0345              30.0700             1.9490              41             
1              [2688/50000]        2.2262              30.6300             2.2563              42             
1              [2752/50000]        2.6200              28.2600             2.2030              43             
1              [2816/50000]        1.9933              35.1200             1.8739              44             
1              [2880/50000]        2.0313              27.0900             2.2914              45             
1              [2944/50000]        2.0500              29.1600             2.0855              46             
1              [3008/50000]        2.2427              31.2200             2.3280              47             
1              [3072/50000]        2.3111              24.8200             2.2805              48             
1              [3136/50000]        2.5423              27.2300             2.1447              49             
1              [3200/50000]        1.9484              33.7800             1.8702              50             
1              [3264/50000]        1.9894              31.8700             2.1927              51             
1              [3328/50000]        2.3169              30.2900             2.0119              52             
1              [3392/50000]        2.1588              30.3000             2.1025              53             
1              [3456/50000]        2.2316              28.5600             2.0142              54             
1              [3520/50000]        1.9958              32.7800             2.0062              55             
1              [3584/50000]        2.0150              28.2000             2.2640              56             
1              [3648/50000]        2.4129              29.4300             2.2617              57             
1              [3712/50000]        2.1798              29.0500             2.0038              58             
1              [3776/50000]        2.3126              18.9900             3.0286              59             
1              [3840/50000]        2.4910              26.9300             2.4484              60             
1              [3904/50000]        2.1466              33.1600             1.9927              61             
1              [3968/50000]        1.8963              32.4300             1.9319              62             
1              [4032/50000]        1.9263              37.0000             1.8150              63             
1              [4096/50000]        1.9016              36.6600             1.7526              64             
1              [4160/50000]        1.8080              32.1900             1.8770              65             
1              [4224/50000]        1.9158              33.7900             1.8942              66             
1              [4288/50000]        1.8834              36.3200             1.8783              67             
1              [4352/50000]        1.8377              23.9400             2.3676              68             
1              [4416/50000]        2.0868              33.4200             2.3464              69             
1              [4480/50000]        2.6032              30.8500             2.0556              70             
1              [4544/50000]        2.1951              38.0600             1.8109              71             
1              [4608/50000]        1.8173              34.7000             1.8629              72             
1              [4672/50000]        1.7900              36.7600             1.7620              73             
1              [4736/50000]        1.6215              33.1100             1.8122              74             
1              [4800/50000]        1.9821              34.0700             1.8535              75             
1              [4864/50000]        1.8427              36.6300             1.7719              76             
1              [4928/50000]        1.4699              37.6500             1.7531              77             
1              [4992/50000]        1.7156              39.9400             1.7097              78             
1              [5056/50000]        1.3924              38.1900             1.7722              79             
1              [5120/50000]        1.8536              30.3700             2.0769              80             
1              [5184/50000]        2.0772              32.3000             1.9630              81             
1              [5248/50000]        1.9005              29.7200             1.9034              82             
1              [5312/50000]        1.7772              39.2400             1.7984              83             
1              [5376/50000]        1.5488              41.4600             1.6996              84             
1              [5440/50000]        1.6961              32.2800             1.9732              85             
1              [5504/50000]        1.9372              33.5400             2.1865              86             
1              [5568/50000]        2.2540              37.7600             1.7795              87             
1              [5632/50000]        1.7505              35.1900             1.7821              88             
1              [5696/50000]        1.7382              39.6000             1.7400              89             
1              [5760/50000]        1.5864              40.0800             1.7172              90             
1              [5824/50000]        1.8794              34.6700             1.7816              91             
1              [5888/50000]        2.0161              37.2100             1.7669              92             
1              [5952/50000]        1.5988              38.5900             1.7238              93             
1              [6016/50000]        1.5336              35.4600             1.8173              94             
1              [6080/50000]        1.7767              40.1900             1.8022              95             
1              [6144/50000]        1.8679              40.4400             1.6784              96             
1              [6208/50000]        1.8202              39.2000             1.6975              97             
1              [6272/50000]        1.7206              36.1300             1.7428              98             
1              [6336/50000]        1.8895              40.1500             1.6757              99             
1              [6400/50000]        1.7981              36.4600             1.7641              100            
1              [6464/50000]        1.8006              41.6600             1.6554              101            
1              [6528/50000]        1.6051              39.3900             1.7554              102            
1              [6592/50000]        1.9908              38.7700             1.7457              103            
1              [6656/50000]        1.6669              37.2600             1.7598              104            
1              [6720/50000]        1.5397              33.2800             1.9084              105            
1              [6784/50000]        2.2016              32.9000             1.9431              106            
1              [6848/50000]        2.0147              42.7900             1.6546              107            
1              [6912/50000]        1.8870              42.5900             1.6258              108            
1              [6976/50000]        1.7234              38.0100             1.7308              109            
1              [7040/50000]        1.8219              42.2100             1.6436              110            
1              [7104/50000]        1.7029              43.8400             1.5892              111            
1              [7168/50000]        1.5893              37.4500             1.7593              112            
1              [7232/50000]        1.9757              35.7100             1.9234              113            
1              [7296/50000]        1.9111              34.4000             1.8219              114            
1              [7360/50000]        1.7551              42.7100             1.6131              115            
1              [7424/50000]        1.7566              36.4300             1.7657              116            
1              [7488/50000]        1.9764              37.7300             1.7314              117            
1              [7552/50000]        1.8676              41.3100             1.6473              118            
1              [7616/50000]        1.7891              41.0000             1.6476              119            
1              [7680/50000]        1.6176              36.3700             1.8571              120            
1              [7744/50000]        2.1538              42.6000             1.6451              121            
1              [7808/50000]        1.5401              41.7000             1.6307              122            
1              [7872/50000]        1.5503              42.3400             1.6187              123            
1              [7936/50000]        1.5828              42.7700             1.6278              124            
1              [8000/50000]        1.6389              42.8200             1.6524              125            
1              [8064/50000]        1.6304              40.2500             1.6932              126            
1              [8128/50000]        1.7313              38.6600             1.7409              127            
1              [8192/50000]        1.6370              37.4900             1.6999              128            
1              [8256/50000]        1.6929              41.7600             1.6382              129            
1              [8320/50000]        1.6898              38.8700             1.6847              130            
1              [8384/50000]        1.7799              42.0600             1.6335              131            
1              [8448/50000]        1.5247              37.8400             1.6935              132            
1              [8512/50000]        1.6422              41.9300             1.6331              133            
1              [8576/50000]        1.7508              44.6200             1.5720              134            
1              [8640/50000]        1.5684              44.8400             1.5731              135            
1              [8704/50000]        1.3845              44.6300             1.5573              136            
1              [8768/50000]        1.6442              43.7000             1.5707              137            
1              [8832/50000]        1.6501              42.7900             1.5917              138            
1              [8896/50000]        1.8406              40.8600             1.6981              139            
1              [8960/50000]        1.7481              39.4900             1.6928              140            
1              [9024/50000]        1.6427              44.5600             1.5426              141            
1              [9088/50000]        1.7131              44.3400             1.5716              142            
1              [9152/50000]        1.6256              44.1000             1.5944              143            
1              [9216/50000]        1.5401              43.9800             1.5809              144            
1              [9280/50000]        1.1860              45.4300             1.5505              145            
1              [9344/50000]        1.7095              44.5600             1.5834              146            
1              [9408/50000]        1.5540              43.3200             1.5986              147            
1              [9472/50000]        1.7194              39.5100             1.7086              148            
1              [9536/50000]        1.5552              41.6700             1.6083              149            
1              [9600/50000]        1.6329              37.8300             1.7562              150            
1              [9664/50000]        1.6161              37.5900             1.7273              151            
1              [9728/50000]        1.5696              39.4300             1.6681              152            
1              [9792/50000]        1.8855              40.4200             1.6309              153            
1              [9856/50000]        1.6519              42.7200             1.6314              154            
1              [9920/50000]        1.6951              36.5100             1.7752              155            
1              [9984/50000]        1.7549              38.5200             1.7371              156            
1              [10048/50000]       1.9371              37.3000             1.7648              157            
1              [10112/50000]       2.0229              41.2500             1.6466              158            
1              [10176/50000]       1.5028              37.9600             1.7951              159            
1              [10240/50000]       1.9090              37.8200             1.7553              160            
1              [10304/50000]       1.9380              41.6000             1.6315              161            
1              [10368/50000]       1.7765              36.7300             1.8454              162            
1              [10432/50000]       1.8111              41.8300             1.6393              163            
1              [10496/50000]       1.6178              43.4800             1.5739              164            
1              [10560/50000]       1.3506              45.8100             1.5184              165            
1              [10624/50000]       1.5382              45.0800             1.5721              166            
1              [10688/50000]       1.8709              38.4300             1.7643              167            
1              [10752/50000]       1.8518              45.0200             1.5485              168            
1              [10816/50000]       1.5676              41.8400             1.5982              169            
1              [10880/50000]       1.7444              43.5800             1.5668              170            
1              [10944/50000]       1.5241              39.1600             1.6343              171            
1              [11008/50000]       1.4458              44.0400             1.6150              172            
1              [11072/50000]       1.4107              40.1500             1.6607              173            
1              [11136/50000]       1.8372              40.1000             1.6665              174            
1              [11200/50000]       1.6859              41.5200             1.6821              175            
1              [11264/50000]       1.5850              45.3900             1.5586              176            
1              [11328/50000]       1.4747              44.9100             1.5353              177            
1              [11392/50000]       1.3582              40.6400             1.6915              178            
1              [11456/50000]       1.7909              38.6000             1.6999              179            
1              [11520/50000]       1.8862              40.8100             1.6757              180            
1              [11584/50000]       1.6213              41.1900             1.6170              181            
1              [11648/50000]       1.4019              47.1800             1.4939              182            
1              [11712/50000]       1.4652              40.2900             1.6423              183            
1              [11776/50000]       1.7048              42.1900             1.5676              184            
1              [11840/50000]       1.6464              43.0000             1.5944              185            
1              [11904/50000]       1.8192              46.6000             1.5314              186            
1              [11968/50000]       1.5098              44.3800             1.5423              187            
1              [12032/50000]       1.6043              45.7100             1.5158              188            
1              [12096/50000]       1.6145              44.1500             1.5534              189            
1              [12160/50000]       1.6851              47.5600             1.5059              190            
1              [12224/50000]       1.2331              46.1400             1.5275              191            
1              [12288/50000]       1.5228              43.7000             1.5802              192            
1              [12352/50000]       1.5112              41.7800             1.5921              193            
1              [12416/50000]       1.3745              44.8000             1.5659              194            
1              [12480/50000]       1.4116              42.8300             1.6296              195            
1              [12544/50000]       1.6824              45.0400             1.6097              196            
1              [12608/50000]       1.8130              41.8900             1.6402              197            
1              [12672/50000]       1.4503              43.7500             1.6404              198            
1              [12736/50000]       1.9601              39.6400             1.6989              199            
1              [12800/50000]       1.6438              42.9200             1.5969              200            
1              [12864/50000]       1.7925              46.9100             1.5205              201            
1              [12928/50000]       1.4919              46.6900             1.4954              202            
1              [12992/50000]       1.4366              42.0100             1.6029              203            
1              [13056/50000]       1.6619              40.5000             1.6978              204            
1              [13120/50000]       1.6730              46.3300             1.5125              205            
1              [13184/50000]       1.5657              43.5600             1.5738              206            
1              [13248/50000]       1.6008              42.9700             1.6024              207            
1              [13312/50000]       1.4883              44.9800             1.5471              208            
1              [13376/50000]       1.4802              40.4300             1.6702              209            
1              [13440/50000]       1.4716              46.5000             1.5443              210            
1              [13504/50000]       1.6843              42.2700             1.6552              211            
1              [13568/50000]       1.6230              39.6200             1.7392              212            
1              [13632/50000]       1.9622              41.9500             1.6347              213            
1              [13696/50000]       1.5330              34.9400             1.8384              214            
1              [13760/50000]       1.9071              42.6700             1.6483              215            
1              [13824/50000]       1.6806              42.0100             1.6647              216            
1              [13888/50000]       1.4651              44.2000             1.6021              217            
1              [13952/50000]       1.6542              40.7600             1.7015              218            
1              [14016/50000]       1.4612              42.8400             1.6063              219            
1              [14080/50000]       1.5410              42.5800             1.6251              220            
1              [14144/50000]       1.4148              48.2800             1.4636              221            
1              [14208/50000]       1.4405              44.0700             1.6036              222            
1              [14272/50000]       1.5597              44.6200             1.5548              223            
1              [14336/50000]       1.7007              40.5500             1.6681              224            
1              [14400/50000]       1.6383              45.7200             1.5145              225            
1              [14464/50000]       1.4115              44.7600             1.5512              226            
1              [14528/50000]       1.3438              44.2300             1.5434              227            
1              [14592/50000]       1.7016              45.5600             1.5683              228            
1              [14656/50000]       1.4881              45.5700             1.5214              229            
1              [14720/50000]       1.7741              47.8000             1.5145              230            
1              [14784/50000]       1.7673              43.4900             1.5634              231            
1              [14848/50000]       1.6510              45.3200             1.5329              232            
1              [14912/50000]       1.3957              46.4900             1.5179              233            
1              [14976/50000]       1.4395              45.1900             1.5494              234            
1              [15040/50000]       1.5307              45.0500             1.5359              235            
1              [15104/50000]       1.6237              44.4600             1.5589              236            
1              [15168/50000]       1.7798              44.4500             1.5439              237            
1              [15232/50000]       1.6840              45.8700             1.5136              238            
1              [15296/50000]       1.8372              43.5100             1.5594              239            
1              [15360/50000]       1.4636              44.7200             1.5385              240            
1              [15424/50000]       1.7328              44.5300             1.5899              241            
1              [15488/50000]       1.6821              48.5300             1.4559              242            
1              [15552/50000]       1.3600              45.9600             1.5053              243            
1              [15616/50000]       1.5310              43.2600             1.5564              244            
1              [15680/50000]       1.5744              47.4400             1.4796              245            
1              [15744/50000]       1.6412              45.0500             1.5352              246            
1              [15808/50000]       1.5770              46.7800             1.5260              247            
1              [15872/50000]       1.4724              45.3700             1.5373              248            
1              [15936/50000]       1.5288              46.2000             1.5536              249            
1              [16000/50000]       1.5257              42.5000             1.6405              250            
1              [16064/50000]       1.7623              47.5500             1.5054              251            
1              [16128/50000]       1.7077              45.2900             1.5825              252            
1              [16192/50000]       2.1204              36.3400             1.9269              253            
1              [16256/50000]       2.1554              34.9400             1.9454              254            
1              [16320/50000]       1.8982              39.0700             1.7674              255            
1              [16384/50000]       1.7061              45.7500             1.5251              256            
1              [16448/50000]       1.4655              46.8200             1.5044              257            
1              [16512/50000]       1.7261              48.0000             1.4744              258            
1              [16576/50000]       1.7843              47.4100             1.5045              259            
1              [16640/50000]       1.5900              47.6100             1.5129              260            
1              [16704/50000]       1.3929              46.1800             1.5080              261            
1              [16768/50000]       1.4430              47.0600             1.4871              262            
1              [16832/50000]       1.4216              48.0400             1.4510              263            
1              [16896/50000]       1.4790              47.5300             1.4810              264            
1              [16960/50000]       1.7419              47.0500             1.4817              265            
1              [17024/50000]       1.2219              45.8200             1.5191              266            
1              [17088/50000]       1.6339              42.4800             1.5541              267            
1              [17152/50000]       1.5582              47.7100             1.4861              268            
1              [17216/50000]       1.4992              47.6000             1.4730              269            
1              [17280/50000]       1.4093              44.8100             1.5518              270            
1              [17344/50000]       1.4174              43.8600             1.5728              271            
1              [17408/50000]       1.7534              48.9200             1.4512              272            
1              [17472/50000]       1.3988              46.0800             1.4991              273            
1              [17536/50000]       1.6025              42.2400             1.6488              274            
1              [17600/50000]       1.5437              46.3900             1.5326              275            
1              [17664/50000]       1.4810              47.6300             1.4813              276            
1              [17728/50000]       1.5189              47.0900             1.4858              277            
1              [17792/50000]       1.3380              48.7800             1.4373              278            
1              [17856/50000]       1.5146              46.8100             1.5013              279            
1              [17920/50000]       1.5388              47.7200             1.4830              280            
1              [17984/50000]       1.3262              46.9200             1.4804              281            
1              [18048/50000]       1.3918              41.4600             1.6459              282            
1              [18112/50000]       1.9062              43.6400             1.6255              283            
1              [18176/50000]       1.6944              45.1200             1.5383              284            
1              [18240/50000]       1.5213              45.3100             1.5211              285            
1              [18304/50000]       1.4389              45.7100             1.5159              286            
1              [18368/50000]       1.5498              47.9000             1.4886              287            
1              [18432/50000]       1.8250              42.2000             1.6152              288            
1              [18496/50000]       1.4927              46.7000             1.4769              289            
1              [18560/50000]       1.4695              44.9300             1.5444              290            
1              [18624/50000]       1.6587              47.9600             1.4849              291            
1              [18688/50000]       1.7545              43.7900             1.6088              292            
1              [18752/50000]       1.5841              42.3200             1.6250              293            
1              [18816/50000]       2.0450              37.4100             1.9306              294            
1              [18880/50000]       1.4368              41.2900             1.6819              295            
1              [18944/50000]       1.4681              44.7400             1.5597              296            
1              [19008/50000]       1.5128              46.0700             1.4940              297            
1              [19072/50000]       1.4387              46.7200             1.5081              298            
1              [19136/50000]       1.5949              47.0600             1.5368              299            
1              [19200/50000]       1.3955              45.8500             1.4982              300            
1              [19264/50000]       1.5303              45.9100             1.5115              301            
1              [19328/50000]       1.4441              44.5900             1.5563              302            
1              [19392/50000]       1.5543              47.3600             1.4674              303            
1              [19456/50000]       1.3838              45.3900             1.5146              304            
1              [19520/50000]       1.6427              48.1700             1.4741              305            
1              [19584/50000]       1.3112              47.5400             1.4590              306            
1              [19648/50000]       1.6081              43.7000             1.5752              307            
1              [19712/50000]       1.5621              43.9300             1.5587              308            
1              [19776/50000]       1.5752              47.1300             1.5018              309            
1              [19840/50000]       1.4806              46.9100             1.4961              310            
1              [19904/50000]       1.3330              47.5600             1.4890              311            
1              [19968/50000]       1.6427              45.3100             1.5344              312            
1              [20032/50000]       1.5946              44.4500             1.5962              313            
1              [20096/50000]       1.5981              43.6000             1.6041              314            
1              [20160/50000]       1.6938              49.0500             1.4411              315            
1              [20224/50000]       1.4391              42.7800             1.6139              316            
1              [20288/50000]       1.5953              45.4700             1.5617              317            
1              [20352/50000]       1.4828              48.8600             1.4658              318            
1              [20416/50000]       1.3842              48.1400             1.4580              319            
1              [20480/50000]       1.5499              45.3800             1.5542              320            
1              [20544/50000]       1.3849              47.5100             1.4808              321            
1              [20608/50000]       1.5535              45.8700             1.5464              322            
1              [20672/50000]       1.6331              45.5900             1.5268              323            
1              [20736/50000]       1.4819              47.5900             1.4852              324            
1              [20800/50000]       1.5646              47.3500             1.4767              325            
1              [20864/50000]       1.6753              45.1600             1.5648              326            
1              [20928/50000]       1.3837              45.6500             1.5228              327            
1              [20992/50000]       1.5197              48.4800             1.4572              328            
1              [21056/50000]       1.4504              48.8500             1.4546              329            
1              [21120/50000]       1.3989              45.6600             1.5471              330            
1              [21184/50000]       1.4774              43.3600             1.5601              331            
1              [21248/50000]       1.3986              49.2200             1.4365              332            
1              [21312/50000]       1.3647              45.4100             1.5261              333            
1              [21376/50000]       1.7229              44.1700             1.6098              334            
1              [21440/50000]       1.6034              45.5300             1.5044              335            
1              [21504/50000]       1.5267              42.1200             1.6320              336            
1              [21568/50000]       1.6751              46.1800             1.5122              337            
1              [21632/50000]       1.6989              47.3700             1.4870              338            
1              [21696/50000]       1.7246              41.6400             1.6382              339            
