Current_Epoch  Batch/Total         CE_Train            Accuracy(%)         CE_TEST             Batch_Number   
0              [0/60000]           --                  9.020               2.3021              0
1              [1024/60000]        2.2987              43.8000             1.7128              1              
1              [2048/60000]        1.7548              21.5900             4.1587              2              
1              [3072/60000]        4.2829              47.4000             4.4524              3              
1              [4096/60000]        4.1964              27.6400             6.5844              4              
1              [5120/60000]        6.5863              29.7300             5.9802              5              
1              [6144/60000]        6.1503              33.1200             5.3540              6              
1              [7168/60000]        5.3607              28.8000             4.9243              7              
1              [8192/60000]        4.8805              29.0600             4.1339              8              
1              [9216/60000]        4.2068              44.6700             3.9124              9              
1              [10240/60000]       3.3790              59.4100             2.2145              10             
1              [11264/60000]       2.1984              66.1800             1.0615              11             
1              [12288/60000]       1.0872              78.5600             0.6130              12             
1              [13312/60000]       0.6080              81.7100             0.5703              13             
1              [14336/60000]       0.6121              79.9600             0.5748              14             
1              [15360/60000]       0.6274              82.4300             0.5474              15             
1              [16384/60000]       0.5019              85.1800             0.4815              16             
1              [17408/60000]       0.5007              86.5100             0.4820              17             
1              [18432/60000]       0.4809              84.4100             0.4873              18             
1              [19456/60000]       0.5106              84.0000             0.5078              19             
1              [20480/60000]       0.5321              81.7400             0.5323              20             
1              [21504/60000]       0.5229              85.2300             0.4828              21             
1              [22528/60000]       0.5229              81.0900             0.5384              22             
1              [23552/60000]       0.5396              85.6600             0.4683              23             
1              [24576/60000]       0.4946              84.5000             0.4780              24             
1              [25600/60000]       0.4907              85.1800             0.4792              25             
1              [26624/60000]       0.4563              85.3000             0.4639              26             
1              [27648/60000]       0.5090              84.8300             0.4853              27             
1              [28672/60000]       0.4795              84.2200             0.4939              28             
1              [29696/60000]       0.4877              86.1400             0.4526              29             
1              [30720/60000]       0.4365              84.5800             0.4849              30             
1              [31744/60000]       0.5320              86.5200             0.4408              31             
1              [32768/60000]       0.5087              87.1100             0.4180              32             
1              [33792/60000]       0.4299              87.5400             0.4153              33             
1              [34816/60000]       0.4205              88.4100             0.3878              34             
1              [35840/60000]       0.4014              88.7800             0.3914              35             
1              [36864/60000]       0.4107              88.7600             0.3763              36             
1              [37888/60000]       0.4428              89.5200             0.3693              37             
1              [38912/60000]       0.4107              88.8100             0.3712              38             
1              [39936/60000]       0.4073              88.8500             0.3893              39             
1              [40960/60000]       0.4058              88.0400             0.3889              40             
1              [41984/60000]       0.4334              87.7900             0.4037              41             
1              [43008/60000]       0.4091              87.1700             0.4179              42             
1              [44032/60000]       0.4040              87.3800             0.4289              43             
1              [45056/60000]       0.4919              88.1100             0.3908              44             
1              [46080/60000]       0.4951              85.9000             0.4660              45             
1              [47104/60000]       0.4987              85.8200             0.4607              46             
1              [48128/60000]       0.4817              87.2000             0.4256              47             
1              [49152/60000]       0.4242              88.6500             0.3819              48             
1              [50176/60000]       0.4088              89.9400             0.3458              49             
1              [51200/60000]       0.3695              91.2200             0.3198              50             
1              [52224/60000]       0.3447              89.8600             0.3333              51             
1              [53248/60000]       0.3033              88.7800             0.3696              52             
1              [54272/60000]       0.4008              88.3200             0.3567              53             
1              [55296/60000]       0.3884              87.3000             0.3967              54             
1              [56320/60000]       0.3892              88.3400             0.3675              55             
1              [57344/60000]       0.4402              87.0200             0.3952              56             
1              [58368/60000]       0.4600              85.9800             0.4167              57             
1              [59392/60000]       0.4217              86.6300             0.4081              58             
1              [35872/60000]       0.3251              90.2700             0.3199              59             
2              [1024/60000]        0.3198              91.2400             0.3097              60             
2              [2048/60000]        0.3382              91.4200             0.2937              61             
2              [3072/60000]        0.3070              90.8500             0.3129              62             
2              [4096/60000]        0.3662              90.4600             0.3179              63             
2              [5120/60000]        0.3244              90.1500             0.3318              64             
2              [6144/60000]        0.3364              90.8600             0.3108              65             
2              [7168/60000]        0.3769              91.0800             0.3123              66             
2              [8192/60000]        0.3241              89.9100             0.3377              67             
2              [9216/60000]        0.3278              89.7200             0.3394              68             
2              [10240/60000]       0.3665              87.6300             0.3898              69             
2              [11264/60000]       0.3561              90.2500             0.3318              70             
2              [12288/60000]       0.4224              90.3600             0.3220              71             
2              [13312/60000]       0.3496              91.2200             0.3048              72             
2              [14336/60000]       0.3461              91.3200             0.2950              73             
2              [15360/60000]       0.3064              92.1200             0.2780              74             
2              [16384/60000]       0.2910              92.6100             0.2628              75             
2              [17408/60000]       0.2659              92.5900             0.2613              76             
2              [18432/60000]       0.2787              92.7400             0.2618              77             
2              [19456/60000]       0.2566              92.3400             0.2618              78             
2              [20480/60000]       0.2807              92.5800             0.2584              79             
2              [21504/60000]       0.2544              92.5800             0.2640              80             
2              [22528/60000]       0.2684              92.5700             0.2626              81             
2              [23552/60000]       0.2509              92.1600             0.2700              82             
2              [24576/60000]       0.3144              92.5600             0.2612              83             
2              [25600/60000]       0.2698              92.5100             0.2617              84             
2              [26624/60000]       0.2399              92.3800             0.2624              85             
2              [27648/60000]       0.2688              91.5600             0.2838              86             
2              [28672/60000]       0.3325              88.4900             0.3682              87             
2              [29696/60000]       0.3674              86.2500             0.4342              88             
2              [30720/60000]       0.4203              86.5700             0.4251              89             
2              [31744/60000]       0.5053              88.4700             0.3579              90             
2              [32768/60000]       0.3878              90.2400             0.3198              91             
2              [33792/60000]       0.2968              92.8100             0.2491              92             
2              [34816/60000]       0.2667              93.0600             0.2386              93             
2              [35840/60000]       0.2259              92.3500             0.2578              94             
2              [36864/60000]       0.2479              91.7100             0.2702              95             
2              [37888/60000]       0.2957              90.4500             0.3089              96             
2              [38912/60000]       0.3345              90.1900             0.3089              97             
2              [39936/60000]       0.3360              88.6800             0.3511              98             
2              [40960/60000]       0.4055              89.1900             0.3275              99             
2              [41984/60000]       0.3127              90.9500             0.2972              100            
2              [43008/60000]       0.3326              92.4800             0.2497              101            
2              [44032/60000]       0.2810              92.6100             0.2518              102            
2              [45056/60000]       0.2270              92.8000             0.2433              103            
2              [46080/60000]       0.2530              93.3000             0.2329              104            
2              [47104/60000]       0.2739              93.3500             0.2308              105            
2              [48128/60000]       0.2542              93.2500             0.2366              106            
2              [49152/60000]       0.2481              93.3600             0.2383              107            
2              [50176/60000]       0.2433              93.0200             0.2361              108            
2              [51200/60000]       0.2298              93.4200             0.2301              109            
2              [52224/60000]       0.2852              92.3500             0.2496              110            
2              [53248/60000]       0.2578              92.2600             0.2697              111            
2              [54272/60000]       0.2749              92.7700             0.2440              112            
2              [55296/60000]       0.2262              93.4700             0.2238              113            
2              [56320/60000]       0.2203              93.5600             0.2203              114            
2              [57344/60000]       0.2306              93.9500             0.2128              115            
2              [58368/60000]       0.2010              93.5800             0.2178              116            
2              [59392/60000]       0.2446              93.4200             0.2240              117            
2              [35872/60000]       0.2312              94.0800             0.2148              118            
3              [1024/60000]        0.2333              93.9800             0.2108              119            
3              [2048/60000]        0.2197              93.7000             0.2113              120            
3              [3072/60000]        0.2426              93.6200             0.2254              121            
3              [4096/60000]        0.2499              93.5100             0.2164              122            
3              [5120/60000]        0.2078              93.7800             0.2165              123            
3              [6144/60000]        0.2518              93.6900             0.2200              124            
3              [7168/60000]        0.2334              93.4700             0.2265              125            
3              [8192/60000]        0.2265              94.2600             0.1995              126            
3              [9216/60000]        0.1846              94.2100             0.2010              127            
3              [10240/60000]       0.2291              93.9500             0.2073              128            
3              [11264/60000]       0.2211              93.7300             0.2142              129            
3              [12288/60000]       0.2222              93.8700             0.2089              130            
3              [13312/60000]       0.2111              93.7300             0.2155              131            
3              [14336/60000]       0.1967              94.0500             0.2017              132            
3              [15360/60000]       0.1640              94.1000             0.2034              133            
3              [16384/60000]       0.2337              94.1000             0.2058              134            
3              [17408/60000]       0.2546              94.0500             0.2031              135            
3              [18432/60000]       0.2008              94.3500             0.1996              136            
3              [19456/60000]       0.2062              94.0100             0.2060              137            
3              [20480/60000]       0.2283              93.8300             0.2145              138            
3              [21504/60000]       0.1861              93.9300             0.2033              139            
3              [22528/60000]       0.2148              94.2000             0.2021              140            
3              [23552/60000]       0.2165              94.0600             0.1993              141            
3              [24576/60000]       0.2387              93.1200             0.2274              142            
3              [25600/60000]       0.2074              92.9200             0.2242              143            
3              [26624/60000]       0.1996              93.0600             0.2308              144            
3              [27648/60000]       0.2057              94.0300             0.2011              145            
3              [28672/60000]       0.2235              93.7800             0.2141              146            
3              [29696/60000]       0.1970              93.7300             0.2070              147            
3              [30720/60000]       0.2246              93.8900             0.2031              148            
3              [31744/60000]       0.2008              93.9300             0.2049              149            
3              [32768/60000]       0.2088              94.3900             0.1934              150            
3              [33792/60000]       0.2039              94.9000             0.1806              151            
3              [34816/60000]       0.1888              94.8800             0.1797              152            
3              [35840/60000]       0.2152              94.7500             0.1854              153            
3              [36864/60000]       0.1613              94.4700             0.1860              154            
3              [37888/60000]       0.1725              94.6700             0.1816              155            
3              [38912/60000]       0.2003              94.9900             0.1760              156            
3              [39936/60000]       0.1966              95.0400             0.1745              157            
3              [40960/60000]       0.1403              94.8300             0.1776              158            
3              [41984/60000]       0.1931              95.1000             0.1713              159            
3              [43008/60000]       0.1807              94.8900             0.1767              160            
3              [44032/60000]       0.1969              95.0400             0.1769              161            
3              [45056/60000]       0.2079              95.1600             0.1702              162            
3              [46080/60000]       0.2033              94.2300             0.1883              163            
3              [47104/60000]       0.1977              95.0100             0.1736              164            
3              [48128/60000]       0.1796              94.6900             0.1755              165            
3              [49152/60000]       0.1978              94.7100             0.1777              166            
3              [50176/60000]       0.1844              94.1600             0.1870              167            
3              [51200/60000]       0.1878              93.8600             0.2029              168            
3              [52224/60000]       0.2204              92.6500             0.2411              169            
3              [53248/60000]       0.2779              92.2400             0.2437              170            
3              [54272/60000]       0.2490              90.3000             0.3171              171            
3              [55296/60000]       0.3517              89.0000             0.3300              172            
3              [56320/60000]       0.4054              88.5000             0.3841              173            
3              [57344/60000]       0.4006              92.3400             0.2517              174            
3              [58368/60000]       0.2504              94.8100             0.1701              175            
3              [59392/60000]       0.1465              94.4500             0.1830              176            
3              [35872/60000]       0.1456              94.7400             0.1733              177            
4              [1024/60000]        0.1648              95.0300             0.1713              178            
4              [2048/60000]        0.1823              95.5000             0.1539              179            
4              [3072/60000]        0.1414              95.5500             0.1543              180            
4              [4096/60000]        0.1721              95.5200             0.1523              181            
4              [5120/60000]        0.1301              95.4500             0.1536              182            
4              [6144/60000]        0.1668              95.5300             0.1533              183            
4              [7168/60000]        0.1807              95.6300             0.1558              184            
4              [8192/60000]        0.1301              95.5900             0.1515              185            
4              [9216/60000]        0.1520              95.4900             0.1542              186            
4              [10240/60000]       0.1800              95.0100             0.1682              187            
4              [11264/60000]       0.1530              94.9500             0.1711              188            
4              [12288/60000]       0.1700              94.4600             0.1821              189            
4              [13312/60000]       0.1957              93.7200             0.2047              190            
4              [14336/60000]       0.1875              94.3500             0.1821              191            
4              [15360/60000]       0.2061              93.2500             0.2161              192            
4              [16384/60000]       0.2250              93.7800             0.2003              193            
4              [17408/60000]       0.2174              94.4900             0.1864              194            
4              [18432/60000]       0.1975              94.2700             0.1779              195            
4              [19456/60000]       0.1799              94.6400             0.1820              196            
4              [20480/60000]       0.1718              95.5900             0.1492              197            
4              [21504/60000]       0.1690              95.6600             0.1489              198            
4              [22528/60000]       0.1188              95.8700             0.1446              199            
4              [23552/60000]       0.1550              95.8100             0.1426              200            
4              [24576/60000]       0.1418              95.8700             0.1436              201            
4              [25600/60000]       0.1403              95.9200             0.1420              202            
4              [26624/60000]       0.1724              95.8100             0.1453              203            
4              [27648/60000]       0.1501              95.5900             0.1455              204            
4              [28672/60000]       0.1517              95.4900             0.1508              205            
4              [29696/60000]       0.1492              95.4700             0.1525              206            
4              [30720/60000]       0.1953              94.8000             0.1681              207            
4              [31744/60000]       0.1660              94.9900             0.1710              208            
4              [32768/60000]       0.1255              95.6200             0.1454              209            
4              [33792/60000]       0.1782              95.6200             0.1491              210            
4              [34816/60000]       0.1666              95.6000             0.1454              211            
4              [35840/60000]       0.1542              96.2000             0.1337              212            
4              [36864/60000]       0.1418              96.0400             0.1335              213            
4              [37888/60000]       0.1191              96.1400             0.1362              214            
4              [38912/60000]       0.1338              96.0900             0.1307              215            
4              [39936/60000]       0.1656              95.9200             0.1387              216            
4              [40960/60000]       0.1448              96.1300             0.1344              217            
4              [41984/60000]       0.1224              96.3500             0.1287              218            
4              [43008/60000]       0.1316              95.7800             0.1390              219            
4              [44032/60000]       0.1349              96.1000             0.1341              220            
4              [45056/60000]       0.1428              96.0800             0.1295              221            
4              [46080/60000]       0.1368              95.9000             0.1347              222            
4              [47104/60000]       0.1262              95.9900             0.1339              223            
4              [48128/60000]       0.1662              96.1800             0.1333              224            
4              [49152/60000]       0.1310              96.3000             0.1303              225            
4              [50176/60000]       0.1523              95.8100             0.1397              226            
4              [51200/60000]       0.1237              96.4200             0.1243              227            
4              [52224/60000]       0.1147              96.3000             0.1236              228            
4              [53248/60000]       0.1153              96.2700             0.1263              229            
4              [54272/60000]       0.1223              95.8700             0.1336              230            
4              [55296/60000]       0.1312              96.4100             0.1245              231            
4              [56320/60000]       0.1335              95.7900             0.1413              232            
4              [57344/60000]       0.1452              95.9900             0.1345              233            
4              [58368/60000]       0.1519              95.9400             0.1337              234            
4              [59392/60000]       0.1570              95.8100             0.1338              235            
4              [35872/60000]       0.1259              95.3100             0.1478              236            
5              [1024/60000]        0.1235              95.8600             0.1339              237            
5              [2048/60000]        0.1605              95.4900             0.1422              238            
5              [3072/60000]        0.1374              95.2600             0.1459              239            
5              [4096/60000]        0.1431              95.1400             0.1562              240            
5              [5120/60000]        0.1333              95.6900             0.1380              241            
5              [6144/60000]        0.1437              96.0100             0.1281              242            
5              [7168/60000]        0.0903              96.5100             0.1163              243            
5              [8192/60000]        0.1560              95.9300             0.1347              244            
5              [9216/60000]        0.1814              95.1700             0.1547              245            
5              [10240/60000]       0.1338              95.5300             0.1461              246            
5              [11264/60000]       0.1599              95.5000             0.1413              247            
5              [12288/60000]       0.1241              95.9100             0.1325              248            
5              [13312/60000]       0.1201              96.0300             0.1277              249            
5              [14336/60000]       0.1427              96.0700             0.1290              250            
5              [15360/60000]       0.1363              96.0200             0.1261              251            
5              [16384/60000]       0.1144              96.0800             0.1288              252            
5              [17408/60000]       0.1355              95.5400             0.1360              253            
5              [18432/60000]       0.1206              95.7500             0.1372              254            
5              [19456/60000]       0.1437              95.7100             0.1327              255            
5              [20480/60000]       0.1149              96.2100             0.1240              256            
5              [21504/60000]       0.1205              96.6000             0.1113              257            
5              [22528/60000]       0.1064              96.7500             0.1108              258            
5              [23552/60000]       0.0965              96.4900             0.1150              259            
5              [24576/60000]       0.1085              96.5200             0.1162              260            
5              [25600/60000]       0.1054              96.3500             0.1208              261            
5              [26624/60000]       0.1225              96.4700             0.1163              262            
5              [27648/60000]       0.1421              96.1100             0.1291              263            
5              [28672/60000]       0.1218              96.0700             0.1265              264            
5              [29696/60000]       0.1102              96.6100             0.1110              265            
5              [30720/60000]       0.1168              96.5200             0.1127              266            
5              [31744/60000]       0.0881              96.7500             0.1074              267            
5              [32768/60000]       0.0919              96.5500             0.1141              268            
5              [33792/60000]       0.0865              96.7600             0.1083              269            
5              [34816/60000]       0.0908              96.4600             0.1135              270            
5              [35840/60000]       0.1187              96.5600             0.1115              271            
5              [36864/60000]       0.1052              96.5900             0.1116              272            
5              [37888/60000]       0.1441              96.8100             0.1079              273            
5              [38912/60000]       0.1078              96.9500             0.1033              274            
5              [39936/60000]       0.1269              96.9300             0.1081              275            
5              [40960/60000]       0.1274              96.7900             0.1051              276            
5              [41984/60000]       0.1056              96.7700             0.1075              277            
5              [43008/60000]       0.1042              96.7400             0.1060              278            
5              [44032/60000]       0.0753              96.9200             0.1006              279            
5              [45056/60000]       0.1136              96.8600             0.0998              280            
5              [46080/60000]       0.1105              96.6900             0.1107              281            
5              [47104/60000]       0.1291              96.3000             0.1152              282            
5              [48128/60000]       0.1021              96.8800             0.1059              283            
5              [49152/60000]       0.0979              96.6800             0.1083              284            
5              [50176/60000]       0.1010              96.5300             0.1139              285            
5              [51200/60000]       0.1305              96.0300             0.1302              286            
5              [52224/60000]       0.1602              93.7800             0.1990              287            
5              [53248/60000]       0.1709              93.8700             0.1825              288            
5              [54272/60000]       0.1967              93.2900             0.2029              289            
5              [55296/60000]       0.2569              90.8900             0.2643              290            
5              [56320/60000]       0.2892              89.6000             0.3170              291            
5              [57344/60000]       0.3456              90.9500             0.2769              292            
5              [58368/60000]       0.2795              93.6700             0.2002              293            
5              [59392/60000]       0.1930              93.1000             0.2243              294            
5              [35872/60000]       0.2114              92.3800             0.2339              295            
6              [1024/60000]        0.2399              87.3300             0.4689              296            
6              [2048/60000]        0.5680              81.7400             0.5571              297            
6              [3072/60000]        0.5738              86.9600             0.5108              298            
6              [4096/60000]        0.5634              96.1300             0.1233              299            
6              [5120/60000]        0.1015              96.6300             0.1120              300            
6              [6144/60000]        0.1094              96.7800             0.1074              301            
6              [7168/60000]        0.1041              96.7400             0.1047              302            
6              [8192/60000]        0.0931              96.8200             0.1006              303            
6              [9216/60000]        0.0940              96.7600             0.1048              304            
6              [10240/60000]       0.1383              96.9000             0.1043              305            
6              [11264/60000]       0.0893              96.9200             0.1004              306            
6              [12288/60000]       0.0816              96.9300             0.1005              307            
6              [13312/60000]       0.0900              96.7100             0.1030              308            
6              [14336/60000]       0.0985              96.9400             0.0996              309            
6              [15360/60000]       0.0902              96.9900             0.1014              310            
6              [16384/60000]       0.0892              97.0700             0.0987              311            
6              [17408/60000]       0.1000              96.8400             0.1053              312            
6              [18432/60000]       0.1104              96.9100             0.1012              313            
6              [19456/60000]       0.1037              96.9600             0.0996              314            
6              [20480/60000]       0.1191              96.9300             0.1003              315            
6              [21504/60000]       0.0887              96.7800             0.1010              316            
6              [22528/60000]       0.1358              96.5200             0.1162              317            
6              [23552/60000]       0.0970              96.5500             0.1056              318            
6              [24576/60000]       0.0950              97.0500             0.0951              319            
6              [25600/60000]       0.1089              97.1500             0.0928              320            
6              [26624/60000]       0.0743              97.1800             0.0914              321            
6              [27648/60000]       0.0832              97.1200             0.0924              322            
6              [28672/60000]       0.0911              97.2000             0.0934              323            
6              [29696/60000]       0.0934              97.2200             0.0906              324            
6              [30720/60000]       0.0778              97.1300             0.0942              325            
6              [31744/60000]       0.1037              97.0300             0.0947              326            
6              [32768/60000]       0.0909              97.0900             0.0952              327            
6              [33792/60000]       0.1057              96.9800             0.0992              328            
6              [34816/60000]       0.1017              96.9000             0.0989              329            
6              [35840/60000]       0.1148              97.0300             0.0947              330            
6              [36864/60000]       0.0962              97.1600             0.0935              331            
6              [37888/60000]       0.0855              96.8300             0.1001              332            
6              [38912/60000]       0.0938              97.1300             0.0938              333            
6              [39936/60000]       0.1086              97.1900             0.0916              334            
6              [40960/60000]       0.0952              97.1900             0.0902              335            
6              [41984/60000]       0.0695              97.2100             0.0923              336            
6              [43008/60000]       0.1116              97.2200             0.0911              337            
6              [44032/60000]       0.0901              97.2200             0.0884              338            
6              [45056/60000]       0.1046              97.1800             0.0917              339            
6              [46080/60000]       0.1127              97.0600             0.0926              340            
6              [47104/60000]       0.0889              97.2900             0.0887              341            
6              [48128/60000]       0.0745              97.1600             0.0911              342            
6              [49152/60000]       0.0856              97.1400             0.0900              343            
6              [50176/60000]       0.1175              97.3500             0.0862              344            
6              [51200/60000]       0.0578              97.3100             0.0862              345            
6              [52224/60000]       0.0852              97.2000             0.0880              346            
6              [53248/60000]       0.0828              97.1400             0.0889              347            
6              [54272/60000]       0.0762              97.1400             0.0923              348            
6              [55296/60000]       0.0959              97.2100             0.0898              349            
6              [56320/60000]       0.0879              97.2400             0.0867              350            
6              [57344/60000]       0.0848              97.3700             0.0866              351            
6              [58368/60000]       0.1066              97.0300             0.0918              352            
6              [59392/60000]       0.1105              96.9100             0.0989              353            
6              [35872/60000]       0.0978              96.6000             0.1062              354            
7              [1024/60000]        0.0711              97.3400             0.0876              355            
7              [2048/60000]        0.0468              97.2900             0.0872              356            
7              [3072/60000]        0.0718              97.2200             0.0850              357            
7              [4096/60000]        0.0621              97.3700             0.0855              358            
7              [5120/60000]        0.0936              97.3500             0.0863              359            
7              [6144/60000]        0.0805              97.4100             0.0822              360            
7              [7168/60000]        0.0853              97.2600             0.0863              361            
7              [8192/60000]        0.0962              97.3800             0.0865              362            
7              [9216/60000]        0.0536              97.3600             0.0865              363            
7              [10240/60000]       0.0888              97.0900             0.0848              364            
7              [11264/60000]       0.0878              97.3600             0.0830              365            
7              [12288/60000]       0.0653              97.3600             0.0838              366            
7              [13312/60000]       0.0667              97.3400             0.0830              367            
7              [14336/60000]       0.0831              97.1700             0.0892              368            
7              [15360/60000]       0.0879              97.3800             0.0813              369            
7              [16384/60000]       0.0891              97.4300             0.0806              370            
7              [17408/60000]       0.0762              97.4400             0.0811              371            
7              [18432/60000]       0.1015              97.6100             0.0794              372            
7              [19456/60000]       0.0704              97.5000             0.0799              373            
7              [20480/60000]       0.0764              97.2600             0.0844              374            
7              [21504/60000]       0.0827              97.3300             0.0837              375            
7              [22528/60000]       0.0618              97.3800             0.0821              376            
7              [23552/60000]       0.0645              97.4300             0.0820              377            
7              [24576/60000]       0.0705              97.4400             0.0846              378            
7              [25600/60000]       0.0806              97.0600             0.0889              379            
7              [26624/60000]       0.0718              97.3100             0.0854              380            
7              [27648/60000]       0.0849              97.3400             0.0848              381            
7              [28672/60000]       0.0810              97.4200             0.0833              382            
7              [29696/60000]       0.0882              97.1100             0.0889              383            
7              [30720/60000]       0.1014              96.8900             0.0968              384            
7              [31744/60000]       0.0957              97.2900             0.0857              385            
7              [32768/60000]       0.0840              97.3400             0.0862              386            
7              [33792/60000]       0.0589              97.3500             0.0844              387            
7              [34816/60000]       0.0600              97.4800             0.0815              388            
7              [35840/60000]       0.0923              97.4000             0.0834              389            
7              [36864/60000]       0.0891              97.4900             0.0778              390            
7              [37888/60000]       0.0803              97.5200             0.0792              391            
7              [38912/60000]       0.0839              97.4100             0.0814              392            
7              [39936/60000]       0.0630              97.4300             0.0807              393            
7              [40960/60000]       0.0794              97.4300             0.0801              394            
7              [41984/60000]       0.0680              97.4300             0.0817              395            
7              [43008/60000]       0.0683              97.3200             0.0819              396            
7              [44032/60000]       0.0940              97.5000             0.0785              397            
7              [45056/60000]       0.0824              97.4600             0.0785              398            
7              [46080/60000]       0.0602              97.4600             0.0793              399            
7              [47104/60000]       0.0816              97.5900             0.0751              400            
7              [48128/60000]       0.0972              97.4700             0.0779              401            
7              [49152/60000]       0.0755              97.4300             0.0774              402            
7              [50176/60000]       0.0702              97.3200             0.0821              403            
7              [51200/60000]       0.0665              97.2700             0.0842              404            
7              [52224/60000]       0.0586              97.4000             0.0823              405            
7              [53248/60000]       0.0681              97.5400             0.0768              406            
7              [54272/60000]       0.0455              97.5700             0.0744              407            
7              [55296/60000]       0.0609              97.4100             0.0792              408            
7              [56320/60000]       0.0828              97.6000             0.0761              409            
7              [57344/60000]       0.0872              97.5700             0.0763              410            
7              [58368/60000]       0.0764              97.4400             0.0847              411            
7              [59392/60000]       0.0618              97.2900             0.0883              412            
7              [35872/60000]       0.1027              96.1000             0.1180              413            
8              [1024/60000]        0.1074              95.5100             0.1345              414            
8              [2048/60000]        0.1037              95.5400             0.1354              415            
8              [3072/60000]        0.1042              97.0900             0.0892              416            
8              [4096/60000]        0.0977              97.0800             0.0867              417            
8              [5120/60000]        0.0659              97.2700             0.0868              418            
8              [6144/60000]        0.0564              97.3200             0.0840              419            
8              [7168/60000]        0.0865              97.4200             0.0802              420            
8              [8192/60000]        0.0614              96.9300             0.0942              421            
8              [9216/60000]        0.1028              95.1000             0.1399              422            
8              [10240/60000]       0.1224              90.2700             0.3325              423            
8              [11264/60000]       0.3178              86.4200             0.7009              424            
8              [12288/60000]       0.6923              86.9600             0.6018              425            
8              [13312/60000]       0.5200              92.1800             0.2430              426            
8              [14336/60000]       0.2220              88.4000             0.4589              427            
8              [15360/60000]       0.4172              87.5600             0.6117              428            
8              [16384/60000]       0.6044              87.6100             0.4848              429            
8              [17408/60000]       0.5506              89.8000             0.4480              430            
8              [18432/60000]       0.4240              94.5400             0.1699              431            
8              [19456/60000]       0.1379              96.2500             0.1184              432            
8              [20480/60000]       0.1005              97.1200             0.0954              433            
8              [21504/60000]       0.1100              97.1600             0.0902              434            
8              [22528/60000]       0.0750              97.2800             0.0864              435            
8              [23552/60000]       0.0737              97.2500             0.0861              436            
8              [24576/60000]       0.0803              97.1000             0.0888              437            
8              [25600/60000]       0.0859              97.1700             0.0867              438            
8              [26624/60000]       0.0869              97.2400             0.0853              439            
8              [27648/60000]       0.0439              97.3200             0.0823              440            
8              [28672/60000]       0.0629              97.2600             0.0868              441            
8              [29696/60000]       0.1039              97.3100             0.0813              442            
8              [30720/60000]       0.0772              97.2900             0.0791              443            
8              [31744/60000]       0.0783              97.3800             0.0784              444            
8              [32768/60000]       0.0557              97.4200             0.0782              445            
8              [33792/60000]       0.0533              97.3800             0.0774              446            
8              [34816/60000]       0.0773              97.4300             0.0778              447            
8              [35840/60000]       0.0676              97.3600             0.0801              448            
8              [36864/60000]       0.1053              97.4000             0.0824              449            
8              [37888/60000]       0.0635              97.4300             0.0796              450            
8              [38912/60000]       0.0683              97.4800             0.0785              451            
8              [39936/60000]       0.0823              97.3600             0.0789              452            
8              [40960/60000]       0.0612              97.5200             0.0783              453            
8              [41984/60000]       0.0637              97.5700             0.0763              454            
8              [43008/60000]       0.0680              97.5800             0.0761              455            
8              [44032/60000]       0.0677              97.5700             0.0754              456            
8              [45056/60000]       0.0572              97.4500             0.0762              457            
8              [46080/60000]       0.0646              97.4500             0.0782              458            
8              [47104/60000]       0.0751              97.5200             0.0772              459            
8              [48128/60000]       0.0606              97.3800             0.0818              460            
8              [49152/60000]       0.0632              97.6200             0.0738              461            
8              [50176/60000]       0.0847              97.7100             0.0743              462            
8              [51200/60000]       0.0733              97.6000             0.0770              463            
8              [52224/60000]       0.0616              97.5800             0.0759              464            
8              [53248/60000]       0.0718              97.6500             0.0716              465            
8              [54272/60000]       0.0834              97.5400             0.0738              466            
8              [55296/60000]       0.0777              97.6000             0.0760              467            
8              [56320/60000]       0.0809              97.5900             0.0722              468            
8              [57344/60000]       0.0842              97.5100             0.0780              469            
8              [58368/60000]       0.0674              97.5800             0.0770              470            
8              [59392/60000]       0.0831              97.4500             0.0775              471            
8              [35872/60000]       0.0878              97.5700             0.0731              472            
9              [1024/60000]        0.0482              97.6700             0.0714              473            
9              [2048/60000]        0.0850              97.6700             0.0739              474            
9              [3072/60000]        0.0662              97.5400             0.0760              475            
9              [4096/60000]        0.0748              97.6200             0.0739              476            
9              [5120/60000]        0.0587              97.5400             0.0754              477            
9              [6144/60000]        0.0663              97.5600             0.0767              478            
9              [7168/60000]        0.0609              97.5500             0.0758              479            
9              [8192/60000]        0.0858              97.7500             0.0702              480            
9              [9216/60000]        0.0507              97.7200             0.0698              481            
9              [10240/60000]       0.0710              97.3300             0.0791              482            
9              [11264/60000]       0.0663              97.7400             0.0716              483            
9              [12288/60000]       0.0549              97.5200             0.0756              484            
9              [13312/60000]       0.0870              97.6600             0.0713              485            
9              [14336/60000]       0.0585              97.7700             0.0718              486            
9              [15360/60000]       0.0510              97.5300             0.0753              487            
9              [16384/60000]       0.0571              97.6500             0.0749              488            
9              [17408/60000]       0.0396              97.6900             0.0709              489            
9              [18432/60000]       0.0538              97.2900             0.0815              490            
9              [19456/60000]       0.0627              97.7200             0.0724              491            
9              [20480/60000]       0.0487              97.6800             0.0714              492            
9              [21504/60000]       0.0456              97.7900             0.0695              493            
9              [22528/60000]       0.0446              97.6200             0.0733              494            
9              [23552/60000]       0.0400              97.5800             0.0717              495            
9              [24576/60000]       0.0795              97.6400             0.0733              496            
9              [25600/60000]       0.0858              97.5900             0.0761              497            
9              [26624/60000]       0.0845              97.7100             0.0725              498            
9              [27648/60000]       0.0600              97.7400             0.0706              499            
9              [28672/60000]       0.0770              97.7900             0.0711              500            
9              [29696/60000]       0.0451              97.6900             0.0701              501            
9              [30720/60000]       0.0629              97.6100             0.0717              502            
9              [31744/60000]       0.0733              97.6300             0.0729              503            
9              [32768/60000]       0.0480              97.8500             0.0693              504            
9              [33792/60000]       0.0586              97.6600             0.0707              505            
9              [34816/60000]       0.0497              97.7200             0.0683              506            
9              [35840/60000]       0.0607              97.8800             0.0685              507            
9              [36864/60000]       0.0606              97.6400             0.0767              508            
9              [37888/60000]       0.0759              97.1700             0.0813              509            
9              [38912/60000]       0.0623              97.5300             0.0742              510            
9              [39936/60000]       0.0732              97.7200             0.0693              511            
9              [40960/60000]       0.0935              97.7500             0.0706              512            
9              [41984/60000]       0.0721              97.7100             0.0702              513            
9              [43008/60000]       0.0670              97.6200             0.0783              514            
9              [44032/60000]       0.0726              97.5100             0.0718              515            
9              [45056/60000]       0.0458              97.7900             0.0685              516            
9              [46080/60000]       0.0440              97.7200             0.0690              517            
9              [47104/60000]       0.0658              97.8100             0.0666              518            
9              [48128/60000]       0.0524              97.9100             0.0654              519            
9              [49152/60000]       0.0426              97.8700             0.0661              520            
9              [50176/60000]       0.0496              97.6800             0.0698              521            
9              [51200/60000]       0.0539              97.8500             0.0672              522            
9              [52224/60000]       0.0454              97.8900             0.0671              523            
9              [53248/60000]       0.0484              97.8000             0.0699              524            
9              [54272/60000]       0.0536              97.7100             0.0749              525            
9              [55296/60000]       0.0714              97.8100             0.0707              526            
9              [56320/60000]       0.0541              97.6800             0.0690              527            
9              [57344/60000]       0.0675              97.6400             0.0736              528            
9              [58368/60000]       0.0609              97.8400             0.0691              529            
9              [59392/60000]       0.0524              97.6100             0.0722              530            
9              [35872/60000]       0.0668              97.7700             0.0724              531            
10             [1024/60000]        0.0459              97.6100             0.0715              532            
10             [2048/60000]        0.0440              97.7900             0.0686              533            
10             [3072/60000]        0.0399              97.8700             0.0674              534            
10             [4096/60000]        0.0485              97.8300             0.0689              535            
10             [5120/60000]        0.0539              97.7300             0.0702              536            
10             [6144/60000]        0.0497              97.6200             0.0725              537            
10             [7168/60000]        0.0471              97.6100             0.0722              538            
10             [8192/60000]        0.0549              97.7700             0.0727              539            
