Current_Epoch  Batch/Total         CE_Train            Accuracy(%)         CE_TEST             Batch_Number   
0              [0/50000]           --                  9.020               4.6120              0
1              [1024/50000]        4.6095              2.0800              6.2580              1              
1              [2048/50000]        6.2508              1.3400              11.4119             2              
1              [3072/50000]        11.0988             1.4400              12.6213             3              
1              [4096/50000]        12.4487             1.9200              14.9453             4              
1              [5120/50000]        14.6509             1.8400              11.2524             5              
1              [6144/50000]        11.1908             2.0000              11.4264             6              
1              [7168/50000]        11.6575             2.6900              9.2643              7              
1              [8192/50000]        9.1464              2.4800              8.3998              8              
1              [9216/50000]        8.2719              2.7100              7.3492              9              
1              [10240/50000]       7.3658              1.8000              6.2634              10             
1              [11264/50000]       6.4620              2.0600              5.9273              11             
1              [12288/50000]       5.9548              3.1600              5.3937              12             
1              [13312/50000]       5.4608              5.8600              4.8706              13             
1              [14336/50000]       4.8808              6.3700              4.5842              14             
1              [15360/50000]       4.5095              7.5800              4.4408              15             
1              [16384/50000]       4.4329              6.9500              4.3716              16             
1              [17408/50000]       4.3614              6.8100              4.3149              17             
1              [18432/50000]       4.2627              9.0000              4.2399              18             
1              [19456/50000]       4.1995              8.2700              4.2270              19             
1              [20480/50000]       4.2637              8.0600              4.1708              20             
1              [21504/50000]       4.1982              7.8000              4.1424              21             
1              [22528/50000]       4.1941              10.2700             4.0812              22             
1              [23552/50000]       4.0831              10.8800             4.0568              23             
1              [24576/50000]       4.0290              10.5200             4.0321              24             
1              [25600/50000]       4.0262              11.7200             4.0082              25             
1              [26624/50000]       4.0214              11.9300             3.9981              26             
1              [27648/50000]       4.0390              11.1400             3.9744              27             
1              [28672/50000]       3.9582              12.3500             3.9497              28             
1              [29696/50000]       3.9892              11.5100             3.9443              29             
1              [30720/50000]       3.9056              12.5800             3.9189              30             
1              [31744/50000]       3.8890              12.8300             3.9074              31             
1              [32768/50000]       3.9232              13.1700             3.8957              32             
1              [33792/50000]       3.8396              12.7500             3.8830              33             
1              [34816/50000]       3.9124              12.6700             3.8940              34             
1              [35840/50000]       3.9085              13.1200             3.8868              35             
1              [36864/50000]       3.9248              13.3100             3.8556              36             
1              [37888/50000]       3.8228              12.3400             3.8345              37             
1              [38912/50000]       3.8411              13.3800             3.8401              38             
1              [39936/50000]       3.7654              14.4400             3.7845              39             
1              [40960/50000]       3.7913              13.8100             3.8387              40             
1              [41984/50000]       3.8118              12.7400             3.8368              41             
1              [43008/50000]       3.8789              12.2800             3.8568              42             
1              [44032/50000]       3.8635              12.9500             3.8678              43             
1              [45056/50000]       3.8622              13.4400             3.7812              44             
1              [46080/50000]       3.7588              14.3000             3.8243              45             
1              [47104/50000]       3.8154              13.4400             3.8010              46             
1              [48128/50000]       3.8532              14.1000             3.7702              47             
1              [49152/50000]       3.7160              14.6500             3.7773              48             
1              [41552/50000]       3.7263              14.2000             3.7876              49             
2              [1024/50000]        3.6396              14.8500             3.7676              50             
2              [2048/50000]        3.6235              15.0600             3.7108              51             
2              [3072/50000]        3.6072              16.2800             3.6847              52             
2              [4096/50000]        3.5736              15.7100             3.6639              53             
2              [5120/50000]        3.5351              16.4200             3.6912              54             
2              [6144/50000]        3.5898              15.1700             3.7113              55             
2              [7168/50000]        3.5488              15.3100             3.7328              56             
2              [8192/50000]        3.5883              14.5500             3.7480              57             
2              [9216/50000]        3.6342              15.0300             3.7780              58             
2              [10240/50000]       3.7156              14.9500             3.7150              59             
2              [11264/50000]       3.6668              14.9000             3.7064              60             
2              [12288/50000]       3.5832              14.0400             3.7256              61             
2              [13312/50000]       3.6207              14.3700             3.7944              62             
2              [14336/50000]       3.6433              16.2400             3.7140              63             
2              [15360/50000]       3.6021              15.9300             3.6187              64             
2              [16384/50000]       3.5962              15.4600             3.6472              65             
2              [17408/50000]       3.6003              18.2700             3.6061              66             
2              [18432/50000]       3.5975              15.2800             3.6694              67             
2              [19456/50000]       3.6383              16.1400             3.6898              68             
2              [20480/50000]       3.6008              16.2400             3.6395              69             
2              [21504/50000]       3.6311              16.7300             3.6669              70             
2              [22528/50000]       3.5997              15.2300             3.6371              71             
2              [23552/50000]       3.4534              16.8400             3.6179              72             
2              [24576/50000]       3.4725              17.3100             3.5968              73             
2              [25600/50000]       3.5621              15.3400             3.7054              74             
2              [26624/50000]       3.6592              13.6200             3.8496              75             
2              [27648/50000]       3.7225              16.2000             3.7022              76             
2              [28672/50000]       3.6917              18.3400             3.5631              77             
2              [29696/50000]       3.4123              17.2500             3.5766              78             
2              [30720/50000]       3.4713              18.0100             3.5546              79             
2              [31744/50000]       3.5026              17.7300             3.5545              80             
2              [32768/50000]       3.5489              17.7100             3.5671              81             
2              [33792/50000]       3.4957              17.5900             3.5586              82             
2              [34816/50000]       3.5427              17.0100             3.6206              83             
2              [35840/50000]       3.5572              18.4800             3.5534              84             
2              [36864/50000]       3.4775              17.4600             3.5395              85             
2              [37888/50000]       3.5117              17.0100             3.6168              86             
2              [38912/50000]       3.5961              18.1800             3.5388              87             
2              [39936/50000]       3.4595              19.0300             3.4964              88             
2              [40960/50000]       3.4476              19.0900             3.4833              89             
2              [41984/50000]       3.3880              18.6400             3.4919              90             
2              [43008/50000]       3.5193              19.0700             3.4781              91             
2              [44032/50000]       3.4216              18.2800             3.5014              92             
2              [45056/50000]       3.3087              16.9000             3.5808              93             
2              [46080/50000]       3.5423              16.9900             3.6267              94             
2              [47104/50000]       3.5841              16.7500             3.6411              95             
2              [48128/50000]       3.5433              18.6600             3.5522              96             
2              [49152/50000]       3.5170              18.8400             3.4651              97             
2              [41552/50000]       3.4138              18.3900             3.4988              98             
3              [1024/50000]        3.3787              16.9200             3.5540              99             
3              [2048/50000]        3.4088              18.4800             3.5565              100            
3              [3072/50000]        3.3535              19.7600             3.4348              101            
3              [4096/50000]        3.3011              19.1500             3.4834              102            
3              [5120/50000]        3.3185              18.5800             3.5334              103            
3              [6144/50000]        3.3952              19.6200             3.4775              104            
3              [7168/50000]        3.4156              20.4700             3.4297              105            
3              [8192/50000]        3.2574              20.7600             3.3990              106            
3              [9216/50000]        3.2993              20.7100             3.3918              107            
3              [10240/50000]       3.1530              20.5800             3.4155              108            
3              [11264/50000]       3.3269              18.6300             3.4691              109            
3              [12288/50000]       3.3758              19.5100             3.4901              110            
3              [13312/50000]       3.3943              17.3300             3.5653              111            
3              [14336/50000]       3.4264              18.3400             3.5721              112            
3              [15360/50000]       3.4253              17.7300             3.5378              113            
3              [16384/50000]       3.4099              18.5100             3.5598              114            
3              [17408/50000]       3.3153              17.9200             3.5974              115            
3              [18432/50000]       3.3615              19.5800             3.4884              116            
3              [19456/50000]       3.2832              20.5900             3.4009              117            
3              [20480/50000]       3.2563              21.2500             3.3549              118            
3              [21504/50000]       3.2164              21.6200             3.3683              119            
3              [22528/50000]       3.2302              19.4000             3.4032              120            
3              [23552/50000]       3.2025              19.0200             3.4764              121            
3              [24576/50000]       3.2958              17.5700             3.5638              122            
3              [25600/50000]       3.3781              17.9700             3.6095              123            
3              [26624/50000]       3.4257              19.8600             3.5525              124            
3              [27648/50000]       3.3848              17.2800             3.5515              125            
3              [28672/50000]       3.2834              21.1900             3.3903              126            
3              [29696/50000]       3.1880              21.7600             3.3259              127            
3              [30720/50000]       3.1341              20.8700             3.4145              128            
3              [31744/50000]       3.1834              19.6700             3.4495              129            
3              [32768/50000]       3.2376              21.7400             3.3504              130            
3              [33792/50000]       3.2000              22.5200             3.3330              131            
3              [34816/50000]       3.1656              20.8200             3.3962              132            
3              [35840/50000]       3.2082              20.8400             3.3928              133            
3              [36864/50000]       3.2124              21.1500             3.4060              134            
3              [37888/50000]       3.2180              20.7100             3.3839              135            
3              [38912/50000]       3.2940              22.7000             3.3101              136            
3              [39936/50000]       3.1707              21.8400             3.3415              137            
3              [40960/50000]       3.1731              21.4700             3.3703              138            
3              [41984/50000]       3.1482              21.3400             3.3726              139            
3              [43008/50000]       3.1286              22.5200             3.3440              140            
3              [44032/50000]       3.1622              21.7000             3.3633              141            
3              [45056/50000]       3.2229              19.1300             3.4837              142            
3              [46080/50000]       3.3696              19.5200             3.5671              143            
3              [47104/50000]       3.4363              21.0900             3.4364              144            
3              [48128/50000]       3.2081              18.6300             3.4552              145            
3              [49152/50000]       3.2794              19.9400             3.4570              146            
3              [41552/50000]       3.3076              22.5500             3.3492              147            
4              [1024/50000]        3.0798              21.8900             3.3598              148            
4              [2048/50000]        2.9630              21.6100             3.3401              149            
4              [3072/50000]        3.0670              20.6000             3.3936              150            
4              [4096/50000]        3.1109              20.0200             3.4638              151            
4              [5120/50000]        3.1110              19.9300             3.4962              152            
4              [6144/50000]        3.2085              20.8200             3.4262              153            
4              [7168/50000]        3.0964              21.1800             3.3867              154            
4              [8192/50000]        3.0976              22.6000             3.3498              155            
4              [9216/50000]        3.1072              22.9300             3.2669              156            
4              [10240/50000]       2.9906              21.6900             3.3340              157            
4              [11264/50000]       3.1037              21.6000             3.4363              158            
4              [12288/50000]       3.1799              20.0000             3.4753              159            
