Current_Epoch  Batch/Total         CE_Train            Accuracy(%)         CE_TEST             Batch_Number   
0              [0/60000]           --                  9.020               2.3045              0
1              [64/60000]          2.3058              30.7100             2.2560              1              
1              [128/60000]         2.2505              29.1100             2.1952              2              
1              [192/60000]         2.1970              32.7000             2.1306              3              
1              [256/60000]         2.1054              34.2600             2.0369              4              
1              [320/60000]         2.0945              34.2800             1.9799              5              
1              [384/60000]         2.0832              43.5400             1.8950              6              
1              [448/60000]         1.9775              39.3400             1.8233              7              
1              [512/60000]         1.8350              41.2200             1.7546              8              
1              [576/60000]         1.8574              34.8000             1.7519              9              
1              [640/60000]         1.7732              42.8600             1.6723              10             
1              [704/60000]         1.6758              44.9800             1.5962              11             
1              [768/60000]         1.7290              45.3300             1.6058              12             
1              [832/60000]         1.6661              41.7600             1.6255              13             
1              [896/60000]         1.6311              44.1000             1.5342              14             
1              [960/60000]         1.4805              42.1700             1.6326              15             
1              [1024/60000]        1.5769              40.3300             1.6153              16             
1              [1088/60000]        1.9160              37.8600             1.7862              17             
1              [1152/60000]        2.0358              42.8500             1.5851              18             
1              [1216/60000]        1.3078              44.7900             1.5193              19             
1              [1280/60000]        1.3918              42.6300             1.5358              20             
1              [1344/60000]        1.7338              45.4800             1.4728              21             
1              [1408/60000]        1.4268              46.7900             1.4263              22             
1              [1472/60000]        1.3820              47.1100             1.3959              23             
1              [1536/60000]        1.4511              44.0700             1.5101              24             
1              [1600/60000]        1.5529              44.3400             1.4349              25             
1              [1664/60000]        1.3633              46.7900             1.4441              26             
1              [1728/60000]        1.5212              47.0000             1.3984              27             
1              [1792/60000]        1.4686              39.8600             1.6622              28             
1              [1856/60000]        1.7268              40.7400             1.5773              29             
1              [1920/60000]        1.5773              43.5500             1.4532              30             
1              [1984/60000]        1.2771              46.2500             1.3937              31             
1              [2048/60000]        1.4563              46.3900             1.3826              32             
1              [2112/60000]        1.2680              46.3400             1.3932              33             
1              [2176/60000]        1.4734              43.9400             1.4375              34             
1              [2240/60000]        1.5287              41.5100             1.5746              35             
1              [2304/60000]        1.5384              46.4000             1.4210              36             
1              [2368/60000]        1.5064              46.9600             1.3645              37             
1              [2432/60000]        1.2882              47.3000             1.3636              38             
1              [2496/60000]        1.3121              47.3900             1.3655              39             
1              [2560/60000]        1.3249              47.1400             1.3593              40             
1              [2624/60000]        1.4407              47.0600             1.3453              41             
1              [2688/60000]        1.2957              46.8200             1.3561              42             
1              [2752/60000]        1.0142              46.9000             1.3882              43             
1              [2816/60000]        1.7854              44.8000             1.4349              44             
1              [2880/60000]        1.7050              46.9700             1.3571              45             
1              [2944/60000]        1.3590              46.3900             1.3653              46             
1              [3008/60000]        1.2593              45.0500             1.4508              47             
1              [3072/60000]        1.4045              46.1700             1.3645              48             
1              [3136/60000]        1.6060              47.2600             1.3310              49             
1              [3200/60000]        1.3916              47.3000             1.3297              50             
1              [3264/60000]        1.1965              47.9400             1.3208              51             
1              [3328/60000]        1.4356              46.5600             1.4039              52             
1              [3392/60000]        1.4546              47.8400             1.3203              53             
1              [3456/60000]        1.2239              47.3000             1.3640              54             
1              [3520/60000]        1.4060              46.7500             1.3453              55             
1              [3584/60000]        1.5028              47.1300             1.3420              56             
1              [3648/60000]        1.0938              48.0900             1.3146              57             
1              [3712/60000]        1.3349              47.4900             1.3372              58             
1              [3776/60000]        1.2429              48.0700             1.3168              59             
1              [3840/60000]        1.1705              46.6000             1.3668              60             
1              [3904/60000]        1.2630              48.2600             1.3119              61             
1              [3968/60000]        1.1838              47.8000             1.3330              62             
1              [4032/60000]        1.4583              47.4400             1.3793              63             
1              [4096/60000]        1.2943              47.5100             1.3222              64             
1              [4160/60000]        1.1887              46.6200             1.3856              65             
1              [4224/60000]        1.3756              45.8300             1.3749              66             
1              [4288/60000]        1.3289              46.4400             1.3671              67             
1              [4352/60000]        1.4027              47.6800             1.3567              68             
1              [4416/60000]        1.2381              46.4400             1.5348              69             
1              [4480/60000]        1.7708              45.9500             1.3733              70             
1              [4544/60000]        1.4036              47.3000             1.3307              71             
1              [4608/60000]        1.4830              46.8300             1.3473              72             
1              [4672/60000]        1.4397              45.4000             1.3761              73             
1              [4736/60000]        1.3408              45.6100             1.3896              74             
1              [4800/60000]        1.2860              45.9300             1.3881              75             
1              [4864/60000]        1.2389              48.0500             1.3056              76             
1              [4928/60000]        1.3626              47.6700             1.3269              77             
1              [4992/60000]        1.4845              47.1600             1.3819              78             
1              [5056/60000]        1.5418              47.2900             1.3367              79             
