Current_Epoch  Batch/Total         CE_Train            Accuracy(%)         CE_TEST             Batch_Number   
0              [0/60000]           --                  9.020               2.3012              0
1              [1024/60000]        2.3020              44.7000             1.9469              1              
1              [2048/60000]        1.9738              61.3900             1.6431              2              
1              [3072/60000]        1.6771              64.9500             1.4077              3              
1              [4096/60000]        1.4438              69.4600             1.2129              4              
1              [5120/60000]        1.1887              67.4600             1.1161              5              
1              [6144/60000]        1.1610              62.8500             1.1001              6              
1              [7168/60000]        1.1192              67.4200             0.9515              7              
1              [8192/60000]        0.9995              73.3800             0.8861              8              
1              [9216/60000]        0.9378              76.4200             0.8000              9              
1              [10240/60000]       0.8153              70.1600             0.8784              10             
1              [11264/60000]       0.8768              76.3800             0.8008              11             
1              [12288/60000]       0.7701              78.7900             0.7019              12             
1              [13312/60000]       0.7164              79.2200             0.6696              13             
1              [14336/60000]       0.6609              79.8000             0.6490              14             
1              [15360/60000]       0.6356              76.9100             0.6932              15             
1              [16384/60000]       0.7008              75.2400             0.7831              16             
1              [17408/60000]       0.8749              73.7400             0.8875              17             
1              [18432/60000]       0.8209              77.7000             0.7070              18             
1              [19456/60000]       0.7261              85.3500             0.5056              19             
1              [20480/60000]       0.5075              84.4400             0.5039              20             
1              [21504/60000]       0.5046              87.6900             0.4542              21             
1              [22528/60000]       0.5199              86.1000             0.4584              22             
1              [23552/60000]       0.4565              87.8700             0.4396              23             
1              [24576/60000]       0.5155              84.1000             0.4882              24             
1              [25600/60000]       0.4837              79.7200             0.5783              25             
1              [26624/60000]       0.6447              76.9100             0.6673              26             
1              [27648/60000]       0.6726              78.6000             0.6145              27             
1              [28672/60000]       0.6448              83.3600             0.5068              28             
1              [29696/60000]       0.5077              86.4100             0.4404              29             
1              [30720/60000]       0.4285              87.6800             0.4118              30             
1              [31744/60000]       0.4464              87.8600             0.4120              31             
1              [32768/60000]       0.4300              87.8700             0.4220              32             
1              [33792/60000]       0.4404              87.9800             0.4089              33             
1              [34816/60000]       0.4393              88.7100             0.3908              34             
1              [35840/60000]       0.4573              88.5000             0.3964              35             
1              [36864/60000]       0.4087              89.0500             0.3863              36             
1              [37888/60000]       0.4025              87.7200             0.4156              37             
1              [38912/60000]       0.3987              86.7000             0.4264              38             
1              [39936/60000]       0.4509              87.5200             0.4249              39             
1              [40960/60000]       0.4717              87.8100             0.4035              40             
1              [41984/60000]       0.4264              88.5500             0.3951              41             
1              [43008/60000]       0.4256              89.0400             0.3715              42             
1              [44032/60000]       0.3522              89.2600             0.3717              43             
1              [45056/60000]       0.3660              89.1400             0.3666              44             
1              [46080/60000]       0.3961              89.5200             0.3663              45             
1              [47104/60000]       0.3823              89.5900             0.3561              46             
1              [48128/60000]       0.3542              90.2800             0.3420              47             
1              [49152/60000]       0.3225              89.5600             0.3578              48             
1              [50176/60000]       0.3918              90.2500             0.3432              49             
1              [51200/60000]       0.4136              89.8300             0.3523              50             
1              [52224/60000]       0.3711              89.8500             0.3437              51             
1              [53248/60000]       0.3734              89.5700             0.3594              52             
1              [54272/60000]       0.4258              88.2500             0.3808              53             
1              [55296/60000]       0.4057              88.2800             0.3868              54             
1              [56320/60000]       0.4286              88.9600             0.3775              55             
1              [57344/60000]       0.4024              88.8700             0.3724              56             
1              [58368/60000]       0.4008              89.2300             0.3597              57             
1              [59392/60000]       0.4154              88.6600             0.3799              58             
1              [35872/60000]       0.4162              86.9800             0.4081              59             
2              [1024/60000]        0.4096              85.2200             0.4491              60             
2              [2048/60000]        0.4647              86.9000             0.4101              61             
2              [3072/60000]        0.4112              87.6200             0.3975              62             
2              [4096/60000]        0.4053              89.4100             0.3526              63             
2              [5120/60000]        0.4202              88.9500             0.3662              64             
2              [6144/60000]        0.3883              88.2200             0.3905              65             
2              [7168/60000]        0.4282              88.7600             0.3658              66             
2              [8192/60000]        0.3774              89.3700             0.3598              67             
2              [9216/60000]        0.3947              90.1100             0.3451              68             
2              [10240/60000]       0.3483              90.0400             0.3348              69             
2              [11264/60000]       0.3232              90.8300             0.3269              70             
2              [12288/60000]       0.3347              90.0500             0.3379              71             
2              [13312/60000]       0.3929              90.9300             0.3176              72             
2              [14336/60000]       0.3491              90.5600             0.3311              73             
2              [15360/60000]       0.2644              90.8700             0.3210              74             
2              [16384/60000]       0.3240              91.0800             0.3126              75             
2              [17408/60000]       0.3321              90.8800             0.3182              76             
2              [18432/60000]       0.3313              90.7000             0.3244              77             
2              [19456/60000]       0.3239              90.2700             0.3344              78             
2              [20480/60000]       0.3620              90.3200             0.3411              79             
2              [21504/60000]       0.3329              90.3400             0.3287              80             
2              [22528/60000]       0.3421              90.5800             0.3310              81             
2              [23552/60000]       0.3159              90.8100             0.3191              82             
2              [24576/60000]       0.3165              90.2300             0.3304              83             
2              [25600/60000]       0.3271              90.0000             0.3371              84             
2              [26624/60000]       0.3208              89.9100             0.3486              85             
2              [27648/60000]       0.3194              89.3600             0.3605              86             
2              [28672/60000]       0.4406              87.4700             0.4254              87             
2              [29696/60000]       0.4631              85.4700             0.4809              88             
2              [30720/60000]       0.5341              88.4700             0.3938              89             
2              [31744/60000]       0.3939              88.4300             0.3812              90             
2              [32768/60000]       0.4426              88.3600             0.3927              91             
2              [33792/60000]       0.4180              88.6700             0.3786              92             
2              [34816/60000]       0.4009              88.1100             0.3960              93             
2              [35840/60000]       0.3748              89.8700             0.3495              94             
2              [36864/60000]       0.3849              90.2000             0.3361              95             
2              [37888/60000]       0.3810              89.8700             0.3508              96             
2              [38912/60000]       0.3435              89.5400             0.3495              97             
2              [39936/60000]       0.3983              90.5400             0.3316              98             
2              [40960/60000]       0.3177              90.6300             0.3235              99             
2              [41984/60000]       0.3650              90.6300             0.3238              100            
2              [43008/60000]       0.3379              90.7600             0.3154              101            
2              [44032/60000]       0.3126              90.9500             0.3181              102            
2              [45056/60000]       0.3362              91.0300             0.3138              103            
2              [46080/60000]       0.3401              90.1700             0.3303              104            
2              [47104/60000]       0.3093              90.3700             0.3326              105            
2              [48128/60000]       0.3808              90.3300             0.3249              106            
2              [49152/60000]       0.2826              90.4500             0.3376              107            
2              [50176/60000]       0.3484              89.9100             0.3337              108            
2              [51200/60000]       0.3507              91.0100             0.3283              109            
2              [52224/60000]       0.3670              90.5400             0.3189              110            
2              [53248/60000]       0.3833              90.1600             0.3476              111            
2              [54272/60000]       0.3611              89.5800             0.3445              112            
2              [55296/60000]       0.4027              89.6700             0.3505              113            
2              [56320/60000]       0.3546              89.5200             0.3416              114            
2              [57344/60000]       0.3564              89.4200             0.3541              115            
2              [58368/60000]       0.3606              90.5800             0.3300              116            
2              [59392/60000]       0.3432              90.4900             0.3325              117            
2              [35872/60000]       0.3908              89.3700             0.3523              118            
3              [1024/60000]        0.3574              91.0700             0.3152              119            
3              [2048/60000]        0.3003              90.2100             0.3267              120            
3              [3072/60000]        0.3116              91.3700             0.3201              121            
3              [4096/60000]        0.3390              90.3900             0.3251              122            
3              [5120/60000]        0.3030              91.4900             0.3030              123            
3              [6144/60000]        0.3249              91.0900             0.3092              124            
3              [7168/60000]        0.3692              90.9600             0.3137              125            
3              [8192/60000]        0.3664              90.2700             0.3264              126            
3              [9216/60000]        0.3299              89.8400             0.3378              127            
3              [10240/60000]       0.3534              90.3500             0.3484              128            
3              [11264/60000]       0.3059              89.5000             0.3579              129            
3              [12288/60000]       0.4090              90.9800             0.3169              130            
3              [13312/60000]       0.3008              90.4900             0.3301              131            
3              [14336/60000]       0.4021              90.7500             0.3246              132            
3              [15360/60000]       0.3460              90.7900             0.3242              133            
3              [16384/60000]       0.2962              91.0600             0.3145              134            
3              [17408/60000]       0.3429              90.6100             0.3159              135            
3              [18432/60000]       0.2887              91.0900             0.3197              136            
3              [19456/60000]       0.3189              89.4000             0.3429              137            
3              [20480/60000]       0.3861              90.8900             0.3319              138            
3              [21504/60000]       0.2911              91.2100             0.3041              139            
3              [22528/60000]       0.3288              91.4300             0.3008              140            
3              [23552/60000]       0.2940              91.2200             0.3009              141            
3              [24576/60000]       0.2956              91.3800             0.3062              142            
3              [25600/60000]       0.3340              91.0200             0.3062              143            
3              [26624/60000]       0.3064              90.5500             0.3294              144            
3              [27648/60000]       0.3488              90.3100             0.3177              145            
3              [28672/60000]       0.4314              89.7500             0.3513              146            
3              [29696/60000]       0.3786              89.7300             0.3348              147            
3              [30720/60000]       0.3239              90.7100             0.3246              148            
3              [31744/60000]       0.3067              91.1800             0.3013              149            
3              [32768/60000]       0.2691              91.0400             0.3079              150            
3              [33792/60000]       0.3046              90.9700             0.3077              151            
3              [34816/60000]       0.3548              91.1100             0.3112              152            
3              [35840/60000]       0.3312              91.0000             0.3094              153            
3              [36864/60000]       0.3531              90.6300             0.3192              154            
3              [37888/60000]       0.3520              90.9300             0.3170              155            
3              [38912/60000]       0.2790              90.6700             0.3194              156            
3              [39936/60000]       0.3034              91.1600             0.3004              157            
3              [40960/60000]       0.2873              91.6900             0.2995              158            
3              [41984/60000]       0.3093              90.9700             0.3092              159            
3              [43008/60000]       0.2873              90.4500             0.3234              160            
3              [44032/60000]       0.3334              90.1200             0.3306              161            
3              [45056/60000]       0.3317              89.7000             0.3486              162            
3              [46080/60000]       0.3407              90.9500             0.3122              163            
3              [47104/60000]       0.3324              90.5500             0.3289              164            
3              [48128/60000]       0.3124              90.0400             0.3362              165            
3              [49152/60000]       0.3740              90.5600             0.3291              166            
3              [50176/60000]       0.3536              89.1300             0.3570              167            
3              [51200/60000]       0.3578              90.7900             0.3237              168            
3              [52224/60000]       0.3505              90.9600             0.3128              169            
3              [53248/60000]       0.3329              90.9700             0.3224              170            
3              [54272/60000]       0.3261              90.8900             0.3092              171            
3              [55296/60000]       0.3552              90.9700             0.3092              172            
3              [56320/60000]       0.2908              90.3300             0.3240              173            
3              [57344/60000]       0.3229              90.9600             0.3107              174            
3              [58368/60000]       0.3341              91.1900             0.3057              175            
3              [59392/60000]       0.2596              91.6000             0.2919              176            
3              [35872/60000]       0.3064              91.3400             0.3194              177            
4              [1024/60000]        0.2882              91.4100             0.2933              178            
4              [2048/60000]        0.2651              91.8300             0.2932              179            
4              [3072/60000]        0.3501              91.1100             0.3048              180            
4              [4096/60000]        0.3172              91.3800             0.3145              181            
4              [5120/60000]        0.3281              90.1400             0.3272              182            
4              [6144/60000]        0.3157              91.6300             0.3012              183            
4              [7168/60000]        0.3100              91.3000             0.2987              184            
4              [8192/60000]        0.2499              91.9000             0.2913              185            
4              [9216/60000]        0.2918              92.0400             0.2878              186            
4              [10240/60000]       0.2732              91.4400             0.2893              187            
4              [11264/60000]       0.2634              91.5500             0.2965              188            
4              [12288/60000]       0.3478              91.2300             0.3143              189            
4              [13312/60000]       0.3725              90.1000             0.3341              190            
4              [14336/60000]       0.3441              89.4100             0.3552              191            
4              [15360/60000]       0.3161              89.8300             0.3515              192            
4              [16384/60000]       0.3865              90.0200             0.3383              193            
4              [17408/60000]       0.3787              89.8100             0.3490              194            
4              [18432/60000]       0.4003              89.8800             0.3318              195            
4              [19456/60000]       0.3552              91.1600             0.3073              196            
4              [20480/60000]       0.2969              91.2200             0.3031              197            
4              [21504/60000]       0.3089              91.3300             0.3019              198            
4              [22528/60000]       0.2913              91.0900             0.2992              199            
4              [23552/60000]       0.2745              91.7300             0.2966              200            
4              [24576/60000]       0.2848              91.8500             0.2897              201            
4              [25600/60000]       0.2584              91.5600             0.2941              202            
4              [26624/60000]       0.3178              91.4200             0.2981              203            
4              [27648/60000]       0.2818              91.5500             0.2952              204            
4              [28672/60000]       0.3169              91.3300             0.3057              205            
4              [29696/60000]       0.3807              91.0600             0.3136              206            
4              [30720/60000]       0.3382              90.1000             0.3382              207            
4              [31744/60000]       0.3732              90.9200             0.3075              208            
4              [32768/60000]       0.3063              91.1400             0.3090              209            
4              [33792/60000]       0.3339              90.8900             0.3155              210            
4              [34816/60000]       0.3724              90.6600             0.3203              211            
4              [35840/60000]       0.3005              91.5700             0.2987              212            
4              [36864/60000]       0.3055              91.3300             0.3020              213            
4              [37888/60000]       0.2926              91.3400             0.2964              214            
4              [38912/60000]       0.2689              91.8600             0.2907              215            
4              [39936/60000]       0.2859              91.7800             0.2818              216            
4              [40960/60000]       0.2879              91.1600             0.3078              217            
4              [41984/60000]       0.2932              91.3500             0.3030              218            
4              [43008/60000]       0.3327              91.0300             0.3094              219            
4              [44032/60000]       0.3049              90.5100             0.3171              220            
4              [45056/60000]       0.2918              90.6500             0.3236              221            
4              [46080/60000]       0.3246              91.0900             0.3030              222            
4              [47104/60000]       0.3277              91.9700             0.2906              223            
4              [48128/60000]       0.3179              90.8600             0.3091              224            
4              [49152/60000]       0.3382              90.9300             0.3165              225            
4              [50176/60000]       0.3565              91.0900             0.3040              226            
4              [51200/60000]       0.3104              90.9700             0.3166              227            
4              [52224/60000]       0.3408              89.9900             0.3329              228            
4              [53248/60000]       0.3100              89.4000             0.3648              229            
4              [54272/60000]       0.4216              91.1100             0.3133              230            
4              [55296/60000]       0.2697              90.9200             0.3017              231            
4              [56320/60000]       0.3060              91.3200             0.3029              232            
4              [57344/60000]       0.3016              91.1600             0.3066              233            
4              [58368/60000]       0.3071              91.4400             0.2987              234            
4              [59392/60000]       0.3024              91.7300             0.2887              235            
4              [35872/60000]       0.2772              91.3400             0.3064              236            
5              [1024/60000]        0.2947              90.8000             0.3040              237            
5              [2048/60000]        0.2764              91.8400             0.2918              238            
5              [3072/60000]        0.3467              90.1700             0.3243              239            
5              [4096/60000]        0.3246              90.4900             0.3221              240            
5              [5120/60000]        0.2973              91.1800             0.3023              241            
5              [6144/60000]        0.2660              91.9900             0.2882              242            
5              [7168/60000]        0.2995              91.5700             0.2939              243            
5              [8192/60000]        0.3179              91.8900             0.2824              244            
5              [9216/60000]        0.2871              91.5900             0.3036              245            
5              [10240/60000]       0.3116              91.9100             0.2832              246            
5              [11264/60000]       0.2825              91.7800             0.2904              247            
5              [12288/60000]       0.2692              91.6500             0.2926              248            
5              [13312/60000]       0.2521              91.8000             0.2915              249            
5              [14336/60000]       0.2554              91.6300             0.2887              250            
5              [15360/60000]       0.2587              91.1800             0.3137              251            
5              [16384/60000]       0.3383              90.5600             0.3244              252            
5              [17408/60000]       0.2731              91.8700             0.2945              253            
5              [18432/60000]       0.3024              91.0600             0.3014              254            
5              [19456/60000]       0.2988              91.9300             0.2914              255            
5              [20480/60000]       0.3311              91.5800             0.2916              256            
5              [21504/60000]       0.2811              91.9900             0.2865              257            
5              [22528/60000]       0.2810              92.1000             0.2819              258            
5              [23552/60000]       0.3292              90.8000             0.3111              259            
5              [24576/60000]       0.3167              91.2000             0.3123              260            
5              [25600/60000]       0.3085              91.0700             0.3026              261            
5              [26624/60000]       0.3415              91.6100             0.3076              262            
5              [27648/60000]       0.3242              90.3300             0.3203              263            
5              [28672/60000]       0.3850              91.1100             0.3309              264            
5              [29696/60000]       0.3938              89.3200             0.3472              265            
5              [30720/60000]       0.4060              90.0800             0.3515              266            
5              [31744/60000]       0.3188              90.9300             0.3049              267            
5              [32768/60000]       0.3539              91.3800             0.3050              268            
5              [33792/60000]       0.2895              91.9800             0.2848              269            
5              [34816/60000]       0.2828              92.0800             0.2774              270            
5              [35840/60000]       0.2812              92.0300             0.2813              271            
5              [36864/60000]       0.3090              91.8100             0.2800              272            
5              [37888/60000]       0.2929              92.0800             0.2860              273            
5              [38912/60000]       0.2893              91.8700             0.2874              274            
5              [39936/60000]       0.2398              92.0500             0.2861              275            
5              [40960/60000]       0.2911              90.8900             0.3074              276            
5              [41984/60000]       0.3059              91.4200             0.3077              277            
5              [43008/60000]       0.3178              91.6500             0.2895              278            
5              [44032/60000]       0.2831              91.7600             0.2854              279            
5              [45056/60000]       0.3041              91.3100             0.3120              280            
5              [46080/60000]       0.3624              91.4600             0.2972              281            
5              [47104/60000]       0.3172              90.7900             0.3233              282            
5              [48128/60000]       0.2762              91.6100             0.2926              283            
5              [49152/60000]       0.2555              91.7300             0.2954              284            
5              [50176/60000]       0.3358              91.5700             0.2918              285            
5              [51200/60000]       0.2904              91.7500             0.2874              286            
5              [52224/60000]       0.2764              91.0800             0.3040              287            
5              [53248/60000]       0.3028              91.0300             0.3083              288            
5              [54272/60000]       0.2864              91.1200             0.2980              289            
5              [55296/60000]       0.3285              90.7700             0.3238              290            
5              [56320/60000]       0.3291              89.0000             0.3586              291            
5              [57344/60000]       0.3573              91.2800             0.3122              292            
5              [58368/60000]       0.3014              90.9000             0.3090              293            
5              [59392/60000]       0.3434              91.1600             0.3136              294            
5              [35872/60000]       0.3109              91.0900             0.3091              295            
6              [1024/60000]        0.2878              91.7600             0.2899              296            
6              [2048/60000]        0.2590              91.6900             0.2967              297            
6              [3072/60000]        0.3040              90.8300             0.3077              298            
6              [4096/60000]        0.2361              91.8100             0.2919              299            
6              [5120/60000]        0.2825              91.2200             0.3076              300            
6              [6144/60000]        0.2906              91.5100             0.2957              301            
6              [7168/60000]        0.2876              92.0000             0.2818              302            
6              [8192/60000]        0.2804              91.6900             0.2918              303            
6              [9216/60000]        0.2675              92.0200             0.2834              304            
6              [10240/60000]       0.2763              91.2100             0.3165              305            
6              [11264/60000]       0.3330              89.9000             0.3370              306            
6              [12288/60000]       0.3814              89.7400             0.3568              307            
6              [13312/60000]       0.3435              90.5900             0.3349              308            
6              [14336/60000]       0.3738              90.9500             0.3067              309            
6              [15360/60000]       0.2925              91.4300             0.3131              310            
6              [16384/60000]       0.2764              91.3300             0.2948              311            
6              [17408/60000]       0.3063              91.9300             0.2850              312            
6              [18432/60000]       0.3047              91.9200             0.2876              313            
6              [19456/60000]       0.2795              92.0800             0.2829              314            
6              [20480/60000]       0.2994              91.6800             0.2860              315            
6              [21504/60000]       0.2893              92.0500             0.2852              316            
6              [22528/60000]       0.2766              91.1800             0.3071              317            
6              [23552/60000]       0.2617              90.8200             0.3141              318            
6              [24576/60000]       0.3257              91.7600             0.2970              319            
6              [25600/60000]       0.3044              91.5900             0.2951              320            
6              [26624/60000]       0.3098              91.4900             0.2904              321            
6              [27648/60000]       0.2717              91.8400             0.2876              322            
6              [28672/60000]       0.3182              91.7900             0.2884              323            
6              [29696/60000]       0.3440              91.6600             0.2905              324            
6              [30720/60000]       0.3122              91.7800             0.2930              325            
6              [31744/60000]       0.2653              92.1300             0.2791              326            
6              [32768/60000]       0.2529              91.9000             0.2864              327            
6              [33792/60000]       0.2885              91.7400             0.2917              328            
6              [34816/60000]       0.3903              91.7700             0.2812              329            
6              [35840/60000]       0.2624              91.6200             0.2904              330            
6              [36864/60000]       0.2694              91.7400             0.2886              331            
6              [37888/60000]       0.3192              90.5800             0.3207              332            
6              [38912/60000]       0.3405              91.8800             0.2892              333            
6              [39936/60000]       0.2417              91.8000             0.2813              334            
6              [40960/60000]       0.2519              92.3400             0.2729              335            
6              [41984/60000]       0.2649              92.1200             0.2772              336            
6              [43008/60000]       0.2746              92.4800             0.2728              337            
6              [44032/60000]       0.2722              91.5400             0.2954              338            
6              [45056/60000]       0.2588              91.9000             0.2908              339            
6              [46080/60000]       0.2837              91.8200             0.2883              340            
6              [47104/60000]       0.2972              91.5500             0.2887              341            
6              [48128/60000]       0.2775              91.5100             0.2953              342            
6              [49152/60000]       0.3177              90.5200             0.3181              343            
6              [50176/60000]       0.3836              90.4900             0.3289              344            
6              [51200/60000]       0.3422              90.4300             0.3213              345            
6              [52224/60000]       0.3331              90.8700             0.3225              346            
6              [53248/60000]       0.3541              90.5900             0.3200              347            
6              [54272/60000]       0.3097              91.1700             0.3041              348            
6              [55296/60000]       0.3394              91.3500             0.3032              349            
6              [56320/60000]       0.3440              91.0200             0.3097              350            
6              [57344/60000]       0.3169              91.9600             0.2899              351            
6              [58368/60000]       0.2847              91.5400             0.2848              352            
6              [59392/60000]       0.3222              91.6600             0.2963              353            
6              [35872/60000]       0.2945              91.6400             0.2881              354            
7              [1024/60000]        0.2847              91.8500             0.2818              355            
7              [2048/60000]        0.2642              91.7700             0.2810              356            
7              [3072/60000]        0.3165              91.7900             0.2880              357            
7              [4096/60000]        0.2952              91.8100             0.2847              358            
7              [5120/60000]        0.2614              91.1900             0.2929              359            
7              [6144/60000]        0.2984              91.8600             0.2860              360            
7              [7168/60000]        0.2618              91.7100             0.2857              361            
7              [8192/60000]        0.2510              92.1300             0.2766              362            
7              [9216/60000]        0.2534              91.9900             0.2790              363            
7              [10240/60000]       0.2474              91.9700             0.2874              364            
7              [11264/60000]       0.3280              91.7700             0.2863              365            
7              [12288/60000]       0.2912              92.0600             0.2823              366            
7              [13312/60000]       0.2674              91.8600             0.2807              367            
7              [14336/60000]       0.3248              91.8600             0.2831              368            
7              [15360/60000]       0.2497              91.9700             0.2895              369            
7              [16384/60000]       0.2994              91.7300             0.2905              370            
7              [17408/60000]       0.2914              91.7500             0.2973              371            
7              [18432/60000]       0.3185              91.3700             0.2993              372            
7              [19456/60000]       0.3203              91.6200             0.3057              373            
7              [20480/60000]       0.2890              91.4300             0.2959              374            
7              [21504/60000]       0.2864              91.9400             0.2861              375            
7              [22528/60000]       0.3107              92.3400             0.2723              376            
7              [23552/60000]       0.3013              91.8200             0.2872              377            
7              [24576/60000]       0.2996              91.5600             0.2891              378            
7              [25600/60000]       0.3080              92.1800             0.2802              379            
7              [26624/60000]       0.3003              92.2000             0.2766              380            
7              [27648/60000]       0.2770              91.9300             0.2875              381            
7              [28672/60000]       0.3423              91.0500             0.2990              382            
7              [29696/60000]       0.2964              91.2700             0.3056              383            
7              [30720/60000]       0.3283              91.5800             0.2927              384            
7              [31744/60000]       0.2804              91.5600             0.2928              385            
7              [32768/60000]       0.2455              92.0600             0.2797              386            
7              [33792/60000]       0.2778              92.1700             0.2827              387            
7              [34816/60000]       0.2848              90.9800             0.3099              388            
7              [35840/60000]       0.3518              91.1000             0.3065              389            
7              [36864/60000]       0.2810              91.3700             0.2947              390            
7              [37888/60000]       0.2733              91.9000             0.2783              391            
7              [38912/60000]       0.2691              92.2200             0.2709              392            
7              [39936/60000]       0.2540              92.3000             0.2711              393            
7              [40960/60000]       0.3136              91.6800             0.2886              394            
7              [41984/60000]       0.2965              90.7600             0.3183              395            
7              [43008/60000]       0.2959              90.6600             0.3216              396            
7              [44032/60000]       0.3218              91.7200             0.2932              397            
7              [45056/60000]       0.2959              90.7500             0.3094              398            
7              [46080/60000]       0.3139              91.8100             0.2982              399            
7              [47104/60000]       0.3248              91.2800             0.2936              400            
7              [48128/60000]       0.3162              92.0300             0.2936              401            
7              [49152/60000]       0.2790              91.1700             0.3028              402            
7              [50176/60000]       0.2989              91.8300             0.2963              403            
7              [51200/60000]       0.2480              91.7000             0.2936              404            
7              [52224/60000]       0.2915              92.4000             0.2672              405            
7              [53248/60000]       0.3013              92.3400             0.2760              406            
7              [54272/60000]       0.2409              92.1700             0.2762              407            
7              [55296/60000]       0.2935              92.2900             0.2713              408            
7              [56320/60000]       0.2612              91.8600             0.2828              409            
7              [57344/60000]       0.2783              92.4400             0.2682              410            
7              [58368/60000]       0.2379              91.7200             0.2846              411            
7              [59392/60000]       0.2776              92.0200             0.2868              412            
7              [35872/60000]       0.3414              90.8100             0.3157              413            
8              [1024/60000]        0.3070              90.5900             0.3263              414            
8              [2048/60000]        0.3681              90.7000             0.3169              415            
8              [3072/60000]        0.3054              91.3900             0.3072              416            
8              [4096/60000]        0.3296              91.8400             0.2816              417            
8              [5120/60000]        0.2380              92.2500             0.2764              418            
8              [6144/60000]        0.2695              91.7200             0.2857              419            
8              [7168/60000]        0.3142              91.1300             0.3182              420            
8              [8192/60000]        0.3154              90.7800             0.3070              421            
8              [9216/60000]        0.2649              92.3200             0.2770              422            
8              [10240/60000]       0.2162              91.8900             0.2877              423            
8              [11264/60000]       0.2594              91.9000             0.2819              424            
8              [12288/60000]       0.2972              91.2800             0.3051              425            
8              [13312/60000]       0.2806              91.4200             0.2993              426            
8              [14336/60000]       0.3254              91.2000             0.3038              427            
8              [15360/60000]       0.2986              91.3500             0.2960              428            
8              [16384/60000]       0.2858              91.6500             0.2959              429            
8              [17408/60000]       0.2931              90.8700             0.3140              430            
8              [18432/60000]       0.2779              91.3500             0.2973              431            
8              [19456/60000]       0.2382              91.4400             0.2928              432            
8              [20480/60000]       0.3001              92.2100             0.2798              433            
8              [21504/60000]       0.2338              91.5500             0.2867              434            
8              [22528/60000]       0.2322              91.9500             0.2865              435            
8              [23552/60000]       0.2587              91.1700             0.3004              436            
8              [24576/60000]       0.3218              91.3200             0.2981              437            
8              [25600/60000]       0.2857              91.5600             0.2954              438            
8              [26624/60000]       0.2721              91.2400             0.2957              439            
8              [27648/60000]       0.3265              90.6400             0.3264              440            
8              [28672/60000]       0.3458              91.6800             0.2940              441            
8              [29696/60000]       0.2558              91.8500             0.2840              442            
8              [30720/60000]       0.2722              92.1900             0.2776              443            
8              [31744/60000]       0.2482              91.7800             0.2850              444            
8              [32768/60000]       0.2905              91.5700             0.2897              445            
8              [33792/60000]       0.3273              91.4200             0.2978              446            
8              [34816/60000]       0.3272              91.7100             0.2834              447            
8              [35840/60000]       0.3333              91.9900             0.2817              448            
8              [36864/60000]       0.2801              92.0300             0.2759              449            
8              [37888/60000]       0.2854              92.0900             0.2785              450            
8              [38912/60000]       0.2932              91.7800             0.2879              451            
8              [39936/60000]       0.2712              92.2900             0.2704              452            
8              [40960/60000]       0.2947              92.2200             0.2746              453            
8              [41984/60000]       0.2450              91.5200             0.2818              454            
8              [43008/60000]       0.2619              92.4700             0.2690              455            
8              [44032/60000]       0.2875              92.0700             0.2703              456            
8              [45056/60000]       0.2872              92.3100             0.2701              457            
8              [46080/60000]       0.2586              91.5500             0.2798              458            
8              [47104/60000]       0.3532              92.0900             0.2824              459            
8              [48128/60000]       0.2607              91.7900             0.2855              460            
8              [49152/60000]       0.2547              92.2100             0.2724              461            
8              [50176/60000]       0.2789              91.9600             0.2773              462            
8              [51200/60000]       0.3300              91.9300             0.2894              463            
8              [52224/60000]       0.3064              91.6300             0.2816              464            
8              [53248/60000]       0.2612              91.4400             0.2938              465            
8              [54272/60000]       0.2918              91.8500             0.2860              466            
8              [55296/60000]       0.2641              92.1600             0.2776              467            
8              [56320/60000]       0.2901              92.3100             0.2731              468            
8              [57344/60000]       0.2563              91.8800             0.2816              469            
8              [58368/60000]       0.3097              91.7100             0.2916              470            
8              [59392/60000]       0.3000              91.5600             0.2936              471            
8              [35872/60000]       0.3111              92.1400             0.2803              472            
9              [1024/60000]        0.2530              91.8300             0.2855              473            
9              [2048/60000]        0.2863              91.3500             0.2989              474            
9              [3072/60000]        0.3427              90.7800             0.3132              475            
9              [4096/60000]        0.3038              92.1100             0.2792              476            
9              [5120/60000]        0.3167              91.9700             0.2846              477            
9              [6144/60000]        0.2161              92.0600             0.2803              478            
9              [7168/60000]        0.2774              91.7200             0.2823              479            
9              [8192/60000]        0.3257              91.9500             0.2876              480            
9              [9216/60000]        0.2940              92.3500             0.2706              481            
9              [10240/60000]       0.2538              92.2700             0.2721              482            
9              [11264/60000]       0.2596              92.0500             0.2781              483            
9              [12288/60000]       0.3380              91.9900             0.2888              484            
9              [13312/60000]       0.2452              91.7100             0.2821              485            
9              [14336/60000]       0.2869              91.7400             0.2937              486            
9              [15360/60000]       0.2881              91.0400             0.3057              487            
9              [16384/60000]       0.2943              91.9300             0.2832              488            
9              [17408/60000]       0.2960              90.7200             0.3103              489            
9              [18432/60000]       0.3025              91.3700             0.3024              490            
9              [19456/60000]       0.3386              91.6600             0.2773              491            
9              [20480/60000]       0.2980              91.6800             0.2830              492            
9              [21504/60000]       0.2424              92.5200             0.2641              493            
9              [22528/60000]       0.2600              92.4500             0.2686              494            
9              [23552/60000]       0.3007              91.8100             0.2816              495            
9              [24576/60000]       0.2825              90.9500             0.2997              496            
9              [25600/60000]       0.2936              91.2600             0.2972              497            
9              [26624/60000]       0.2523              91.5500             0.2977              498            
9              [27648/60000]       0.3133              91.4100             0.2877              499            
