Current_Epoch  Batch/Total         CE_Train            Accuracy(%)         CE_TEST             Batch_Number   
0              [0/60000]           --                  9.020               2.3051              0
1              [1024/60000]        2.3024              56.3600             2.0748              1              
1              [2048/60000]        2.0859              19.6400             16.4505             2              
1              [3072/60000]        16.0578             38.7700             17.0777             3              
1              [4096/60000]        16.3241             35.4700             17.9205             4              
1              [5120/60000]        17.5755             26.2700             20.3884             5              
1              [6144/60000]        19.5443             46.9900             10.6679             6              
1              [7168/60000]        10.6677             46.8900             6.0571              7              
1              [8192/60000]        6.1437              63.2000             5.6079              8              
1              [9216/60000]        5.4114              58.8700             3.5069              9              
1              [10240/60000]       3.5614              59.8600             2.8171              10             
1              [11264/60000]       2.8579              68.8300             1.4930              11             
1              [12288/60000]       1.7157              71.5600             1.2723              12             
1              [13312/60000]       1.3384              75.6600             1.0238              13             
1              [14336/60000]       1.0666              80.9100             0.7597              14             
1              [15360/60000]       0.8110              80.3100             0.8479              15             
1              [16384/60000]       0.9490              80.2100             0.8367              16             
1              [17408/60000]       0.9662              80.3500             0.9014              17             
1              [18432/60000]       0.9708              84.3900             0.6130              18             
1              [19456/60000]       0.7724              85.5800             0.5450              19             
1              [20480/60000]       0.5292              88.7600             0.4163              20             
1              [21504/60000]       0.4191              90.0100             0.3775              21             
1              [22528/60000]       0.3868              90.1200             0.3620              22             
1              [23552/60000]       0.3542              90.2600             0.3618              23             
1              [24576/60000]       0.4617              90.0900             0.3553              24             
1              [25600/60000]       0.3478              90.4600             0.3464              25             
1              [26624/60000]       0.3353              90.8700             0.3322              26             
1              [27648/60000]       0.3568              90.9400             0.3322              27             
1              [28672/60000]       0.3363              90.7900             0.3279              28             
1              [29696/60000]       0.3905              91.1400             0.3223              29             
1              [30720/60000]       0.3787              90.5700             0.3315              30             
1              [31744/60000]       0.3323              91.0000             0.3158              31             
1              [32768/60000]       0.3486              90.8900             0.3250              32             
1              [33792/60000]       0.3966              90.7000             0.3231              33             
1              [34816/60000]       0.3532              90.8800             0.3239              34             
1              [35840/60000]       0.3314              89.4300             0.3540              35             
1              [36864/60000]       0.4113              86.9400             0.4742              36             
1              [37888/60000]       0.5204              86.0800             0.4678              37             
1              [38912/60000]       0.5037              84.4200             0.7886              38             
1              [39936/60000]       0.7715              86.9600             0.4449              39             
1              [40960/60000]       0.4649              85.0100             0.6904              40             
1              [41984/60000]       0.7456              84.8000             0.5210              41             
1              [43008/60000]       0.5587              78.9000             0.9082              42             
1              [44032/60000]       0.8408              79.4200             0.8530              43             
1              [45056/60000]       0.8252              79.6500             1.2967              44             
1              [46080/60000]       1.2424              81.2000             0.8023              45             
1              [47104/60000]       0.8054              83.0300             0.5701              46             
1              [48128/60000]       0.5695              81.2800             0.6913              47             
1              [49152/60000]       0.6881              82.1900             0.6315              48             
1              [50176/60000]       0.6327              84.3900             0.5905              49             
1              [51200/60000]       0.5927              87.7700             0.4221              50             
1              [52224/60000]       0.3952              89.3000             0.3728              51             
1              [53248/60000]       0.3705              91.2100             0.3026              52             
1              [54272/60000]       0.3401              91.3600             0.2934              53             
1              [55296/60000]       0.2733              91.1800             0.3009              54             
1              [56320/60000]       0.3509              91.8700             0.2765              55             
1              [57344/60000]       0.2702              92.1500             0.2739              56             
1              [58368/60000]       0.2930              92.5300             0.2580              57             
1              [59392/60000]       0.2495              92.7600             0.2472              58             
1              [35872/60000]       0.2680              92.8400             0.2516              59             
2              [1024/60000]        0.2784              92.9900             0.2442              60             
2              [2048/60000]        0.2880              93.2400             0.2300              61             
2              [3072/60000]        0.2471              92.7500             0.2518              62             
2              [4096/60000]        0.2394              92.6200             0.2466              63             
2              [5120/60000]        0.3252              92.7500             0.2439              64             
2              [6144/60000]        0.2385              92.8000             0.2414              65             
2              [7168/60000]        0.2597              91.8700             0.2686              66             
2              [8192/60000]        0.2825              90.5900             0.3106              67             
2              [9216/60000]        0.2993              88.2100             0.4034              68             
2              [10240/60000]       0.3690              86.7800             0.4322              69             
2              [11264/60000]       0.4110              82.0500             0.9199              70             
2              [12288/60000]       0.8350              82.6400             0.6608              71             
2              [13312/60000]       0.7132              77.3100             0.8669              72             
2              [14336/60000]       0.7414              82.0600             0.7734              73             
2              [15360/60000]       0.6025              84.9200             0.4591              74             
2              [16384/60000]       0.4300              83.7700             0.6280              75             
2              [17408/60000]       0.6665              84.1100             0.5893              76             
2              [18432/60000]       0.5570              88.3600             0.4082              77             
2              [19456/60000]       0.4079              91.9600             0.2764              78             
2              [20480/60000]       0.2562              91.1300             0.2951              79             
2              [21504/60000]       0.3199              87.4700             0.3850              80             
2              [22528/60000]       0.3802              85.4200             0.5849              81             
2              [23552/60000]       0.5953              84.0900             0.6168              82             
2              [24576/60000]       0.6821              87.8200             0.4631              83             
2              [25600/60000]       0.4828              92.8400             0.2417              84             
2              [26624/60000]       0.2329              94.2100             0.2030              85             
2              [27648/60000]       0.2072              93.9500             0.2073              86             
2              [28672/60000]       0.1961              94.0200             0.2043              87             
2              [29696/60000]       0.2186              94.1300             0.2006              88             
2              [30720/60000]       0.2095              94.3100             0.1980              89             
2              [31744/60000]       0.2221              94.3100             0.1970              90             
2              [32768/60000]       0.2224              94.0800             0.2018              91             
2              [33792/60000]       0.1941              94.3400             0.1964              92             
2              [34816/60000]       0.1596              94.5900             0.1902              93             
2              [35840/60000]       0.1841              94.4500             0.1916              94             
2              [36864/60000]       0.2079              94.2600             0.1979              95             
2              [37888/60000]       0.2118              94.2200             0.1930              96             
2              [38912/60000]       0.2262              94.0800             0.1980              97             
2              [39936/60000]       0.2103              94.7400             0.1887              98             
2              [40960/60000]       0.1705              94.6100             0.1863              99             
2              [41984/60000]       0.1766              95.0200             0.1773              100            
2              [43008/60000]       0.1777              94.6100             0.1861              101            
2              [44032/60000]       0.1978              94.8000             0.1822              102            
2              [45056/60000]       0.1819              95.0800             0.1754              103            
2              [46080/60000]       0.2147              94.5000             0.1819              104            
2              [47104/60000]       0.1930              94.6500             0.1850              105            
2              [48128/60000]       0.1768              94.5700             0.1785              106            
2              [49152/60000]       0.2239              95.0200             0.1772              107            
2              [50176/60000]       0.1872              94.8400             0.1754              108            
2              [51200/60000]       0.1948              94.7700             0.1774              109            
2              [52224/60000]       0.1856              94.7200             0.1798              110            
2              [53248/60000]       0.1849              95.2600             0.1704              111            
2              [54272/60000]       0.1732              95.3800             0.1641              112            
2              [55296/60000]       0.1676              95.1500             0.1657              113            
2              [56320/60000]       0.1859              95.0100             0.1742              114            
2              [57344/60000]       0.1681              94.0500             0.1962              115            
2              [58368/60000]       0.1968              94.5300             0.1859              116            
2              [59392/60000]       0.2249              94.4900             0.1781              117            
2              [35872/60000]       0.2025              94.7300             0.1840              118            
3              [1024/60000]        0.1576              94.6200             0.1799              119            
3              [2048/60000]        0.1794              93.4500             0.2122              120            
3              [3072/60000]        0.2265              90.4100             0.2909              121            
3              [4096/60000]        0.3029              90.3300             0.2819              122            
3              [5120/60000]        0.3260              90.6400             0.3039              123            
3              [6144/60000]        0.2867              93.6600             0.2083              124            
3              [7168/60000]        0.1933              95.0000             0.1719              125            
3              [8192/60000]        0.1488              95.4200             0.1566              126            
3              [9216/60000]        0.1400              95.7600             0.1514              127            
3              [10240/60000]       0.1505              95.7100             0.1505              128            
3              [11264/60000]       0.1572              95.6400             0.1517              129            
3              [12288/60000]       0.1351              95.4500             0.1566              130            
3              [13312/60000]       0.1443              95.3100             0.1621              131            
3              [14336/60000]       0.1568              95.2500             0.1597              132            
3              [15360/60000]       0.1448              95.4400             0.1553              133            
3              [16384/60000]       0.1791              95.6800             0.1503              134            
3              [17408/60000]       0.1526              95.9300             0.1464              135            
3              [18432/60000]       0.1305              95.7500             0.1433              136            
3              [19456/60000]       0.1623              96.0000             0.1418              137            
3              [20480/60000]       0.1307              95.8800             0.1426              138            
3              [21504/60000]       0.1387              95.9000             0.1412              139            
3              [22528/60000]       0.1485              95.7300             0.1477              140            
3              [23552/60000]       0.2049              95.8100             0.1480              141            
3              [24576/60000]       0.1869              95.2300             0.1591              142            
3              [25600/60000]       0.1650              95.0800             0.1644              143            
3              [26624/60000]       0.1521              95.2900             0.1564              144            
3              [27648/60000]       0.1781              95.8200             0.1489              145            
3              [28672/60000]       0.1863              94.2300             0.1786              146            
3              [29696/60000]       0.1654              95.6300             0.1573              147            
3              [30720/60000]       0.1615              95.6100             0.1462              148            
3              [31744/60000]       0.1333              96.2100             0.1376              149            
3              [32768/60000]       0.1639              95.6800             0.1422              150            
3              [33792/60000]       0.1469              93.9800             0.1957              151            
3              [34816/60000]       0.1855              94.5100             0.1706              152            
3              [35840/60000]       0.1543              94.5600             0.1782              153            
3              [36864/60000]       0.1617              94.8400             0.1605              154            
3              [37888/60000]       0.1829              94.7100             0.1698              155            
3              [38912/60000]       0.1806              94.5700             0.1669              156            
3              [39936/60000]       0.1680              94.8500             0.1658              157            
3              [40960/60000]       0.1632              94.7400             0.1613              158            
3              [41984/60000]       0.1549              95.2500             0.1649              159            
3              [43008/60000]       0.1546              94.1900             0.1800              160            
3              [44032/60000]       0.1735              94.5700             0.1751              161            
3              [45056/60000]       0.1901              94.7800             0.1618              162            
3              [46080/60000]       0.1680              94.7500             0.1764              163            
3              [47104/60000]       0.2029              96.0000             0.1358              164            
3              [48128/60000]       0.1317              96.3300             0.1235              165            
3              [49152/60000]       0.1148              96.6400             0.1177              166            
3              [50176/60000]       0.1236              96.3600             0.1238              167            
3              [51200/60000]       0.1101              96.4200             0.1227              168            
3              [52224/60000]       0.1238              96.3400             0.1248              169            
3              [53248/60000]       0.1320              95.6300             0.1385              170            
3              [54272/60000]       0.1207              95.4400             0.1488              171            
3              [55296/60000]       0.1715              95.1000             0.1604              172            
3              [56320/60000]       0.2141              93.0800             0.2122              173            
3              [57344/60000]       0.1950              92.4100             0.2291              174            
3              [58368/60000]       0.2132              91.2600             0.2866              175            
3              [59392/60000]       0.3170              92.1400             0.2413              176            
3              [35872/60000]       0.2744              91.6200             0.2710              177            
4              [1024/60000]        0.2487              96.1300             0.1270              178            
4              [2048/60000]        0.1178              96.3300             0.1235              179            
4              [3072/60000]        0.1194              96.5500             0.1162              180            
4              [4096/60000]        0.0971              96.5100             0.1161              181            
4              [5120/60000]        0.0991              96.5300             0.1138              182            
4              [6144/60000]        0.1100              96.5900             0.1097              183            
4              [7168/60000]        0.1039              96.4900             0.1154              184            
4              [8192/60000]        0.1112              96.7800             0.1076              185            
4              [9216/60000]        0.1303              96.6000             0.1113              186            
4              [10240/60000]       0.1298              96.6700             0.1089              187            
4              [11264/60000]       0.1571              96.8600             0.1104              188            
4              [12288/60000]       0.1136              96.4000             0.1140              189            
4              [13312/60000]       0.1238              96.8600             0.1084              190            
4              [14336/60000]       0.1311              96.4100             0.1216              191            
4              [15360/60000]       0.1191              96.3400             0.1206              192            
4              [16384/60000]       0.1191              96.4300             0.1176              193            
4              [17408/60000]       0.1047              96.6100             0.1118              194            
4              [18432/60000]       0.1035              95.8100             0.1398              195            
4              [19456/60000]       0.1271              95.3200             0.1411              196            
4              [20480/60000]       0.1577              95.7600             0.1335              197            
4              [21504/60000]       0.1131              94.3400             0.1713              198            
4              [22528/60000]       0.1917              92.8800             0.2077              199            
4              [23552/60000]       0.2311              91.4900             0.2838              200            
4              [24576/60000]       0.3012              90.9900             0.2725              201            
4              [25600/60000]       0.2956              93.0100             0.2343              202            
4              [26624/60000]       0.2387              95.3700             0.1545              203            
4              [27648/60000]       0.1660              96.8700             0.1112              204            
4              [28672/60000]       0.1065              96.4400             0.1154              205            
4              [29696/60000]       0.1111              96.4200             0.1125              206            
4              [30720/60000]       0.1257              96.5300             0.1116              207            
4              [31744/60000]       0.0978              96.7500             0.1063              208            
4              [32768/60000]       0.1110              96.8200             0.1041              209            
4              [33792/60000]       0.1097              96.9700             0.0983              210            
4              [34816/60000]       0.1082              96.9100             0.1009              211            
4              [35840/60000]       0.1011              97.0200             0.0995              212            
4              [36864/60000]       0.1131              96.9600             0.1015              213            
4              [37888/60000]       0.0937              96.8400             0.1035              214            
4              [38912/60000]       0.0880              97.0000             0.0982              215            
4              [39936/60000]       0.0900              97.1600             0.0947              216            
4              [40960/60000]       0.0883              97.0800             0.0988              217            
4              [41984/60000]       0.1071              96.8800             0.1025              218            
4              [43008/60000]       0.0996              97.0600             0.0977              219            
4              [44032/60000]       0.1080              97.0400             0.0999              220            
4              [45056/60000]       0.1375              96.5600             0.1120              221            
4              [46080/60000]       0.0817              97.0400             0.0995              222            
4              [47104/60000]       0.0995              97.1900             0.0962              223            
4              [48128/60000]       0.0934              96.8100             0.1026              224            
4              [49152/60000]       0.0955              97.0800             0.0947              225            
4              [50176/60000]       0.0790              97.2000             0.0927              226            
4              [51200/60000]       0.0625              97.0900             0.0913              227            
4              [52224/60000]       0.0823              97.2100             0.0924              228            
4              [53248/60000]       0.1115              97.3000             0.0906              229            
4              [54272/60000]       0.1027              97.1700             0.0918              230            
4              [55296/60000]       0.1055              97.0200             0.0982              231            
4              [56320/60000]       0.0794              97.2400             0.0913              232            
4              [57344/60000]       0.0825              97.2700             0.0877              233            
4              [58368/60000]       0.0829              97.0900             0.0968              234            
4              [59392/60000]       0.1026              97.0400             0.0948              235            
4              [35872/60000]       0.1157              95.8200             0.1378              236            
5              [1024/60000]        0.1405              92.6500             0.2206              237            
5              [2048/60000]        0.1918              91.4000             0.2905              238            
5              [3072/60000]        0.2536              89.1300             0.3196              239            
5              [4096/60000]        0.3270              85.9500             0.5343              240            
5              [5120/60000]        0.4621              84.1300             0.5183              241            
5              [6144/60000]        0.5189              83.1200             0.5541              242            
5              [7168/60000]        0.5697              82.5700             0.8720              243            
5              [8192/60000]        0.8652              88.5600             0.3593              244            
5              [9216/60000]        0.3337              89.7100             0.3759              245            
5              [10240/60000]       0.3868              87.4100             0.4504              246            
5              [11264/60000]       0.4298              87.8800             0.5198              247            
5              [12288/60000]       0.4983              92.6900             0.2648              248            
5              [13312/60000]       0.2330              96.1700             0.1303              249            
5              [14336/60000]       0.1349              96.5900             0.1139              250            
5              [15360/60000]       0.0854              96.9200             0.1041              251            
5              [16384/60000]       0.0872              96.6400             0.1111              252            
5              [17408/60000]       0.1203              96.9800             0.0983              253            
5              [18432/60000]       0.1094              97.0200             0.0973              254            
5              [19456/60000]       0.0716              97.1500             0.0939              255            
5              [20480/60000]       0.0860              97.0300             0.0981              256            
5              [21504/60000]       0.0850              97.0700             0.0964              257            
5              [22528/60000]       0.1071              97.1000             0.0949              258            
5              [23552/60000]       0.0918              97.1900             0.0926              259            
5              [24576/60000]       0.0811              97.0700             0.0930              260            
5              [25600/60000]       0.0967              97.0500             0.0972              261            
5              [26624/60000]       0.1077              96.9100             0.0950              262            
5              [27648/60000]       0.0906              97.1100             0.0936              263            
5              [28672/60000]       0.0990              97.2200             0.0922              264            
5              [29696/60000]       0.0976              97.2900             0.0893              265            
5              [30720/60000]       0.0934              97.2800             0.0903              266            
5              [31744/60000]       0.0866              97.2800             0.0919              267            
5              [32768/60000]       0.0739              97.3700             0.0896              268            
5              [33792/60000]       0.0725              97.4100             0.0893              269            
5              [34816/60000]       0.0652              97.3800             0.0874              270            
5              [35840/60000]       0.0963              97.2200             0.0878              271            
5              [36864/60000]       0.0818              97.3500             0.0849              272            
5              [37888/60000]       0.1057              97.4300             0.0853              273            
5              [38912/60000]       0.0861              97.2600             0.0893              274            
5              [39936/60000]       0.0904              97.4300             0.0876              275            
5              [40960/60000]       0.0972              97.2600             0.0883              276            
5              [41984/60000]       0.0828              97.3900             0.0853              277            
5              [43008/60000]       0.1055              97.4800             0.0837              278            
5              [44032/60000]       0.0674              97.4000             0.0841              279            
5              [45056/60000]       0.0576              97.4300             0.0816              280            
5              [46080/60000]       0.0900              97.4400             0.0832              281            
5              [47104/60000]       0.0739              97.6200             0.0803              282            
5              [48128/60000]       0.0577              97.4600             0.0819              283            
5              [49152/60000]       0.0836              97.3400             0.0858              284            
5              [50176/60000]       0.0711              97.3400             0.0872              285            
5              [51200/60000]       0.0744              97.3000             0.0871              286            
5              [52224/60000]       0.0833              97.4200             0.0828              287            
5              [53248/60000]       0.0955              97.4400             0.0829              288            
5              [54272/60000]       0.0627              97.5600             0.0793              289            
5              [55296/60000]       0.0613              97.4900             0.0788              290            
5              [56320/60000]       0.0726              97.5300             0.0798              291            
5              [57344/60000]       0.0900              97.3000             0.0897              292            
5              [58368/60000]       0.1087              96.9800             0.0938              293            
5              [59392/60000]       0.0856              97.0400             0.0935              294            
5              [35872/60000]       0.0633              97.2300             0.0894              295            
6              [1024/60000]        0.0774              97.2700             0.0887              296            
6              [2048/60000]        0.0750              97.3400             0.0826              297            
6              [3072/60000]        0.0665              97.3700             0.0849              298            
6              [4096/60000]        0.0748              97.3900             0.0819              299            
6              [5120/60000]        0.0582              97.1900             0.0902              300            
6              [6144/60000]        0.0766              96.9100             0.0932              301            
6              [7168/60000]        0.0888              97.0400             0.0936              302            
6              [8192/60000]        0.0801              97.2600             0.0853              303            
6              [9216/60000]        0.0680              97.6200             0.0751              304            
6              [10240/60000]       0.0820              97.5000             0.0794              305            
6              [11264/60000]       0.0997              97.5300             0.0801              306            
6              [12288/60000]       0.0792              97.4900             0.0784              307            
6              [13312/60000]       0.0590              97.6000             0.0754              308            
6              [14336/60000]       0.0725              97.5300             0.0783              309            
6              [15360/60000]       0.0726              97.3800             0.0839              310            
6              [16384/60000]       0.0773              97.2000             0.0892              311            
6              [17408/60000]       0.0730              97.2600             0.0843              312            
6              [18432/60000]       0.0748              97.4900             0.0774              313            
6              [19456/60000]       0.0641              97.6900             0.0762              314            
6              [20480/60000]       0.0674              97.7400             0.0743              315            
6              [21504/60000]       0.0540              97.4300             0.0813              316            
6              [22528/60000]       0.0559              97.5600             0.0778              317            
6              [23552/60000]       0.0507              97.6600             0.0730              318            
6              [24576/60000]       0.0801              97.6200             0.0738              319            
6              [25600/60000]       0.0730              97.3500             0.0837              320            
6              [26624/60000]       0.0797              97.2800             0.0851              321            
6              [27648/60000]       0.0559              97.5600             0.0786              322            
6              [28672/60000]       0.0616              97.3200             0.0801              323            
6              [29696/60000]       0.0705              97.6400             0.0749              324            
6              [30720/60000]       0.0547              97.6500             0.0740              325            
6              [31744/60000]       0.0817              97.5400             0.0807              326            
6              [32768/60000]       0.0780              97.6300             0.0773              327            
6              [33792/60000]       0.0668              97.6500             0.0753              328            
6              [34816/60000]       0.0748              97.3800             0.0815              329            
6              [35840/60000]       0.0737              97.6300             0.0726              330            
6              [36864/60000]       0.0484              97.6800             0.0728              331            
6              [37888/60000]       0.0705              97.6100             0.0771              332            
6              [38912/60000]       0.0824              96.7800             0.0904              333            
6              [39936/60000]       0.0914              96.5000             0.1107              334            
6              [40960/60000]       0.1013              95.5100             0.1357              335            
6              [41984/60000]       0.1400              96.0100             0.1283              336            
6              [43008/60000]       0.1442              94.5200             0.1741              337            
6              [44032/60000]       0.1740              96.4100             0.1122              338            
6              [45056/60000]       0.1000              96.9000             0.0950              339            
6              [46080/60000]       0.0955              97.5100             0.0798              340            
6              [47104/60000]       0.0613              97.5600             0.0756              341            
6              [48128/60000]       0.0730              97.4800             0.0785              342            
6              [49152/60000]       0.0998              97.3400             0.0813              343            
6              [50176/60000]       0.0882              97.2400             0.0832              344            
6              [51200/60000]       0.0829              97.7800             0.0708              345            
6              [52224/60000]       0.0442              97.7100             0.0707              346            
6              [53248/60000]       0.0520              97.7800             0.0697              347            
6              [54272/60000]       0.0620              97.7000             0.0723              348            
6              [55296/60000]       0.0614              97.4600             0.0791              349            
6              [56320/60000]       0.0762              97.2300             0.0836              350            
6              [57344/60000]       0.0803              96.7500             0.0991              351            
6              [58368/60000]       0.0698              97.1200             0.0891              352            
6              [59392/60000]       0.0724              96.8000             0.0996              353            
6              [35872/60000]       0.0694              97.0700             0.0895              354            
7              [1024/60000]        0.0968              97.6700             0.0754              355            
7              [2048/60000]        0.0399              97.7400             0.0696              356            
7              [3072/60000]        0.0485              97.6600             0.0740              357            
7              [4096/60000]        0.0673              97.3400             0.0790              358            
7              [5120/60000]        0.0761              96.7600             0.1020              359            
7              [6144/60000]        0.1192              96.6400             0.1010              360            
7              [7168/60000]        0.0815              97.0700             0.0874              361            
7              [8192/60000]        0.0686              97.3000             0.0840              362            
7              [9216/60000]        0.0615              97.8000             0.0696              363            
7              [10240/60000]       0.0710              97.6700             0.0737              364            
7              [11264/60000]       0.0612              97.3900             0.0787              365            
7              [12288/60000]       0.0694              97.5400             0.0768              366            
7              [13312/60000]       0.0722              97.8100             0.0697              367            
7              [14336/60000]       0.0589              97.6400             0.0731              368            
7              [15360/60000]       0.0581              97.7600             0.0709              369            
7              [16384/60000]       0.0582              97.5900             0.0719              370            
7              [17408/60000]       0.0653              97.7800             0.0702              371            
7              [18432/60000]       0.0679              97.4700             0.0789              372            
7              [19456/60000]       0.1037              97.5900             0.0761              373            
7              [20480/60000]       0.0497              97.7300             0.0683              374            
7              [21504/60000]       0.0799              97.7900             0.0673              375            
7              [22528/60000]       0.0480              97.8500             0.0656              376            
7              [23552/60000]       0.0513              97.7800             0.0658              377            
7              [24576/60000]       0.0757              97.8600             0.0676              378            
7              [25600/60000]       0.0522              97.7300             0.0707              379            
7              [26624/60000]       0.0566              97.7900             0.0667              380            
7              [27648/60000]       0.0468              97.8000             0.0667              381            
7              [28672/60000]       0.0550              97.7700             0.0678              382            
7              [29696/60000]       0.0698              97.4700             0.0755              383            
7              [30720/60000]       0.0694              97.4300             0.0802              384            
7              [31744/60000]       0.0752              96.9900             0.0919              385            
7              [32768/60000]       0.0800              97.0700             0.0917              386            
7              [33792/60000]       0.0743              97.7900             0.0703              387            
7              [34816/60000]       0.0670              97.7500             0.0735              388            
7              [35840/60000]       0.0608              97.6800             0.0780              389            
7              [36864/60000]       0.0495              97.7400             0.0695              390            
7              [37888/60000]       0.0494              97.5000             0.0776              391            
7              [38912/60000]       0.0787              97.1200             0.0863              392            
7              [39936/60000]       0.0676              97.5500             0.0766              393            
7              [40960/60000]       0.0580              97.5800             0.0711              394            
7              [41984/60000]       0.0643              97.7400             0.0698              395            
7              [43008/60000]       0.0574              97.8300             0.0670              396            
7              [44032/60000]       0.0431              97.7600             0.0691              397            
7              [45056/60000]       0.0575              97.5300             0.0741              398            
7              [46080/60000]       0.0565              97.6900             0.0720              399            
7              [47104/60000]       0.0689              96.4900             0.1051              400            
7              [48128/60000]       0.1338              89.2300             0.3409              401            
7              [49152/60000]       0.3240              85.8900             1.2112              402            
7              [50176/60000]       1.4931              82.4700             1.2330              403            
7              [51200/60000]       1.2373              87.7400             0.5270              404            
7              [52224/60000]       0.4715              89.2800             0.3694              405            
7              [53248/60000]       0.3269              88.1000             0.5800              406            
7              [54272/60000]       0.5836              85.2400             1.0228              407            
7              [55296/60000]       0.9723              80.6300             1.0330              408            
7              [56320/60000]       0.9450              81.6900             1.0589              409            
7              [57344/60000]       1.1097              80.4600             1.5211              410            
7              [58368/60000]       1.4259              79.6100             1.3749              411            
7              [59392/60000]       1.4979              81.9900             1.0117              412            
7              [35872/60000]       1.0678              80.8800             0.8098              413            
8              [1024/60000]        0.6810              83.9200             1.1859              414            
8              [2048/60000]        1.1695              90.5700             0.3782              415            
8              [3072/60000]        0.4133              96.5900             0.1273              416            
8              [4096/60000]        0.1186              96.6300             0.1174              417            
8              [5120/60000]        0.0834              96.9900             0.1082              418            
8              [6144/60000]        0.0772              96.9300             0.1062              419            
8              [7168/60000]        0.0857              97.0200             0.1033              420            
8              [8192/60000]        0.0718              97.1000             0.0981              421            
8              [9216/60000]        0.0934              97.1800             0.0961              422            
8              [10240/60000]       0.0868              97.2300             0.0937              423            
8              [11264/60000]       0.0548              97.2300             0.0914              424            
8              [12288/60000]       0.0938              97.3200             0.0901              425            
8              [13312/60000]       0.1005              97.2700             0.0905              426            
8              [14336/60000]       0.0851              97.2800             0.0896              427            
8              [15360/60000]       0.0784              97.2800             0.0865              428            
8              [16384/60000]       0.0774              97.3400             0.0859              429            
8              [17408/60000]       0.0673              97.2600             0.0850              430            
8              [18432/60000]       0.0815              97.3900             0.0827              431            
8              [19456/60000]       0.0656              97.4300             0.0827              432            
8              [20480/60000]       0.1362              97.3700             0.0813              433            
8              [21504/60000]       0.0787              97.3000             0.0800              434            
8              [22528/60000]       0.0669              97.4500             0.0793              435            
8              [23552/60000]       0.0579              97.4000             0.0791              436            
8              [24576/60000]       0.0685              97.4500             0.0780              437            
8              [25600/60000]       0.0668              97.5000             0.0770              438            
8              [26624/60000]       0.0567              97.4300             0.0773              439            
8              [27648/60000]       0.0521              97.4600             0.0780              440            
8              [28672/60000]       0.0496              97.4900             0.0771              441            
8              [29696/60000]       0.0610              97.4500             0.0768              442            
8              [30720/60000]       0.0685              97.4600             0.0774              443            
8              [31744/60000]       0.0834              97.4300             0.0780              444            
8              [32768/60000]       0.0938              97.5400             0.0789              445            
8              [33792/60000]       0.0689              97.4700             0.0758              446            
8              [34816/60000]       0.0948              97.4600             0.0757              447            
8              [35840/60000]       0.0606              97.5200             0.0759              448            
8              [36864/60000]       0.0570              97.5700             0.0760              449            
8              [37888/60000]       0.0698              97.6300             0.0728              450            
8              [38912/60000]       0.0630              97.7100             0.0707              451            
8              [39936/60000]       0.0560              97.4900             0.0729              452            
8              [40960/60000]       0.0650              97.6100             0.0729              453            
8              [41984/60000]       0.0770              97.7700             0.0717              454            
8              [43008/60000]       0.0581              97.6600             0.0729              455            
8              [44032/60000]       0.0399              97.6300             0.0710              456            
8              [45056/60000]       0.0479              97.6400             0.0714              457            
8              [46080/60000]       0.0622              97.6300             0.0698              458            
8              [47104/60000]       0.0624              97.6400             0.0694              459            
8              [48128/60000]       0.0597              97.6400             0.0696              460            
8              [49152/60000]       0.0643              97.7500             0.0688              461            
8              [50176/60000]       0.0517              97.7300             0.0684              462            
8              [51200/60000]       0.0621              97.8400             0.0666              463            
8              [52224/60000]       0.0570              97.8500             0.0679              464            
8              [53248/60000]       0.0607              97.7500             0.0701              465            
8              [54272/60000]       0.0544              97.8900             0.0675              466            
8              [55296/60000]       0.0522              97.7500             0.0709              467            
8              [56320/60000]       0.0702              97.8300             0.0672              468            
8              [57344/60000]       0.0565              97.8100             0.0688              469            
8              [58368/60000]       0.0513              97.8800             0.0669              470            
8              [59392/60000]       0.0504              97.9000             0.0673              471            
8              [35872/60000]       0.0635              97.8100             0.0683              472            
9              [1024/60000]        0.0550              97.8800             0.0642              473            
9              [2048/60000]        0.0653              97.8500             0.0669              474            
9              [3072/60000]        0.0592              97.8900             0.0662              475            
9              [4096/60000]        0.0603              97.9100             0.0659              476            
9              [5120/60000]        0.0452              97.8900             0.0649              477            
9              [6144/60000]        0.0446              97.8200             0.0660              478            
9              [7168/60000]        0.0494              97.8400             0.0658              479            
9              [8192/60000]        0.0312              97.9300             0.0655              480            
9              [9216/60000]        0.0498              98.0000             0.0645              481            
9              [10240/60000]       0.0464              97.9500             0.0645              482            
9              [11264/60000]       0.0570              97.9600             0.0648              483            
9              [12288/60000]       0.0646              97.8600             0.0661              484            
9              [13312/60000]       0.0349              98.0100             0.0646              485            
9              [14336/60000]       0.0424              97.7900             0.0686              486            
9              [15360/60000]       0.0579              97.9400             0.0651              487            
9              [16384/60000]       0.0483              97.7200             0.0692              488            
9              [17408/60000]       0.0628              97.6500             0.0694              489            
9              [18432/60000]       0.0573              97.6600             0.0711              490            
9              [19456/60000]       0.0487              97.9600             0.0634              491            
9              [20480/60000]       0.0568              97.9200             0.0623              492            
9              [21504/60000]       0.0367              97.8300             0.0662              493            
9              [22528/60000]       0.0302              97.9400             0.0625              494            
9              [23552/60000]       0.0337              97.9300             0.0616              495            
9              [24576/60000]       0.0450              97.7300             0.0695              496            
9              [25600/60000]       0.0595              97.9600             0.0631              497            
9              [26624/60000]       0.0547              97.9600             0.0631              498            
9              [27648/60000]       0.0435              97.9400             0.0647              499            
9              [28672/60000]       0.0714              97.8200             0.0638              500            
9              [29696/60000]       0.0488              98.0300             0.0635              501            
9              [30720/60000]       0.0580              97.8900             0.0648              502            
9              [31744/60000]       0.0446              97.7300             0.0720              503            
9              [32768/60000]       0.0509              97.6700             0.0714              504            
9              [33792/60000]       0.0416              97.7500             0.0683              505            
9              [34816/60000]       0.0745              97.8800             0.0641              506            
9              [35840/60000]       0.0579              97.8600             0.0666              507            
9              [36864/60000]       0.0731              97.8300             0.0675              508            
9              [37888/60000]       0.0505              97.8600             0.0691              509            
9              [38912/60000]       0.0554              97.6700             0.0707              510            
9              [39936/60000]       0.0531              97.8700             0.0629              511            
9              [40960/60000]       0.0600              98.0000             0.0634              512            
9              [41984/60000]       0.0407              97.9000             0.0641              513            
9              [43008/60000]       0.0406              97.9500             0.0614              514            
9              [44032/60000]       0.0452              97.7400             0.0671              515            
9              [45056/60000]       0.0526              97.9600             0.0611              516            
9              [46080/60000]       0.0559              97.7300             0.0666              517            
9              [47104/60000]       0.0569              97.7200             0.0665              518            
9              [48128/60000]       0.0457              97.6000             0.0719              519            
9              [49152/60000]       0.0692              97.5600             0.0787              520            
9              [50176/60000]       0.0599              97.8300             0.0684              521            
9              [51200/60000]       0.0724              97.6600             0.0715              522            
9              [52224/60000]       0.0446              97.9700             0.0630              523            
9              [53248/60000]       0.0813              97.6900             0.0721              524            
9              [54272/60000]       0.0555              97.8300             0.0646              525            
9              [55296/60000]       0.0475              97.6200             0.0695              526            
9              [56320/60000]       0.0423              97.8500             0.0659              527            
9              [57344/60000]       0.0372              97.5800             0.0729              528            
9              [58368/60000]       0.0425              97.9400             0.0616              529            
9              [59392/60000]       0.0600              97.9300             0.0631              530            
9              [35872/60000]       0.0663              97.9200             0.0630              531            
10             [1024/60000]        0.0399              98.0600             0.0606              532            
10             [2048/60000]        0.0400              97.9200             0.0634              533            
10             [3072/60000]        0.0489              97.9600             0.0660              534            
10             [4096/60000]        0.0572              97.5300             0.0777              535            
10             [5120/60000]        0.0544              97.9300             0.0635              536            
10             [6144/60000]        0.0206              98.0100             0.0613              537            
10             [7168/60000]        0.0386              97.9200             0.0625              538            
10             [8192/60000]        0.0254              98.0300             0.0604              539            
10             [9216/60000]        0.0576              98.0000             0.0618              540            
10             [10240/60000]       0.0427              97.7700             0.0649              541            
10             [11264/60000]       0.0497              97.8800             0.0639              542            
10             [12288/60000]       0.0578              97.7000             0.0698              543            
10             [13312/60000]       0.0422              97.5400             0.0742              544            
10             [14336/60000]       0.0463              97.9800             0.0612              545            
10             [15360/60000]       0.0358              97.9700             0.0643              546            
10             [16384/60000]       0.0358              97.8400             0.0655              547            
10             [17408/60000]       0.0483              97.6000             0.0714              548            
10             [18432/60000]       0.0481              97.7000             0.0701              549            
10             [19456/60000]       0.0576              97.5600             0.0747              550            
10             [20480/60000]       0.0499              98.0700             0.0606              551            
10             [21504/60000]       0.0496              97.7300             0.0664              552            
10             [22528/60000]       0.0374              97.9500             0.0614              553            
10             [23552/60000]       0.0469              98.0800             0.0591              554            
10             [24576/60000]       0.0467              97.7700             0.0657              555            
10             [25600/60000]       0.0672              97.7000             0.0664              556            
10             [26624/60000]       0.0374              97.7200             0.0670              557            
10             [27648/60000]       0.0509              97.8400             0.0652              558            
10             [28672/60000]       0.0590              97.6600             0.0716              559            
