Current_Epoch  Batch/Total         CE_Train            Accuracy(%)         CE_TEST             Batch_Number   
0              [0/50000]           --                  9.020               4.6074              0
1              [1024/50000]        4.6063              2.0400              4.9938              1              
1              [2048/50000]        5.0316              1.7900              6.2218              2              
1              [3072/50000]        6.5176              1.1600              6.0938              3              
1              [4096/50000]        5.9465              2.4000              6.2332              4              
1              [5120/50000]        6.0567              1.9700              6.2445              5              
1              [6144/50000]        6.2653              1.6000              6.4260              6              
1              [7168/50000]        6.5506              2.4600              5.8085              7              
1              [8192/50000]        5.7612              1.9200              5.7821              8              
1              [9216/50000]        5.9143              2.7900              5.4393              9              
1              [10240/50000]       5.5209              4.6500              4.8832              10             
1              [11264/50000]       4.9257              5.9000              4.5743              11             
1              [12288/50000]       4.5457              5.9000              4.4474              12             
1              [13312/50000]       4.4201              7.1300              4.3401              13             
1              [14336/50000]       4.3453              7.4200              4.2711              14             
1              [15360/50000]       4.2937              7.7400              4.2065              15             
1              [16384/50000]       4.1793              9.3100              4.1677              16             
1              [17408/50000]       4.1959              10.3500             4.1361              17             
1              [18432/50000]       4.0886              10.4600             4.1067              18             
1              [19456/50000]       4.1364              9.3200              4.0963              19             
1              [20480/50000]       4.0777              10.5300             4.0768              20             
1              [21504/50000]       4.0797              10.4400             4.0531              21             
1              [22528/50000]       4.0318              10.4200             4.0215              22             
1              [23552/50000]       3.9455              9.5700              4.0137              23             
1              [24576/50000]       3.9781              10.0100             4.0225              24             
1              [25600/50000]       4.0280              9.8700              4.0103              25             
1              [26624/50000]       4.0333              10.6200             3.9875              26             
1              [27648/50000]       3.9706              11.1200             3.9605              27             
1              [28672/50000]       3.9358              12.1100             3.9309              28             
1              [29696/50000]       3.9327              11.0500             3.9566              29             
1              [30720/50000]       3.9305              11.0300             3.9555              30             
1              [31744/50000]       3.9316              10.9700             3.9440              31             
1              [32768/50000]       3.9129              11.8800             3.9034              32             
1              [33792/50000]       3.9656              12.1700             3.8888              33             
1              [34816/50000]       3.9091              12.8300             3.8578              34             
1              [35840/50000]       3.8927              13.8800             3.8513              35             
1              [36864/50000]       3.8334              13.3000             3.8229              36             
1              [37888/50000]       3.8432              12.2800             3.8564              37             
1              [38912/50000]       3.8931              12.2800             3.8488              38             
1              [39936/50000]       3.8782              12.3400             3.8790              39             
1              [40960/50000]       3.8938              13.1000             3.8911              40             
1              [41984/50000]       3.9166              13.6300             3.8143              41             
1              [43008/50000]       3.7985              13.3800             3.8032              42             
1              [44032/50000]       3.7363              14.7400             3.7730              43             
1              [45056/50000]       3.7441              14.9100             3.7714              44             
1              [46080/50000]       3.7522              13.0500             3.7813              45             
1              [47104/50000]       3.8270              12.3200             3.8391              46             
1              [48128/50000]       3.7914              13.6800             3.8327              47             
1              [49152/50000]       3.8198              14.3300             3.7933              48             
1              [41552/50000]       3.7346              13.7400             3.7757              49             
2              [1024/50000]        3.6512              13.5500             3.7695              50             
2              [2048/50000]        3.7650              13.6800             3.7894              51             
2              [3072/50000]        3.7215              12.7400             3.8163              52             
2              [4096/50000]        3.8279              12.4300             3.8685              53             
2              [5120/50000]        3.8162              14.2500             3.7969              54             
2              [6144/50000]        3.6688              14.5300             3.7379              55             
2              [7168/50000]        3.7524              13.7100             3.7668              56             
2              [8192/50000]        3.7421              13.0200             3.8139              57             
2              [9216/50000]        3.8027              14.8000             3.7318              58             
2              [10240/50000]       3.6450              15.4300             3.6982              59             
2              [11264/50000]       3.5489              15.0500             3.6991              60             
2              [12288/50000]       3.6322              15.3900             3.6990              61             
2              [13312/50000]       3.6596              14.3400             3.7349              62             
2              [14336/50000]       3.6621              14.5800             3.7319              63             
2              [15360/50000]       3.6627              14.7400             3.6894              64             
2              [16384/50000]       3.6399              15.8300             3.6605              65             
2              [17408/50000]       3.6009              15.3100             3.6936              66             
2              [18432/50000]       3.6518              15.1100             3.6773              67             
2              [19456/50000]       3.6046              16.8200             3.6358              68             
2              [20480/50000]       3.5937              15.7500             3.6546              69             
2              [21504/50000]       3.5855              15.5000             3.6692              70             
2              [22528/50000]       3.6038              16.9800             3.6240              71             
2              [23552/50000]       3.6660              16.7800             3.6070              72             
2              [24576/50000]       3.4934              16.1400             3.6248              73             
2              [25600/50000]       3.5851              16.8500             3.6301              74             
2              [26624/50000]       3.6045              16.9500             3.6084              75             
2              [27648/50000]       3.5601              17.2500             3.6054              76             
2              [28672/50000]       3.5456              16.0200             3.6403              77             
2              [29696/50000]       3.6146              14.5400             3.6998              78             
2              [30720/50000]       3.6098              15.2200             3.6849              79             
2              [31744/50000]       3.6404              15.2100             3.7060              80             
2              [32768/50000]       3.6977              15.2900             3.6965              81             
2              [33792/50000]       3.6922              15.5200             3.6679              82             
2              [34816/50000]       3.6045              17.0900             3.5974              83             
2              [35840/50000]       3.5482              15.2500             3.6302              84             
2              [36864/50000]       3.5331              17.1200             3.5834              85             
2              [37888/50000]       3.4674              16.6900             3.5817              86             
2              [38912/50000]       3.4766              16.2700             3.6046              87             
2              [39936/50000]       3.4834              17.6800             3.5568              88             
2              [40960/50000]       3.4981              16.9000             3.5807              89             
2              [41984/50000]       3.5359              17.7300             3.5463              90             
2              [43008/50000]       3.5487              18.1200             3.5324              91             
2              [44032/50000]       3.4384              19.2000             3.5066              92             
2              [45056/50000]       3.4474              18.4900             3.5238              93             
2              [46080/50000]       3.4989              18.6700             3.5071              94             
2              [47104/50000]       3.4930              18.5500             3.4927              95             
2              [48128/50000]       3.4433              17.3800             3.5444              96             
2              [49152/50000]       3.4466              16.6700             3.6017              97             
2              [41552/50000]       3.5487              16.2900             3.6466              98             
3              [1024/50000]        3.4823              15.8100             3.6591              99             
3              [2048/50000]        3.5591              17.8000             3.5686              100            
3              [3072/50000]        3.4644              18.1600             3.5119              101            
3              [4096/50000]        3.5384              19.2400             3.4888              102            
3              [5120/50000]        3.3870              18.3200             3.4891              103            
3              [6144/50000]        3.3975              18.5800             3.5224              104            
3              [7168/50000]        3.4378              18.6200             3.4949              105            
3              [8192/50000]        3.3679              17.6500             3.5486              106            
3              [9216/50000]        3.4267              16.6000             3.6252              107            
3              [10240/50000]       3.5610              16.2200             3.6244              108            
3              [11264/50000]       3.4136              17.1600             3.5813              109            
3              [12288/50000]       3.4681              17.8000             3.5556              110            
3              [13312/50000]       3.4202              19.2400             3.5217              111            
3              [14336/50000]       3.4519              19.5200             3.4621              112            
3              [15360/50000]       3.3946              19.5700             3.4798              113            
3              [16384/50000]       3.4146              18.9000             3.4798              114            
3              [17408/50000]       3.3721              18.2400             3.5284              115            
3              [18432/50000]       3.4150              18.5500             3.4802              116            
3              [19456/50000]       3.3836              19.5000             3.4694              117            
3              [20480/50000]       3.3645              19.5700             3.4548              118            
3              [21504/50000]       3.3481              19.7100             3.4601              119            
3              [22528/50000]       3.3741              19.2100             3.4665              120            
3              [23552/50000]       3.2861              17.8200             3.5142              121            
3              [24576/50000]       3.3889              20.2300             3.4711              122            
3              [25600/50000]       3.4076              19.3800             3.4820              123            
3              [26624/50000]       3.4264              19.8900             3.4506              124            
3              [27648/50000]       3.2952              19.5500             3.4437              125            
3              [28672/50000]       3.3270              20.8300             3.4124              126            
3              [29696/50000]       3.2311              20.2100             3.4003              127            
3              [30720/50000]       3.2657              20.2800             3.4257              128            
3              [31744/50000]       3.3312              18.5900             3.4749              129            
3              [32768/50000]       3.2936              20.3900             3.4348              130            
3              [33792/50000]       3.3448              20.3700             3.4182              131            
3              [34816/50000]       3.3766              19.5600             3.4671              132            
3              [35840/50000]       3.3352              18.0200             3.5772              133            
3              [36864/50000]       3.4567              19.0500             3.5138              134            
3              [37888/50000]       3.4438              19.2300             3.4742              135            
3              [38912/50000]       3.3278              18.9100             3.4864              136            
3              [39936/50000]       3.2996              17.9900             3.5769              137            
3              [40960/50000]       3.5022              17.6500             3.6192              138            
3              [41984/50000]       3.5115              18.0900             3.5518              139            
