Current_Epoch  Batch/Total         CE_Train            Accuracy(%)         CE_TEST             Batch_Number   
0              [0/60000]           --                  9.020               2.2961              0
1              [1024/60000]        2.2957              46.5200             1.7537              1              
1              [2048/60000]        1.7584              34.9200             6.4084              2              
1              [3072/60000]        6.2595              32.4200             4.3912              3              
1              [4096/60000]        4.2319              37.7400             5.1197              4              
1              [5120/60000]        5.3587              42.3800             4.2923              5              
1              [6144/60000]        4.0875              42.1900             3.0786              6              
1              [7168/60000]        3.1710              51.3400             2.5528              7              
1              [8192/60000]        2.3744              40.6000             2.3952              8              
1              [9216/60000]        2.2951              59.8500             1.8867              9              
1              [10240/60000]       1.8780              59.4400             1.4701              10             
1              [11264/60000]       1.4674              65.2700             1.5146              11             
1              [12288/60000]       1.6061              65.2400             0.8547              12             
1              [13312/60000]       0.7974              71.8000             0.7738              13             
1              [14336/60000]       0.7976              72.8400             0.7093              14             
1              [15360/60000]       0.7022              72.6900             0.8918              15             
1              [16384/60000]       0.9127              72.3400             0.9143              16             
1              [17408/60000]       0.9288              73.1200             0.7561              17             
1              [18432/60000]       0.7665              69.8500             0.9021              18             
1              [19456/60000]       0.9061              74.1200             0.8512              19             
1              [20480/60000]       0.8326              77.1200             0.6232              20             
1              [21504/60000]       0.5929              77.8700             0.6339              21             
1              [22528/60000]       0.6104              74.4300             0.6709              22             
1              [23552/60000]       0.6553              69.7500             0.8447              23             
1              [24576/60000]       0.8620              68.9600             0.8416              24             
1              [25600/60000]       0.8740              71.5900             0.8053              25             
1              [26624/60000]       0.8643              72.3200             0.7347              26             
1              [27648/60000]       0.7078              75.9900             0.7042              27             
1              [28672/60000]       0.6493              78.7900             0.5920              28             
1              [29696/60000]       0.5167              80.5200             0.5580              29             
1              [30720/60000]       0.5453              81.1300             0.5506              30             
1              [31744/60000]       0.5528              81.2700             0.5465              31             
1              [32768/60000]       0.5059              79.9100             0.5662              32             
1              [33792/60000]       0.5611              80.1200             0.5706              33             
1              [34816/60000]       0.5203              78.4100             0.5868              34             
1              [35840/60000]       0.5668              77.3200             0.6390              35             
1              [36864/60000]       0.6014              73.6400             0.7124              36             
1              [37888/60000]       0.6944              76.8100             0.8024              37             
1              [38912/60000]       0.8554              75.4200             0.6970              38             
1              [39936/60000]       0.6756              77.2300             0.6489              39             
1              [40960/60000]       0.6052              77.5700             0.6184              40             
1              [41984/60000]       0.5792              80.4100             0.5631              41             
1              [43008/60000]       0.5648              74.9700             0.6713              42             
1              [44032/60000]       0.6574              77.2000             0.7000              43             
1              [45056/60000]       0.7064              78.1800             0.5868              44             
1              [46080/60000]       0.5663              79.7800             0.5806              45             
1              [47104/60000]       0.5358              79.3500             0.5568              46             
1              [48128/60000]       0.5132              80.6200             0.5502              47             
1              [49152/60000]       0.5198              78.9000             0.5621              48             
1              [50176/60000]       0.5214              81.9100             0.5180              49             
1              [51200/60000]       0.5316              78.7400             0.5697              50             
1              [52224/60000]       0.5903              76.2200             0.6652              51             
1              [53248/60000]       0.6143              76.4900             0.6834              52             
1              [54272/60000]       0.6695              77.3200             0.6390              53             
1              [55296/60000]       0.6726              77.5100             0.6363              54             
1              [56320/60000]       0.6768              77.5300             0.6160              55             
1              [57344/60000]       0.5992              78.2700             0.6146              56             
1              [58368/60000]       0.6610              78.5800             0.5769              57             
1              [59392/60000]       0.5023              79.3300             0.5669              58             
1              [35872/60000]       0.5971              75.9100             0.6261              59             
2              [1024/60000]        0.5807              78.4200             0.5992              60             
2              [2048/60000]        0.5726              78.0300             0.5770              61             
2              [3072/60000]        0.5795              80.1600             0.5588              62             
2              [4096/60000]        0.5746              79.8600             0.5204              63             
2              [5120/60000]        0.5202              81.7700             0.5232              64             
2              [6144/60000]        0.4744              83.0700             0.4844              65             
2              [7168/60000]        0.4734              81.9400             0.5053              66             
2              [8192/60000]        0.4600              81.1900             0.5126              67             
2              [9216/60000]        0.4640              81.4000             0.5176              68             
2              [10240/60000]       0.4610              80.4200             0.5380              69             
2              [11264/60000]       0.5723              78.9300             0.5935              70             
2              [12288/60000]       0.5916              78.5500             0.5756              71             
2              [13312/60000]       0.6147              77.9500             0.6115              72             
2              [14336/60000]       0.5587              77.4500             0.6011              73             
2              [15360/60000]       0.5816              81.1900             0.5287              74             
2              [16384/60000]       0.5198              79.9300             0.5364              75             
2              [17408/60000]       0.5736              80.8200             0.5414              76             
2              [18432/60000]       0.4714              82.6500             0.4834              77             
2              [19456/60000]       0.4409              82.3500             0.4893              78             
2              [20480/60000]       0.4269              82.9400             0.4734              79             
2              [21504/60000]       0.4617              83.7300             0.4650              80             
2              [22528/60000]       0.4646              81.9700             0.4773              81             
2              [23552/60000]       0.4431              82.3200             0.4996              82             
2              [24576/60000]       0.4365              81.7900             0.4888              83             
2              [25600/60000]       0.4154              82.3700             0.4850              84             
2              [26624/60000]       0.4854              81.7500             0.4914              85             
2              [27648/60000]       0.4567              82.9000             0.4886              86             
2              [28672/60000]       0.5043              79.1300             0.5319              87             
2              [29696/60000]       0.5164              81.1100             0.5508              88             
2              [30720/60000]       0.5084              83.9300             0.4532              89             
2              [31744/60000]       0.4025              84.2200             0.4467              90             
2              [32768/60000]       0.3939              83.8400             0.4479              91             
2              [33792/60000]       0.4264              84.6800             0.4394              92             
2              [34816/60000]       0.4288              84.5000             0.4394              93             
2              [35840/60000]       0.4370              83.8300             0.4511              94             
2              [36864/60000]       0.4655              82.7800             0.4794              95             
2              [37888/60000]       0.4517              81.7000             0.4834              96             
2              [38912/60000]       0.4008              81.9700             0.5019              97             
2              [39936/60000]       0.4952              81.2300             0.5044              98             
2              [40960/60000]       0.4604              82.0100             0.4961              99             
2              [41984/60000]       0.4469              83.6500             0.4670              100            
2              [43008/60000]       0.4268              81.3000             0.4984              101            
2              [44032/60000]       0.4723              82.5400             0.4933              102            
2              [45056/60000]       0.4629              80.2000             0.5124              103            
2              [46080/60000]       0.4785              82.1700             0.5192              104            
2              [47104/60000]       0.5223              80.6400             0.5026              105            
2              [48128/60000]       0.4764              82.4400             0.5079              106            
2              [49152/60000]       0.5376              80.9400             0.5160              107            
2              [50176/60000]       0.4938              82.6700             0.4908              108            
2              [51200/60000]       0.4962              83.2800             0.4673              109            
2              [52224/60000]       0.4159              84.3400             0.4414              110            
2              [53248/60000]       0.4509              84.0400             0.4425              111            
2              [54272/60000]       0.4050              84.3100             0.4351              112            
2              [55296/60000]       0.4171              83.5800             0.4501              113            
2              [56320/60000]       0.4225              79.7900             0.5480              114            
2              [57344/60000]       0.4947              80.0600             0.5629              115            
2              [58368/60000]       0.5636              80.9600             0.5265              116            
2              [59392/60000]       0.4880              79.7000             0.5539              117            
2              [35872/60000]       0.5067              80.5200             0.5227              118            
3              [1024/60000]        0.5479              82.2200             0.4887              119            
3              [2048/60000]        0.4488              82.3500             0.4774              120            
3              [3072/60000]        0.4277              83.7900             0.4640              121            
3              [4096/60000]        0.4112              83.2900             0.4560              122            
3              [5120/60000]        0.4705              82.3900             0.5028              123            
3              [6144/60000]        0.4657              83.7400             0.4468              124            
3              [7168/60000]        0.4479              84.8000             0.4297              125            
3              [8192/60000]        0.4091              83.8600             0.4358              126            
3              [9216/60000]        0.3625              85.1100             0.4228              127            
3              [10240/60000]       0.4066              84.7400             0.4249              128            
3              [11264/60000]       0.4210              84.8000             0.4298              129            
3              [12288/60000]       0.3804              83.6500             0.4385              130            
3              [13312/60000]       0.4006              83.6900             0.4633              131            
3              [14336/60000]       0.4225              83.5300             0.4451              132            
3              [15360/60000]       0.4084              83.4200             0.4623              133            
3              [16384/60000]       0.3765              83.7200             0.4402              134            
3              [17408/60000]       0.3685              84.9900             0.4267              135            
3              [18432/60000]       0.3817              83.6700             0.4462              136            
3              [19456/60000]       0.4226              82.0200             0.5032              137            
3              [20480/60000]       0.5136              78.4800             0.5674              138            
3              [21504/60000]       0.5276              81.1400             0.5394              139            
3              [22528/60000]       0.5053              82.4300             0.4650              140            
3              [23552/60000]       0.4188              84.1900             0.4492              141            
3              [24576/60000]       0.3674              82.5700             0.4492              142            
3              [25600/60000]       0.4391              82.7600             0.4765              143            
3              [26624/60000]       0.4353              84.4000             0.4263              144            
3              [27648/60000]       0.3754              84.6200             0.4335              145            
3              [28672/60000]       0.3703              83.8600             0.4360              146            
3              [29696/60000]       0.3779              84.9400             0.4207              147            
3              [30720/60000]       0.4072              84.5900             0.4219              148            
3              [31744/60000]       0.4055              85.2600             0.4161              149            
3              [32768/60000]       0.3868              85.2300             0.4061              150            
3              [33792/60000]       0.4075              85.7700             0.4022              151            
3              [34816/60000]       0.3646              85.5700             0.4088              152            
3              [35840/60000]       0.4091              84.7800             0.4223              153            
3              [36864/60000]       0.3759              83.2500             0.4744              154            
3              [37888/60000]       0.4636              82.8400             0.4553              155            
3              [38912/60000]       0.4322              83.3800             0.4558              156            
3              [39936/60000]       0.4784              81.2200             0.5067              157            
3              [40960/60000]       0.4868              82.5200             0.4687              158            
3              [41984/60000]       0.4622              81.6300             0.4829              159            
3              [43008/60000]       0.4705              83.0800             0.4667              160            
3              [44032/60000]       0.4847              84.7500             0.4282              161            
3              [45056/60000]       0.3860              85.0000             0.4252              162            
3              [46080/60000]       0.4087              84.4900             0.4372              163            
3              [47104/60000]       0.3737              84.9600             0.4164              164            
3              [48128/60000]       0.4207              83.3400             0.4416              165            
3              [49152/60000]       0.4165              83.8300             0.4543              166            
3              [50176/60000]       0.3969              85.2900             0.4063              167            
3              [51200/60000]       0.3456              85.9900             0.4048              168            
3              [52224/60000]       0.3564              85.5100             0.4070              169            
3              [53248/60000]       0.4012              83.9800             0.4459              170            
3              [54272/60000]       0.4074              82.7300             0.4744              171            
3              [55296/60000]       0.4222              84.0500             0.4453              172            
3              [56320/60000]       0.4618              83.5400             0.4373              173            
3              [57344/60000]       0.3904              85.5900             0.4067              174            
3              [58368/60000]       0.3536              85.1600             0.4106              175            
3              [59392/60000]       0.4009              84.5400             0.4449              176            
3              [35872/60000]       0.4014              81.5100             0.4749              177            
4              [1024/60000]        0.4512              82.4500             0.5117              178            
4              [2048/60000]        0.4772              84.5900             0.4288              179            
4              [3072/60000]        0.4147              84.6600             0.4223              180            
4              [4096/60000]        0.3945              84.8600             0.4227              181            
4              [5120/60000]        0.3544              84.7300             0.4139              182            
4              [6144/60000]        0.4018              84.9400             0.4124              183            
4              [7168/60000]        0.3822              84.3300             0.4190              184            
4              [8192/60000]        0.3555              83.9200             0.4509              185            
4              [9216/60000]        0.4235              82.7300             0.4657              186            
4              [10240/60000]       0.3965              84.4800             0.4320              187            
4              [11264/60000]       0.3876              85.0800             0.4093              188            
4              [12288/60000]       0.3685              85.6100             0.4003              189            
4              [13312/60000]       0.4072              84.5600             0.4403              190            
4              [14336/60000]       0.4133              84.4100             0.4362              191            
4              [15360/60000]       0.4061              84.9700             0.4183              192            
4              [16384/60000]       0.4056              85.0800             0.4177              193            
4              [17408/60000]       0.4057              85.2400             0.4128              194            
4              [18432/60000]       0.3507              85.2700             0.4081              195            
4              [19456/60000]       0.3858              85.3800             0.4078              196            
4              [20480/60000]       0.3741              84.9100             0.4134              197            
4              [21504/60000]       0.3517              86.2500             0.3878              198            
4              [22528/60000]       0.3623              86.2900             0.3911              199            
4              [23552/60000]       0.3720              85.9500             0.3962              200            
4              [24576/60000]       0.3441              84.8500             0.4230              201            
4              [25600/60000]       0.3852              85.4200             0.4145              202            
4              [26624/60000]       0.4287              83.8400             0.4263              203            
4              [27648/60000]       0.3993              84.9100             0.4247              204            
4              [28672/60000]       0.3874              81.8200             0.4641              205            
4              [29696/60000]       0.3696              84.3400             0.4380              206            
4              [30720/60000]       0.4434              82.7500             0.4477              207            
4              [31744/60000]       0.4196              81.5200             0.5331              208            
4              [32768/60000]       0.4975              84.7100             0.4267              209            
4              [33792/60000]       0.3935              85.7400             0.3943              210            
4              [34816/60000]       0.3288              85.8800             0.3905              211            
4              [35840/60000]       0.3975              85.4000             0.4126              212            
4              [36864/60000]       0.3382              85.6000             0.3978              213            
4              [37888/60000]       0.3824              86.5400             0.3799              214            
4              [38912/60000]       0.3362              86.0300             0.3920              215            
4              [39936/60000]       0.3421              85.8500             0.3966              216            
4              [40960/60000]       0.3989              84.3600             0.4326              217            
4              [41984/60000]       0.3771              85.3300             0.4055              218            
4              [43008/60000]       0.3369              85.9000             0.3992              219            
