Current_Epoch  Batch/Total         CE_Train            Accuracy(%)         CE_TEST             Batch_Number   
0              [0/60000]           --                  9.020               2.3127              0
1              [64/60000]          2.3178              36.9600             6.0258              1              
1              [128/60000]         6.4544              23.0900             11.3025             2              
1              [192/60000]         13.5650             44.9300             10.9658             3              
1              [256/60000]         8.3969              34.2500             9.8348              4              
1              [320/60000]         9.5177              36.7900             12.2329             5              
1              [384/60000]         11.5837             38.1600             10.1352             6              
1              [448/60000]         8.6755              49.9000             3.4192              7              
1              [512/60000]         3.4084              49.2600             4.1239              8              
1              [576/60000]         4.1578              52.8400             4.9746              9              
1              [640/60000]         3.1180              53.2200             4.4054              10             
1              [704/60000]         4.2206              62.1900             1.7595              11             
1              [768/60000]         1.1226              56.2800             3.2585              12             
1              [832/60000]         4.7958              54.7200             4.1232              13             
1              [896/60000]         2.8794              61.9400             3.7432              14             
1              [960/60000]         4.5536              57.9100             2.0787              15             
1              [1024/60000]        2.0544              61.0900             2.7537              16             
1              [1088/60000]        3.4338              60.2300             2.7792              17             
1              [1152/60000]        2.6133              55.6000             2.6429              18             
1              [1216/60000]        2.0605              64.8000             1.9889              19             
1              [1280/60000]        2.5858              66.4200             2.0460              20             
1              [1344/60000]        2.4215              54.8800             2.2750              21             
1              [1408/60000]        1.8561              73.7600             1.4145              22             
1              [1472/60000]        1.2063              70.9300             1.1688              23             
1              [1536/60000]        1.0121              70.1300             1.2881              24             
1              [1600/60000]        1.3030              68.7000             1.6034              25             
1              [1664/60000]        1.4112              65.4300             1.3509              26             
1              [1728/60000]        1.6231              66.0900             1.8883              27             
1              [1792/60000]        2.1545              71.1500             1.0894              28             
1              [1856/60000]        0.7310              76.5000             0.7290              29             
1              [1920/60000]        0.7535              74.9900             0.9123              30             
1              [1984/60000]        1.0121              71.3000             1.0030              31             
1              [2048/60000]        1.0988              74.2400             1.0332              32             
1              [2112/60000]        1.2313              73.7900             0.7929              33             
1              [2176/60000]        0.6192              76.7200             0.7932              34             
1              [2240/60000]        0.8514              73.7600             0.8150              35             
1              [2304/60000]        1.0747              74.9800             0.8210              36             
1              [2368/60000]        0.9116              78.4200             0.6344              37             
1              [2432/60000]        0.4845              75.7500             0.7719              38             
1              [2496/60000]        0.7354              72.4800             1.0461              39             
1              [2560/60000]        0.9580              72.3300             0.9653              40             
1              [2624/60000]        0.3780              77.0700             0.7047              41             
1              [2688/60000]        0.4703              75.7300             0.7121              42             
1              [2752/60000]        0.8011              76.8900             0.7761              43             
1              [2816/60000]        0.5786              72.1900             0.9078              44             
1              [2880/60000]        0.8390              75.7900             0.8071              45             
1              [2944/60000]        0.9742              73.1500             1.0547              46             
1              [3008/60000]        1.0054              73.6900             0.8137              47             
1              [3072/60000]        0.8877              74.9200             1.0563              48             
1              [3136/60000]        0.9689              75.4300             0.9395              49             
1              [3200/60000]        0.8715              78.3000             0.6448              50             
1              [3264/60000]        0.5497              79.4100             0.5930              51             
1              [3328/60000]        0.5509              77.7100             0.6735              52             
1              [3392/60000]        0.6067              75.2200             0.7198              53             
1              [3456/60000]        0.7017              78.2200             0.7139              54             
1              [3520/60000]        0.6177              80.2500             0.5610              55             
1              [3584/60000]        0.4245              78.2500             0.6963              56             
1              [3648/60000]        0.8164              71.6900             0.9065              57             
1              [3712/60000]        0.4660              78.5700             0.6549              58             
1              [3776/60000]        0.4800              74.6900             0.7705              59             
1              [3840/60000]        0.8043              73.9300             0.8393              60             
1              [3904/60000]        0.9291              79.2100             0.6664              61             
1              [3968/60000]        0.7983              67.1200             0.9629              62             
1              [4032/60000]        0.9326              77.1900             0.9542              63             
1              [4096/60000]        1.1575              80.2000             0.5746              64             
1              [4160/60000]        0.7010              71.5300             0.8255              65             
1              [4224/60000]        0.7670              77.3400             0.6544              66             
1              [4288/60000]        0.4203              72.6900             0.7112              67             
1              [4352/60000]        0.8149              78.8000             0.6513              68             
1              [4416/60000]        0.9251              73.6200             0.7376              69             
1              [4480/60000]        0.6362              78.8700             0.6243              70             
1              [4544/60000]        0.8967              74.2100             0.7918              71             
1              [4608/60000]        0.7898              77.4700             0.6827              72             
1              [4672/60000]        0.4782              81.2800             0.5322              73             
1              [4736/60000]        0.4091              81.3600             0.5363              74             
1              [4800/60000]        0.3641              80.3700             0.5590              75             
1              [4864/60000]        0.4221              80.3600             0.5657              76             
1              [4928/60000]        0.7376              81.0100             0.5583              77             
1              [4992/60000]        0.6733              81.0700             0.5513              78             
1              [5056/60000]        0.4179              79.3500             0.5962              79             
1              [5120/60000]        0.9143              68.2700             1.0986              80             
1              [5184/60000]        1.1685              77.5100             0.6450              81             
1              [5248/60000]        0.6115              81.5900             0.5252              82             
1              [5312/60000]        0.5209              79.9600             0.5611              83             
1              [5376/60000]        0.3949              80.8000             0.5482              84             
1              [5440/60000]        0.4511              81.7900             0.5422              85             
1              [5504/60000]        0.6753              79.3900             0.5812              86             
1              [5568/60000]        0.3926              81.1700             0.5406              87             
1              [5632/60000]        0.6428              78.6500             0.6064              88             
1              [5696/60000]        0.5136              78.2600             0.6642              89             
1              [5760/60000]        0.5535              81.4800             0.5329              90             
1              [5824/60000]        0.4903              78.2100             0.5774              91             
1              [5888/60000]        0.4766              78.6800             0.6183              92             
1              [5952/60000]        0.4493              73.2100             0.6880              93             
1              [6016/60000]        0.5291              78.7300             0.6710              94             
1              [6080/60000]        0.8711              81.8100             0.5159              95             
1              [6144/60000]        0.6018              79.7800             0.5935              96             
1              [6208/60000]        0.6264              75.6100             0.6454              97             
1              [6272/60000]        0.6796              82.1600             0.5170              98             
1              [6336/60000]        0.5042              79.3400             0.5779              99             
1              [6400/60000]        0.3340              75.7100             0.6510              100            
1              [6464/60000]        0.6058              77.5500             0.6400              101            
1              [6528/60000]        0.5747              80.8500             0.5470              102            
1              [6592/60000]        0.5091              80.1600             0.5691              103            
1              [6656/60000]        0.6371              80.6800             0.5363              104            
1              [6720/60000]        0.3838              80.5900             0.5436              105            
1              [6784/60000]        0.4428              82.4500             0.5068              106            
1              [6848/60000]        0.5023              81.2400             0.5219              107            
1              [6912/60000]        0.6038              76.4200             0.6689              108            
1              [6976/60000]        0.5061              81.7600             0.5028              109            
1              [7040/60000]        0.4404              78.7000             0.5731              110            
1              [7104/60000]        0.5519              79.8900             0.5568              111            
1              [7168/60000]        0.5763              74.8800             0.6741              112            
1              [7232/60000]        0.4194              80.9000             0.5185              113            
1              [7296/60000]        0.5160              79.5000             0.5809              114            
1              [7360/60000]        0.6326              74.8500             0.7026              115            
1              [7424/60000]        0.6376              78.7100             0.5597              116            
1              [7488/60000]        0.4546              82.4300             0.5097              117            
1              [7552/60000]        0.3802              78.5400             0.6742              118            
1              [7616/60000]        0.5889              80.4700             0.5514              119            
1              [7680/60000]        0.3448              82.2400             0.5101              120            
1              [7744/60000]        0.3876              81.1600             0.5074              121            
1              [7808/60000]        0.3654              81.7700             0.5196              122            
1              [7872/60000]        0.5630              81.6800             0.5176              123            
1              [7936/60000]        0.6057              77.2900             0.6475              124            
1              [8000/60000]        0.6090              78.5600             0.5895              125            
1              [8064/60000]        0.4034              82.4800             0.5033              126            
1              [8128/60000]        0.4500              80.4500             0.5509              127            
1              [8192/60000]        0.3433              82.5700             0.5020              128            
1              [8256/60000]        0.6474              77.5400             0.6003              129            
1              [8320/60000]        0.6312              78.3200             0.5819              130            
1              [8384/60000]        0.5011              81.5300             0.5085              131            
1              [8448/60000]        0.4061              78.0500             0.5836              132            
1              [8512/60000]        0.5968              81.5400             0.5295              133            
1              [8576/60000]        0.4126              81.5600             0.5189              134            
1              [8640/60000]        0.6016              79.4000             0.5605              135            
1              [8704/60000]        0.5951              80.6000             0.5557              136            
1              [8768/60000]        0.4808              78.6400             0.6000              137            
1              [8832/60000]        0.7128              81.5800             0.5167              138            
1              [8896/60000]        0.5261              81.4200             0.5203              139            
1              [8960/60000]        0.4029              80.8800             0.5557              140            
1              [9024/60000]        0.6054              81.9000             0.5169              141            
1              [9088/60000]        0.3693              82.4500             0.4947              142            
1              [9152/60000]        0.5292              79.7000             0.5704              143            
1              [9216/60000]        0.4249              83.6200             0.4621              144            
1              [9280/60000]        0.4705              81.5600             0.5619              145            
1              [9344/60000]        0.5010              81.3300             0.5408              146            
1              [9408/60000]        0.5010              80.8600             0.5648              147            
1              [9472/60000]        0.6139              78.8900             0.6083              148            
1              [9536/60000]        0.8431              81.4400             0.5219              149            
1              [9600/60000]        0.5512              80.7700             0.5482              150            
1              [9664/60000]        0.5486              81.7100             0.5210              151            
1              [9728/60000]        0.5875              78.1800             0.5967              152            
1              [9792/60000]        0.6631              83.2000             0.4853              153            
1              [9856/60000]        0.4223              81.9600             0.5136              154            
1              [9920/60000]        0.5614              82.8400             0.4905              155            
1              [9984/60000]        0.3983              82.6100             0.4869              156            
1              [10048/60000]       0.6012              83.7300             0.4705              157            
1              [10112/60000]       0.3297              82.3900             0.4882              158            
1              [10176/60000]       0.4882              81.3900             0.5417              159            
1              [10240/60000]       0.4661              82.5400             0.4823              160            
1              [10304/60000]       0.5933              83.4700             0.4800              161            
1              [10368/60000]       0.5186              81.1100             0.5174              162            
1              [10432/60000]       0.5625              84.2500             0.4557              163            
1              [10496/60000]       0.6416              79.8900             0.5522              164            
1              [10560/60000]       0.5318              82.7000             0.4994              165            
1              [10624/60000]       0.4389              83.7900             0.4610              166            
1              [10688/60000]       0.2865              82.3200             0.5015              167            
1              [10752/60000]       0.2847              82.9900             0.4822              168            
1              [10816/60000]       0.4651              83.1700             0.4658              169            
1              [10880/60000]       0.4073              83.2100             0.4842              170            
1              [10944/60000]       0.6000              82.2900             0.5185              171            
1              [11008/60000]       0.4538              81.8600             0.4987              172            
1              [11072/60000]       0.3142              80.3000             0.5455              173            
1              [11136/60000]       0.5408              81.5900             0.4936              174            
1              [11200/60000]       0.3183              84.5800             0.4450              175            
1              [11264/60000]       0.3376              82.7200             0.5037              176            
1              [11328/60000]       0.4583              81.6700             0.5353              177            
1              [11392/60000]       0.2886              83.2200             0.4790              178            
1              [11456/60000]       0.6534              81.4900             0.5364              179            
1              [11520/60000]       0.4459              82.9400             0.4650              180            
1              [11584/60000]       0.4689              82.5400             0.4768              181            
1              [11648/60000]       0.5109              83.5000             0.4591              182            
1              [11712/60000]       0.6879              79.9900             0.5626              183            
1              [11776/60000]       0.5492              83.6400             0.4729              184            
1              [11840/60000]       0.4560              83.2800             0.4719              185            
1              [11904/60000]       0.4760              84.2900             0.4530              186            
1              [11968/60000]       0.4864              82.8900             0.4800              187            
1              [12032/60000]       0.3845              84.4600             0.4397              188            
1              [12096/60000]       0.5354              81.4700             0.4771              189            
1              [12160/60000]       0.6073              82.4100             0.4963              190            
1              [12224/60000]       0.5176              82.3900             0.5064              191            
1              [12288/60000]       0.4266              84.5300             0.4370              192            
1              [12352/60000]       0.5453              82.5300             0.4654              193            
1              [12416/60000]       0.3036              83.2800             0.4706              194            
1              [12480/60000]       0.3784              84.1000             0.4426              195            
1              [12544/60000]       0.2383              84.2400             0.4367              196            
1              [12608/60000]       0.3861              82.1300             0.4953              197            
1              [12672/60000]       0.3140              79.8100             0.5705              198            
1              [12736/60000]       0.6018              82.9100             0.4624              199            
1              [12800/60000]       0.5908              81.3200             0.5073              200            
1              [12864/60000]       0.3361              83.5100             0.4595              201            
1              [12928/60000]       0.5493              83.2300             0.4853              202            
1              [12992/60000]       0.4018              80.4200             0.5425              203            
1              [13056/60000]       0.3889              82.0300             0.5140              204            
1              [13120/60000]       0.3435              84.6100             0.4397              205            
1              [13184/60000]       0.3763              81.4500             0.4863              206            
1              [13248/60000]       0.3510              82.7700             0.4773              207            
1              [13312/60000]       0.4758              80.2800             0.5015              208            
1              [13376/60000]       0.3629              84.9000             0.4319              209            
1              [13440/60000]       0.4493              83.5900             0.4658              210            
1              [13504/60000]       0.3683              84.4300             0.4351              211            
1              [13568/60000]       0.4274              81.7200             0.4842              212            
1              [13632/60000]       0.4363              83.3300             0.4494              213            
1              [13696/60000]       0.3262              83.3300             0.4623              214            
1              [13760/60000]       0.4067              83.4400             0.4672              215            
1              [13824/60000]       0.6455              78.6700             0.5890              216            
1              [13888/60000]       0.6020              84.1100             0.4693              217            
1              [13952/60000]       0.3488              84.7800             0.4438              218            
1              [14016/60000]       0.3618              82.7700             0.5011              219            
