Current_Epoch  Batch/Total         CE_Train            Accuracy(%)         CE_TEST             Batch_Number   
0              [0/50000]           --                  9.020               2.4409              0
1              [64/50000]          2.4383              18.5200             2.9383              1              
1              [128/50000]         2.4811              19.4200             3.5128              2              
1              [192/50000]         3.8702              16.7700             3.3736              3              
1              [256/50000]         3.1716              20.7400             3.3846              4              
1              [320/50000]         3.3964              21.2600             2.8053              5              
1              [384/50000]         2.9736              19.0900             3.9565              6              
1              [448/50000]         4.4526              24.1100             3.1532              7              
1              [512/50000]         3.4094              20.6400             3.2056              8              
1              [576/50000]         2.8298              23.0600             3.1203              9              
1              [640/50000]         3.3531              21.2600             3.3767              10             
1              [704/50000]         2.9902              26.2500             3.0111              11             
1              [768/50000]         3.2456              23.7500             3.0423              12             
1              [832/50000]         3.1015              24.9800             2.5724              13             
1              [896/50000]         2.8607              19.2200             3.3756              14             
1              [960/50000]         3.6646              21.7000             3.8135              15             
1              [1024/50000]        3.4615              24.6700             2.9773              16             
1              [1088/50000]        3.2374              25.0400             3.2082              17             
1              [1152/50000]        2.7293              24.2500             2.7598              18             
1              [1216/50000]        2.5356              27.1200             3.3310              19             
1              [1280/50000]        3.0883              24.4900             3.0413              20             
1              [1344/50000]        3.1492              23.0300             3.0092              21             
1              [1408/50000]        2.7249              27.2700             3.0208              22             
1              [1472/50000]        3.0205              24.3900             3.0399              23             
1              [1536/50000]        2.6607              24.3100             3.3265              24             
1              [1600/50000]        2.8907              24.9000             2.7164              25             
1              [1664/50000]        3.0709              22.6700             2.9927              26             
1              [1728/50000]        3.2939              24.9400             3.3987              27             
1              [1792/50000]        3.0196              27.7400             2.9429              28             
1              [1856/50000]        3.0473              25.0300             2.7315              29             
1              [1920/50000]        2.5578              25.2400             3.0031              30             
1              [1984/50000]        3.2861              27.3600             2.7674              31             
1              [2048/50000]        2.9302              26.4700             2.6477              32             
1              [2112/50000]        2.2531              26.3200             2.5278              33             
1              [2176/50000]        2.6481              25.6900             3.0420              34             
1              [2240/50000]        3.1591              22.0300             3.0838              35             
1              [2304/50000]        3.2503              25.6200             2.7714              36             
1              [2368/50000]        2.8633              26.3300             2.9785              37             
1              [2432/50000]        2.9185              26.3700             2.9108              38             
1              [2496/50000]        2.8661              24.5700             3.3119              39             
1              [2560/50000]        3.3576              27.6500             2.7944              40             
1              [2624/50000]        2.9242              26.8000             2.5799              41             
1              [2688/50000]        2.6651              28.5600             2.8010              42             
1              [2752/50000]        2.7488              27.2100             2.8892              43             
1              [2816/50000]        2.9758              27.0900             3.1000              44             
1              [2880/50000]        2.7563              26.9700             2.9667              45             
1              [2944/50000]        3.0600              24.6700             3.0436              46             
1              [3008/50000]        3.2585              25.0300             3.1857              47             
1              [3072/50000]        3.2472              26.2300             3.0846              48             
1              [3136/50000]        3.3248              28.7900             2.6799              49             
1              [3200/50000]        3.1304              25.9900             3.1053              50             
1              [3264/50000]        3.0904              27.7600             2.6831              51             
1              [3328/50000]        2.8197              25.1800             3.2875              52             
1              [3392/50000]        3.2883              28.0100             2.8398              53             
1              [3456/50000]        2.7249              27.2600             2.7148              54             
1              [3520/50000]        2.9423              25.9000             2.5684              55             
1              [3584/50000]        2.7081              26.9200             3.2334              56             
1              [3648/50000]        4.1224              20.6000             3.3833              57             
1              [3712/50000]        3.4205              26.7800             3.1665              58             
1              [3776/50000]        3.6072              29.1300             3.0322              59             
1              [3840/50000]        3.6650              26.9400             2.6004              60             
1              [3904/50000]        2.3757              29.7500             2.7721              61             
1              [3968/50000]        2.6639              26.4500             2.5578              62             
1              [4032/50000]        2.4915              28.0000             2.7087              63             
1              [4096/50000]        3.2784              24.5200             2.9578              64             
1              [4160/50000]        2.6010              27.1600             2.5952              65             
1              [4224/50000]        2.7599              27.4700             2.5909              66             
1              [4288/50000]        3.2325              25.2000             2.9837              67             
1              [4352/50000]        2.7283              28.0500             2.6508              68             
1              [4416/50000]        2.4411              26.6400             2.5948              69             
1              [4480/50000]        2.5402              26.4600             3.0105              70             
1              [4544/50000]        2.7774              26.3500             2.7873              71             
1              [4608/50000]        3.1502              23.2700             3.4389              72             
1              [4672/50000]        3.1625              23.9800             3.1494              73             
1              [4736/50000]        3.6448              23.0300             2.9420              74             
1              [4800/50000]        2.9532              23.0500             2.9304              75             
1              [4864/50000]        3.1943              24.9800             3.1837              76             
1              [4928/50000]        2.9973              28.3700             2.5492              77             
1              [4992/50000]        2.2378              29.1800             2.6998              78             
1              [5056/50000]        2.5344              25.7100             3.1105              79             
1              [5120/50000]        3.1778              29.7000             2.9451              80             
1              [5184/50000]        2.6863              29.2300             2.6233              81             
1              [5248/50000]        2.1107              28.1600             2.7396              82             
1              [5312/50000]        3.1212              29.1100             2.8705              83             
1              [5376/50000]        2.3757              26.9200             2.8852              84             
1              [5440/50000]        2.9646              26.0900             2.8861              85             
1              [5504/50000]        3.1695              26.6900             3.0257              86             
1              [5568/50000]        2.9871              27.3500             2.8885              87             
1              [5632/50000]        2.7888              28.9100             2.6379              88             
1              [5696/50000]        3.0441              23.2100             4.0211              89             
1              [5760/50000]        3.4841              28.5500             2.7794              90             
1              [5824/50000]        2.7059              26.2500             3.2492              91             
1              [5888/50000]        3.0725              28.9800             2.6841              92             
1              [5952/50000]        3.1028              25.5400             2.8796              93             
1              [6016/50000]        2.7543              27.5500             2.5932              94             
1              [6080/50000]        2.6288              26.9700             3.0891              95             
1              [6144/50000]        3.5668              25.4200             3.0615              96             
1              [6208/50000]        3.0743              27.6500             2.8653              97             
1              [6272/50000]        2.8095              27.7800             2.8677              98             
1              [6336/50000]        3.2953              28.4000             2.5585              99             
1              [6400/50000]        2.7283              24.6600             3.0255              100            
1              [6464/50000]        2.5800              29.5600             2.5189              101            
1              [6528/50000]        2.6931              26.7800             3.3852              102            
1              [6592/50000]        3.8456              26.9800             2.7173              103            
1              [6656/50000]        2.6040              29.7000             2.5380              104            
1              [6720/50000]        2.2177              27.8300             2.7553              105            
1              [6784/50000]        2.7354              27.8700             2.6583              106            
1              [6848/50000]        2.8307              29.6600             2.6054              107            
1              [6912/50000]        2.9248              26.8500             2.9835              108            
1              [6976/50000]        2.8948              31.1300             2.4856              109            
1              [7040/50000]        2.4948              30.0900             2.7733              110            
1              [7104/50000]        2.6631              28.9000             2.5527              111            
1              [7168/50000]        2.3385              27.7100             2.8691              112            
1              [7232/50000]        3.1977              26.9100             2.8272              113            
1              [7296/50000]        2.6277              28.5300             2.7226              114            
1              [7360/50000]        2.6187              27.6800             2.7833              115            
1              [7424/50000]        2.3882              28.8600             2.5435              116            
1              [7488/50000]        2.5813              28.2500             2.5995              117            
1              [7552/50000]        2.2387              26.8600             2.8475              118            
1              [7616/50000]        2.6702              30.3500             2.5857              119            
1              [7680/50000]        2.1833              30.5800             2.4512              120            
1              [7744/50000]        2.4118              25.2300             3.1529              121            
1              [7808/50000]        3.0369              29.9100             2.4511              122            
1              [7872/50000]        2.5020              26.3300             2.7503              123            
1              [7936/50000]        3.1800              29.1300             2.6030              124            
1              [8000/50000]        2.0402              29.8700             2.4215              125            
1              [8064/50000]        2.3364              28.2100             3.0362              126            
1              [8128/50000]        3.5520              28.6200             2.6880              127            
1              [8192/50000]        2.8482              30.2100             2.7662              128            
1              [8256/50000]        2.7489              25.4200             2.7653              129            
1              [8320/50000]        2.7150              33.1200             2.4433              130            
1              [8384/50000]        2.4081              27.7600             2.6654              131            
1              [8448/50000]        2.8822              27.1300             2.7615              132            
1              [8512/50000]        2.5411              27.9800             2.7606              133            
1              [8576/50000]        2.7209              28.5200             2.8100              134            
1              [8640/50000]        3.3343              25.4800             2.8768              135            
1              [8704/50000]        2.7729              29.1800             2.4843              136            
1              [8768/50000]        2.2850              28.9000             2.5181              137            
1              [8832/50000]        2.3021              28.0700             2.6127              138            
1              [8896/50000]        2.5784              27.8200             2.9741              139            
1              [8960/50000]        2.9113              29.8000             2.5175              140            
1              [9024/50000]        2.5169              28.6800             2.6870              141            
1              [9088/50000]        2.7044              25.2700             3.7173              142            
1              [9152/50000]        4.1421              29.4900             2.7010              143            
1              [9216/50000]        2.5062              30.4700             2.4476              144            
1              [9280/50000]        2.5020              27.8800             2.9234              145            
1              [9344/50000]        2.9414              28.9300             2.9474              146            
1              [9408/50000]        2.8711              26.9000             2.8333              147            
1              [9472/50000]        3.2664              30.7200             2.5258              148            
1              [9536/50000]        3.2635              26.0600             2.8049              149            
1              [9600/50000]        2.8010              26.0400             3.0340              150            
1              [9664/50000]        3.0671              30.5000             2.5817              151            
1              [9728/50000]        2.7050              27.8200             2.7413              152            
1              [9792/50000]        2.7642              29.8800             2.4134              153            
1              [9856/50000]        2.6877              28.1200             2.8540              154            
1              [9920/50000]        2.8220              26.0000             2.7950              155            
1              [9984/50000]        3.0315              26.2100             2.7668              156            
1              [10048/50000]       2.4215              27.2200             2.8307              157            
1              [10112/50000]       3.1849              28.5600             2.9671              158            
1              [10176/50000]       3.0983              27.6000             3.0033              159            
1              [10240/50000]       2.9766              28.5100             2.6576              160            
1              [10304/50000]       2.6853              26.4400             2.9061              161            
1              [10368/50000]       2.8115              30.2100             2.6101              162            
1              [10432/50000]       2.4502              28.2800             2.7523              163            
1              [10496/50000]       1.9492              27.5900             3.1063              164            
1              [10560/50000]       2.8767              28.1500             2.9225              165            
1              [10624/50000]       3.2547              28.2000             2.9869              166            
1              [10688/50000]       2.6962              27.3100             2.6160              167            
1              [10752/50000]       2.6398              28.0400             2.8225              168            
1              [10816/50000]       2.9751              27.5100             2.5851              169            
1              [10880/50000]       2.9538              25.3400             2.6736              170            
1              [10944/50000]       2.9988              25.9300             2.9482              171            
1              [11008/50000]       2.8562              30.1700             2.6329              172            
1              [11072/50000]       2.7111              30.5000             2.2969              173            
1              [11136/50000]       2.2563              30.3600             2.4903              174            
1              [11200/50000]       2.5250              27.0800             2.8900              175            
1              [11264/50000]       3.3930              27.9900             2.8317              176            
1              [11328/50000]       3.0928              28.9300             2.6281              177            
1              [11392/50000]       2.4019              29.7700             2.5805              178            
1              [11456/50000]       2.6639              27.3700             2.6349              179            
1              [11520/50000]       2.4744              31.1800             2.3285              180            
1              [11584/50000]       2.5182              25.5800             3.5096              181            
1              [11648/50000]       2.7986              31.5800             2.4410              182            
1              [11712/50000]       2.6497              27.3600             2.7159              183            
1              [11776/50000]       2.6153              27.5100             3.1794              184            
1              [11840/50000]       3.2480              29.8100             2.4629              185            
1              [11904/50000]       2.4131              30.0300             2.4647              186            
1              [11968/50000]       2.6715              30.0900             2.5807              187            
1              [12032/50000]       2.4476              30.1100             2.6991              188            
1              [12096/50000]       2.5784              27.7000             2.7005              189            
1              [12160/50000]       2.6725              30.1500             2.7224              190            
1              [12224/50000]       2.8500              29.6500             2.5486              191            
1              [12288/50000]       2.5708              28.3600             2.6858              192            
1              [12352/50000]       2.6567              30.2700             2.5870              193            
1              [12416/50000]       2.2531              27.2800             2.6100              194            
1              [12480/50000]       2.6929              27.9900             2.9163              195            
1              [12544/50000]       2.4786              30.7100             2.4213              196            
1              [12608/50000]       2.2459              30.9400             2.3921              197            
1              [12672/50000]       2.5774              30.6300             2.7754              198            
1              [12736/50000]       2.3554              29.5000             2.5062              199            
1              [12800/50000]       2.6357              26.4000             3.1411              200            
1              [12864/50000]       2.9521              30.1100             2.7087              201            
1              [12928/50000]       2.7593              28.5900             2.6804              202            
1              [12992/50000]       2.9476              29.7800             2.9671              203            
1              [13056/50000]       3.2988              28.8300             2.7502              204            
1              [13120/50000]       3.0340              29.7200             2.4984              205            
1              [13184/50000]       2.6909              30.4100             2.5828              206            
1              [13248/50000]       2.3230              28.5600             2.7245              207            
1              [13312/50000]       2.7937              26.3900             3.0549              208            
1              [13376/50000]       2.7898              29.9900             2.5486              209            
1              [13440/50000]       2.7444              29.9300             2.8006              210            
1              [13504/50000]       2.6711              32.3100             2.4239              211            
1              [13568/50000]       2.1709              26.9900             2.9067              212            
1              [13632/50000]       2.5972              30.8600             2.3570              213            
1              [13696/50000]       2.0639              27.8200             2.7395              214            
1              [13760/50000]       2.8395              25.9200             3.2371              215            
1              [13824/50000]       3.1047              31.3100             2.5397              216            
1              [13888/50000]       2.2549              28.3400             2.6354              217            
1              [13952/50000]       2.8544              30.6800             2.6916              218            
1              [14016/50000]       3.0011              30.4400             2.6496              219            
1              [14080/50000]       2.7795              30.4900             2.8858              220            
1              [14144/50000]       3.0824              30.8100             2.7860              221            
1              [14208/50000]       3.0428              29.2300             2.7141              222            
1              [14272/50000]       2.7212              30.9500             2.3728              223            
1              [14336/50000]       2.5114              29.8400             2.7911              224            
1              [14400/50000]       3.1726              26.8400             3.1661              225            
1              [14464/50000]       3.7431              29.3200             2.8802              226            
1              [14528/50000]       3.0655              29.5000             2.7317              227            
1              [14592/50000]       2.5852              27.3000             3.0833              228            
1              [14656/50000]       4.2156              28.0100             3.0220              229            
1              [14720/50000]       2.8116              29.8200             2.7442              230            
1              [14784/50000]       3.3835              28.3700             2.8625              231            
1              [14848/50000]       3.0080              25.6400             2.7259              232            
1              [14912/50000]       2.8774              32.0400             2.6456              233            
1              [14976/50000]       2.5547              28.1700             2.8842              234            
1              [15040/50000]       2.6870              30.6700             2.5691              235            
1              [15104/50000]       2.4788              29.6000             2.7016              236            
1              [15168/50000]       2.3612              29.7600             2.4993              237            
1              [15232/50000]       2.5707              25.1700             3.0719              238            
1              [15296/50000]       3.3030              27.3900             3.5855              239            
1              [15360/50000]       3.2484              30.1400             2.9302              240            
1              [15424/50000]       3.3972              30.7300             2.5569              241            
1              [15488/50000]       2.3536              28.9900             2.6838              242            
1              [15552/50000]       2.5457              27.5900             3.3849              243            
1              [15616/50000]       4.3085              28.9400             3.0257              244            
1              [15680/50000]       3.2825              30.4800             2.8794              245            
1              [15744/50000]       2.9705              26.8400             2.8765              246            
1              [15808/50000]       2.5158              28.8600             2.6623              247            
1              [15872/50000]       2.6937              28.4600             2.7641              248            
1              [15936/50000]       2.7533              29.9900             2.6063              249            
1              [16000/50000]       2.4923              32.4600             2.2656              250            
1              [16064/50000]       1.9147              30.3500             2.5346              251            
1              [16128/50000]       2.6808              29.1500             2.6741              252            
1              [16192/50000]       2.7330              29.5300             2.5107              253            
1              [16256/50000]       2.2514              27.6600             2.6662              254            
1              [16320/50000]       2.5194              29.9300             2.7603              255            
1              [16384/50000]       2.5344              31.7900             2.3824              256            
1              [16448/50000]       2.3257              31.3400             2.4789              257            
1              [16512/50000]       2.4236              27.9800             2.7804              258            
1              [16576/50000]       2.9484              28.8500             2.6993              259            
1              [16640/50000]       2.9642              28.1300             2.6526              260            
1              [16704/50000]       2.5366              29.1900             2.6983              261            
1              [16768/50000]       2.6417              25.2700             3.1524              262            
1              [16832/50000]       2.8246              30.2000             2.4836              263            
1              [16896/50000]       2.3387              29.9300             2.5226              264            
1              [16960/50000]       2.7577              28.0700             2.7841              265            
1              [17024/50000]       2.9814              27.8800             3.1159              266            
1              [17088/50000]       3.4932              29.2800             2.5747              267            
1              [17152/50000]       3.0311              28.9100             2.5707              268            
1              [17216/50000]       2.6526              25.7100             2.8726              269            
1              [17280/50000]       3.1955              26.9600             3.1309              270            
1              [17344/50000]       2.7871              27.6900             2.7644              271            
1              [17408/50000]       2.6406              30.1100             2.5361              272            
1              [17472/50000]       2.4700              28.3500             2.6318              273            
1              [17536/50000]       2.8042              27.2200             3.1985              274            
1              [17600/50000]       3.1522              30.5200             2.5903              275            
1              [17664/50000]       2.5510              29.5800             2.5859              276            
1              [17728/50000]       2.5068              30.9700             2.6551              277            
1              [17792/50000]       2.5006              30.1400             2.6664              278            
1              [17856/50000]       2.6365              31.6800             2.3575              279            
1              [17920/50000]       2.1482              26.1700             3.4958              280            
1              [17984/50000]       3.9424              29.5800             2.9396              281            
1              [18048/50000]       2.8394              29.4400             2.5214              282            
1              [18112/50000]       2.6856              27.9400             2.8754              283            
1              [18176/50000]       1.9725              28.2100             2.6690              284            
1              [18240/50000]       2.8184              28.8200             2.6593              285            
1              [18304/50000]       2.5994              28.8500             3.0831              286            
1              [18368/50000]       3.6637              32.0700             2.3958              287            
1              [18432/50000]       2.2600              30.1400             2.4961              288            
1              [18496/50000]       2.7072              28.0100             2.8442              289            
1              [18560/50000]       2.9310              29.2800             2.5766              290            
1              [18624/50000]       3.0244              29.5400             2.6189              291            
1              [18688/50000]       2.9025              27.2400             2.7541              292            
1              [18752/50000]       2.5809              28.0100             2.5836              293            
1              [18816/50000]       2.3896              30.3700             2.4868              294            
1              [18880/50000]       2.7125              31.4300             2.4472              295            
1              [18944/50000]       2.5303              27.7200             2.9190              296            
1              [19008/50000]       3.1582              30.0400             2.4411              297            
1              [19072/50000]       2.2125              30.9600             2.4601              298            
1              [19136/50000]       2.7628              28.2200             2.6788              299            
1              [19200/50000]       2.9297              29.2300             2.6822              300            
1              [19264/50000]       2.8546              27.0900             2.7416              301            
1              [19328/50000]       3.4843              23.8000             3.2744              302            
1              [19392/50000]       4.3761              26.2600             3.0409              303            
1              [19456/50000]       3.3053              28.3600             3.0066              304            
1              [19520/50000]       2.5053              28.1600             3.1012              305            
1              [19584/50000]       2.4028              30.6000             2.4249              306            
1              [19648/50000]       2.7810              31.2300             2.4220              307            
1              [19712/50000]       2.7004              27.5400             2.8929              308            
1              [19776/50000]       3.0939              29.6800             2.5952              309            
1              [19840/50000]       2.7491              27.7200             3.0081              310            
1              [19904/50000]       2.6639              30.1100             2.6669              311            
1              [19968/50000]       2.8275              28.2400             2.9635              312            
1              [20032/50000]       3.0742              28.9300             2.4871              313            
1              [20096/50000]       2.5410              26.7100             3.1787              314            
1              [20160/50000]       3.1962              30.9800             2.6549              315            
1              [20224/50000]       2.5004              30.9500             2.7919              316            
1              [20288/50000]       2.6280              29.4800             2.9240              317            
1              [20352/50000]       3.3557              27.9100             2.8642              318            
1              [20416/50000]       2.6416              31.5500             2.3798              319            
1              [20480/50000]       2.1620              32.5400             2.5203              320            
1              [20544/50000]       2.4998              31.1900             2.3732              321            
1              [20608/50000]       2.4608              30.9800             2.5499              322            
1              [20672/50000]       2.3928              30.7000             2.5401              323            
1              [20736/50000]       2.5348              29.1500             2.4544              324            
1              [20800/50000]       2.1178              31.9900             2.4793              325            
1              [20864/50000]       2.3751              31.5500             2.4379              326            
1              [20928/50000]       2.8607              28.4800             3.1144              327            
1              [20992/50000]       3.1078              28.2000             3.1447              328            
1              [21056/50000]       3.2359              31.6100             2.4287              329            
1              [21120/50000]       2.1833              32.3800             2.3440              330            
1              [21184/50000]       2.6344              31.0700             2.7399              331            
1              [21248/50000]       3.1323              28.0200             3.0535              332            
1              [21312/50000]       2.8703              30.4800             2.4057              333            
1              [21376/50000]       2.4813              29.4000             2.6976              334            
1              [21440/50000]       2.3568              30.9900             2.5620              335            
1              [21504/50000]       2.6214              31.4400             2.3594              336            
1              [21568/50000]       1.9564              31.2700             2.4546              337            
1              [21632/50000]       1.9056              30.9000             2.4617              338            
1              [21696/50000]       2.6945              28.0200             2.8266              339            
1              [21760/50000]       2.5565              28.6000             2.7348              340            
1              [21824/50000]       2.6028              28.1100             2.8548              341            
1              [21888/50000]       2.5714              28.0800             2.9918              342            
1              [21952/50000]       3.1858              25.3600             3.2551              343            
1              [22016/50000]       3.5010              30.1200             2.7859              344            
1              [22080/50000]       2.8813              29.9800             2.4018              345            
1              [22144/50000]       1.9881              27.5500             3.2484              346            
1              [22208/50000]       3.2676              29.4700             2.6600              347            
1              [22272/50000]       2.4734              27.5300             3.0531              348            
1              [22336/50000]       2.8838              30.2300             2.7812              349            
1              [22400/50000]       2.5650              30.4700             2.6720              350            
1              [22464/50000]       2.8835              28.0500             3.0157              351            
1              [22528/50000]       2.9553              28.7400             2.5843              352            
1              [22592/50000]       2.4522              28.6400             2.6101              353            
1              [22656/50000]       2.4979              31.2400             2.4379              354            
1              [22720/50000]       2.6462              28.4800             2.9613              355            
1              [22784/50000]       3.1411              28.6800             2.8470              356            
1              [22848/50000]       2.5654              31.5700             2.3757              357            
1              [22912/50000]       2.6604              29.0400             2.4448              358            
1              [22976/50000]       2.1735              31.4200             2.3103              359            
1              [23040/50000]       2.1364              30.4500             2.4785              360            
1              [23104/50000]       2.6272              28.6900             2.8092              361            
1              [23168/50000]       2.4533              30.8400             2.5645              362            
1              [23232/50000]       2.1475              31.6400             2.4395              363            
1              [23296/50000]       2.1934              31.5900             2.5932              364            
1              [23360/50000]       2.1566              32.2400             2.4210              365            
1              [23424/50000]       2.6458              29.6200             2.6467              366            
1              [23488/50000]       2.5330              26.3700             2.6571              367            
1              [23552/50000]       2.7551              28.3900             2.6538              368            
1              [23616/50000]       2.7382              27.2000             2.7364              369            
1              [23680/50000]       2.5186              28.3100             3.0042              370            
1              [23744/50000]       3.3059              32.0900             2.5558              371            
1              [23808/50000]       2.7164              28.6400             2.5207              372            
1              [23872/50000]       2.7434              28.3000             2.8285              373            
1              [23936/50000]       3.0044              28.9300             2.5865              374            
1              [24000/50000]       2.6351              29.3300             2.7696              375            
1              [24064/50000]       2.6947              30.4600             2.6647              376            
1              [24128/50000]       2.7461              27.3800             2.8207              377            
1              [24192/50000]       2.7197              29.0800             3.0450              378            
1              [24256/50000]       3.1030              29.2700             2.7146              379            
1              [24320/50000]       2.9655              25.9500             3.4567              380            
1              [24384/50000]       2.5789              30.6100             2.6680              381            
1              [24448/50000]       2.3127              30.2500             2.7252              382            
1              [24512/50000]       2.9159              29.7500             2.7979              383            
1              [24576/50000]       2.7432              27.0700             2.8868              384            
1              [24640/50000]       3.3680              28.9800             3.0638              385            
1              [24704/50000]       2.9059              28.6000             3.0617              386            
1              [24768/50000]       2.6945              32.5700             2.4387              387            
1              [24832/50000]       2.5390              29.0300             2.5057              388            
1              [24896/50000]       2.3533              29.7800             2.4105              389            
1              [24960/50000]       2.5053              27.0900             2.7987              390            
1              [25024/50000]       2.7302              27.1000             3.3164              391            
1              [25088/50000]       3.6204              29.7100             2.6514              392            
1              [25152/50000]       2.7575              30.0300             2.5371              393            
1              [25216/50000]       2.6873              23.1800             3.2700              394            
1              [25280/50000]       3.2219              28.1700             2.9870              395            
1              [25344/50000]       3.5338              32.2300             2.5242              396            
1              [25408/50000]       2.7749              29.5100             2.8408              397            
1              [25472/50000]       2.6990              30.2300             2.6450              398            
1              [25536/50000]       2.8391              30.5200             2.5333              399            
1              [25600/50000]       2.4737              31.5600             2.5056              400            
1              [25664/50000]       2.7008              30.7500             2.7627              401            
1              [25728/50000]       2.6218              30.8800             2.5740              402            
1              [25792/50000]       2.7821              30.0700             2.4704              403            
1              [25856/50000]       2.3134              29.8100             2.9201              404            
1              [25920/50000]       2.8394              27.3900             3.4178              405            
1              [25984/50000]       3.0668              26.5100             3.1270              406            
1              [26048/50000]       2.9132              26.3200             2.5717              407            
1              [26112/50000]       2.6401              29.6600             2.6515              408            
1              [26176/50000]       2.6755              29.5100             2.4915              409            
1              [26240/50000]       2.5410              27.5900             2.7485              410            
1              [26304/50000]       2.9348              27.2200             3.3318              411            
1              [26368/50000]       2.8705              31.0700             2.5905              412            
1              [26432/50000]       2.5549              29.4400             2.6167              413            
1              [26496/50000]       2.7281              27.8500             2.9437              414            
1              [26560/50000]       2.7346              32.0000             2.4844              415            
1              [26624/50000]       2.2538              30.1600             2.5898              416            
1              [26688/50000]       2.6128              30.2300             2.7164              417            
1              [26752/50000]       2.3356              30.0300             2.5213              418            
1              [26816/50000]       2.6010              30.0200             2.5977              419            
1              [26880/50000]       2.2650              30.0000             2.7747              420            
1              [26944/50000]       2.9308              29.3900             2.5479              421            
1              [27008/50000]       2.0524              28.9900             2.6499              422            
1              [27072/50000]       2.6432              29.4800             2.7493              423            
1              [27136/50000]       2.8273              30.6600             2.7669              424            
1              [27200/50000]       2.7978              28.0000             2.7886              425            
1              [27264/50000]       2.6627              29.9000             2.7201              426            
1              [27328/50000]       2.6638              30.4300             2.5007              427            
1              [27392/50000]       2.4130              29.2200             2.6242              428            
1              [27456/50000]       3.0960              26.6200             3.2068              429            
1              [27520/50000]       2.8770              30.6200             2.5391              430            
1              [27584/50000]       2.7366              30.8100             2.5429              431            
1              [27648/50000]       2.5313              28.6700             2.6655              432            
1              [27712/50000]       2.4901              33.2400             2.5000              433            
1              [27776/50000]       2.7047              29.2100             2.9896              434            
1              [27840/50000]       2.8748              29.4800             2.6020              435            
1              [27904/50000]       2.6262              30.5100             2.6414              436            
1              [27968/50000]       2.5622              29.6900             2.5477              437            
1              [28032/50000]       2.3854              32.3600             2.4178              438            
1              [28096/50000]       2.4866              31.1200             2.5255              439            
1              [28160/50000]       2.2946              29.9800             2.8130              440            
1              [28224/50000]       2.8901              31.6100             2.6175              441            
1              [28288/50000]       1.9209              28.7700             2.7595              442            
1              [28352/50000]       2.6575              30.4800             2.4958              443            
1              [28416/50000]       2.5716              31.9200             2.4003              444            
1              [28480/50000]       2.1850              28.6300             2.6985              445            
1              [28544/50000]       2.5812              28.5900             2.8351              446            
1              [28608/50000]       2.6012              29.5400             2.6971              447            
1              [28672/50000]       2.0924              31.8500             2.4399              448            
1              [28736/50000]       2.6050              28.4800             2.9872              449            
1              [28800/50000]       3.0014              30.5800             2.5331              450            
1              [28864/50000]       2.2881              29.8200             2.5831              451            
1              [28928/50000]       2.6024              29.0000             2.8516              452            
1              [28992/50000]       2.9634              32.5000             2.3016              453            
1              [29056/50000]       2.2809              30.7600             2.3956              454            
1              [29120/50000]       2.9170              26.8700             2.8202              455            
1              [29184/50000]       3.2915              27.5700             2.8750              456            
1              [29248/50000]       3.0617              27.7300             2.8339              457            
1              [29312/50000]       2.6408              31.8600             2.4890              458            
1              [29376/50000]       2.5822              27.8900             3.3467              459            
1              [29440/50000]       3.3659              28.4200             2.8077              460            
1              [29504/50000]       2.9264              26.3900             3.5256              461            
1              [29568/50000]       3.7014              28.0600             2.8923              462            
1              [29632/50000]       2.9536              29.3100             3.0010              463            
1              [29696/50000]       2.8893              29.6300             2.5378              464            
1              [29760/50000]       2.5558              30.5800             2.7183              465            
1              [29824/50000]       2.0522              32.5100             2.5449              466            
1              [29888/50000]       2.5075              32.3400             2.6321              467            
1              [29952/50000]       2.9324              34.0100             2.3086              468            
1              [30016/50000]       2.3433              31.9300             2.4023              469            
1              [30080/50000]       2.1054              30.9200             2.4647              470            
1              [30144/50000]       2.2433              29.7000             2.7132              471            
1              [30208/50000]       3.2891              28.6100             3.0553              472            
1              [30272/50000]       2.4838              29.0000             2.9230              473            
1              [30336/50000]       3.6101              25.2000             3.1276              474            
1              [30400/50000]       3.3549              28.5300             3.1920              475            
1              [30464/50000]       3.4944              29.9400             2.8124              476            
1              [30528/50000]       3.1505              28.7200             2.5544              477            
1              [30592/50000]       2.1950              32.1100             2.6624              478            
1              [30656/50000]       2.1252              29.2800             2.7967              479            
1              [30720/50000]       2.8125              29.8800             2.5597              480            
1              [30784/50000]       2.4996              28.8400             2.9125              481            
1              [30848/50000]       3.2698              24.8700             3.0716              482            
1              [30912/50000]       2.8852              30.6300             2.6132              483            
1              [30976/50000]       3.2145              30.3900             2.5963              484            
1              [31040/50000]       2.8225              31.1100             2.6318              485            
1              [31104/50000]       3.1387              28.7800             2.4459              486            
1              [31168/50000]       2.2960              29.9800             2.7504              487            
1              [31232/50000]       3.4761              26.1600             3.0421              488            
1              [31296/50000]       3.1753              30.5000             2.6133              489            
1              [31360/50000]       2.8933              27.4600             2.6228              490            
1              [31424/50000]       2.5393              28.5000             2.9141              491            
1              [31488/50000]       2.6740              28.8100             2.7709              492            
1              [31552/50000]       2.4677              31.4000             2.5120              493            
1              [31616/50000]       2.2810              29.0200             2.6089              494            
1              [31680/50000]       2.3442              29.1000             2.5924              495            
1              [31744/50000]       2.7476              28.0500             2.5628              496            
1              [31808/50000]       2.1768              30.5800             2.4690              497            
1              [31872/50000]       2.4275              30.1100             2.5877              498            
1              [31936/50000]       2.5784              28.1400             2.8285              499            
1              [32000/50000]       3.3240              32.5700             2.3385              500            
1              [32064/50000]       2.2480              33.3900             2.1767              501            
1              [32128/50000]       2.0609              27.6100             2.6377              502            
1              [32192/50000]       2.9180              27.7700             3.0474              503            
1              [32256/50000]       2.4594              31.8700             2.6566              504            
1              [32320/50000]       2.6446              28.1200             2.8861              505            
1              [32384/50000]       2.3430              31.4000             2.3814              506            
1              [32448/50000]       2.3434              27.4000             2.9530              507            
1              [32512/50000]       2.8132              30.3800             2.6081              508            
1              [32576/50000]       2.4910              28.2900             2.7006              509            
1              [32640/50000]       2.8964              31.1200             2.7655              510            
1              [32704/50000]       2.8728              28.7600             2.7681              511            
1              [32768/50000]       3.2254              27.7600             2.8341              512            
1              [32832/50000]       2.9963              29.1300             2.7292              513            
1              [32896/50000]       3.0917              28.5600             2.9815              514            
1              [32960/50000]       3.4080              29.4400             2.8668              515            
1              [33024/50000]       2.7927              30.7100             2.7716              516            
1              [33088/50000]       2.8988              33.3300             2.2531              517            
1              [33152/50000]       2.3608              27.2800             2.7705              518            
1              [33216/50000]       2.7173              29.1200             2.8303              519            
1              [33280/50000]       2.5668              30.2700             2.6629              520            
1              [33344/50000]       2.9805              31.1300             2.4855              521            
1              [33408/50000]       2.6606              29.9300             2.4692              522            
1              [33472/50000]       2.1284              31.3500             2.4549              523            
1              [33536/50000]       2.8586              26.8500             3.1046              524            
1              [33600/50000]       2.7959              31.1100             2.7433              525            
1              [33664/50000]       2.8588              30.0000             2.8685              526            
1              [33728/50000]       2.8642              29.3400             2.6256              527            
1              [33792/50000]       2.3207              31.0100             2.4598              528            
1              [33856/50000]       2.7032              29.2600             2.6856              529            
1              [33920/50000]       2.7444              27.7400             3.1145              530            
1              [33984/50000]       3.1120              28.9300             3.2051              531            
1              [34048/50000]       3.7340              28.1500             2.6086              532            
1              [34112/50000]       2.9408              30.4800             2.6301              533            
1              [34176/50000]       2.9180              28.7000             2.7123              534            
1              [34240/50000]       2.5985              31.2100             2.6673              535            
1              [34304/50000]       2.6669              29.7100             2.9378              536            
1              [34368/50000]       2.2206              31.5600             2.3454              537            
1              [34432/50000]       2.0572              30.4600             2.8164              538            
1              [34496/50000]       3.0618              28.3800             2.8363              539            
1              [34560/50000]       3.5458              28.6700             3.2260              540            
1              [34624/50000]       2.9093              32.4900             2.3318              541            
1              [34688/50000]       2.3374              28.7600             2.5902              542            
1              [34752/50000]       2.0232              31.0300             2.5962              543            
1              [34816/50000]       2.8433              28.3900             2.9249              544            
1              [34880/50000]       2.8311              31.1000             2.4542              545            
1              [34944/50000]       2.3403              30.8000             2.3672              546            
1              [35008/50000]       2.3665              29.5700             2.4962              547            
1              [35072/50000]       2.5249              27.4400             3.1436              548            
1              [35136/50000]       3.4699              30.3200             2.6317              549            
1              [35200/50000]       2.8868              29.7300             2.8662              550            
1              [35264/50000]       3.6694              27.5000             2.9689              551            
1              [35328/50000]       2.5204              30.4800             2.5670              552            
1              [35392/50000]       2.7586              29.0100             3.0999              553            
1              [35456/50000]       3.3430              32.2500             2.5294              554            
1              [35520/50000]       2.8763              29.7200             2.6474              555            
1              [35584/50000]       2.5280              31.2100             2.5784              556            
1              [35648/50000]       2.7113              31.5400             2.5206              557            
1              [35712/50000]       2.0762              30.4700             2.4646              558            
1              [35776/50000]       2.1560              32.6400             2.2948              559            
1              [35840/50000]       2.3326              29.6000             2.4808              560            
1              [35904/50000]       2.3993              32.0400             2.4073              561            
1              [35968/50000]       2.4975              25.1700             3.1550              562            
1              [36032/50000]       2.5059              31.4600             2.5498              563            
1              [36096/50000]       2.4175              28.2900             2.8714              564            
1              [36160/50000]       2.8269              28.9000             2.7770              565            
1              [36224/50000]       2.8919              29.7700             2.6192              566            
1              [36288/50000]       2.5335              28.8300             2.9887              567            
1              [36352/50000]       2.5438              30.8300             2.3621              568            
1              [36416/50000]       2.4911              28.1800             2.9175              569            
1              [36480/50000]       3.0937              30.4200             2.5542              570            
1              [36544/50000]       2.1327              31.9900             2.3379              571            
1              [36608/50000]       2.4260              23.5000             3.2194              572            
1              [36672/50000]       3.0553              28.7300             2.9256              573            
1              [36736/50000]       3.4847              28.9100             3.1237              574            
1              [36800/50000]       2.9467              27.0200             3.0299              575            
1              [36864/50000]       3.3554              30.2500             2.8250              576            
1              [36928/50000]       3.1137              31.8400             2.7965              577            
1              [36992/50000]       3.1247              30.5800             2.4568              578            
1              [37056/50000]       2.7194              30.1600             2.4710              579            
1              [37120/50000]       3.4124              26.2800             3.1020              580            
1              [37184/50000]       3.2699              29.6300             3.1019              581            
1              [37248/50000]       3.2102              29.4800             3.1439              582            
1              [37312/50000]       3.5839              27.5400             2.8839              583            
1              [37376/50000]       2.3905              29.5200             2.6616              584            
1              [37440/50000]       2.9766              27.8000             2.4264              585            
1              [37504/50000]       2.5775              32.6500             2.4308              586            
1              [37568/50000]       2.4424              27.8000             2.7171              587            
1              [37632/50000]       2.6114              30.5800             2.6133              588            
1              [37696/50000]       2.6749              28.0200             2.8720              589            
1              [37760/50000]       2.6887              30.8400             2.7715              590            
1              [37824/50000]       2.5305              30.5100             2.6621              591            
1              [37888/50000]       2.7767              32.8500             2.4509              592            
1              [37952/50000]       2.9677              28.4200             2.8685              593            
1              [38016/50000]       2.1155              31.0600             2.6643              594            
1              [38080/50000]       3.2947              25.8500             3.4112              595            
1              [38144/50000]       3.3727              31.6300             2.7710              596            
1              [38208/50000]       2.8229              30.9700             2.9486              597            
1              [38272/50000]       2.5204              27.7400             3.1881              598            
1              [38336/50000]       2.3319              29.7300             2.7542              599            
1              [38400/50000]       3.0347              30.3400             2.9275              600            
1              [38464/50000]       2.3268              32.6100             2.4810              601            
1              [38528/50000]       2.4115              31.8000             2.7428              602            
1              [38592/50000]       2.7236              32.0300             2.5316              603            
1              [38656/50000]       2.3303              30.0000             2.7202              604            
1              [38720/50000]       2.7286              28.8500             2.7688              605            
1              [38784/50000]       2.5525              31.6200             2.4344              606            
1              [38848/50000]       2.6739              28.7100             2.9113              607            
1              [38912/50000]       3.4389              28.6800             3.0675              608            
1              [38976/50000]       3.0324              30.4800             2.7756              609            
1              [39040/50000]       2.5848              28.6300             2.8266              610            
1              [39104/50000]       2.9385              31.2300             2.6809              611            
1              [39168/50000]       2.3650              33.9200             2.4170              612            
1              [39232/50000]       2.0007              33.3900             2.4387              613            
1              [39296/50000]       2.0327              30.5300             2.6966              614            
1              [39360/50000]       2.4581              32.5500             2.6862              615            
1              [39424/50000]       3.1356              28.9000             2.9858              616            
1              [39488/50000]       3.1222              31.0100             2.6437              617            
1              [39552/50000]       2.7962              29.5600             2.8502              618            
1              [39616/50000]       2.9816              30.2400             2.7104              619            
1              [39680/50000]       2.1132              33.1500             2.3643              620            
1              [39744/50000]       2.4633              30.3700             2.6651              621            
1              [39808/50000]       3.1285              29.7600             2.5548              622            
1              [39872/50000]       2.3653              31.4000             2.5912              623            
1              [39936/50000]       2.6840              28.0400             2.8644              624            
1              [40000/50000]       3.0602              32.5800             2.4086              625            
1              [40064/50000]       2.3120              32.2600             2.4100              626            
1              [40128/50000]       2.6364              27.9200             2.7013              627            
1              [40192/50000]       3.0977              29.5000             2.5451              628            
1              [40256/50000]       2.7970              29.0500             2.8068              629            
1              [40320/50000]       2.7424              30.3300             3.0816              630            
1              [40384/50000]       2.4330              31.1100             2.3748              631            
1              [40448/50000]       2.0432              30.0600             2.6162              632            
1              [40512/50000]       2.5858              28.7900             2.8668              633            
1              [40576/50000]       2.5109              31.9600             2.5019              634            
1              [40640/50000]       2.5119              27.4600             2.8863              635            
1              [40704/50000]       2.8950              27.9000             2.8676              636            
1              [40768/50000]       2.8228              29.0700             2.9659              637            
1              [40832/50000]       3.1616              28.6100             2.9393              638            
1              [40896/50000]       3.0535              30.5200             2.4991              639            
1              [40960/50000]       2.7171              29.4900             2.9569              640            
1              [41024/50000]       3.1967              27.3200             3.1610              641            
1              [41088/50000]       2.6727              30.6400             2.7417              642            
1              [41152/50000]       2.6714              32.1300             2.4701              643            
1              [41216/50000]       2.4604              31.1000             2.5429              644            
1              [41280/50000]       2.3956              29.5700             2.5794              645            
1              [41344/50000]       2.9503              29.7900             2.6633              646            
1              [41408/50000]       3.0964              30.4000             2.5846              647            
1              [41472/50000]       2.4496              31.1000             2.4534              648            
1              [41536/50000]       2.1598              29.1000             2.6480              649            
1              [41600/50000]       2.2059              32.7700             2.5342              650            
1              [41664/50000]       2.4921              29.2800             2.7679              651            
1              [41728/50000]       2.5503              33.2300             2.5067              652            
1              [41792/50000]       2.5106              30.3300             2.5984              653            
1              [41856/50000]       2.3530              29.1000             2.6840              654            
1              [41920/50000]       2.2126              33.8900             2.2433              655            
1              [41984/50000]       2.5838              29.1500             2.7655              656            
1              [42048/50000]       2.8911              29.7300             2.6589              657            
1              [42112/50000]       3.1692              30.1300             2.7324              658            
1              [42176/50000]       2.8784              25.7400             3.1477              659            
1              [42240/50000]       3.3447              28.6000             2.8795              660            
1              [42304/50000]       3.4989              29.7100             2.9511              661            
1              [42368/50000]       2.8941              30.5500             2.5931              662            
1              [42432/50000]       2.5805              30.7700             2.5724              663            
1              [42496/50000]       2.7792              30.2000             2.6924              664            
1              [42560/50000]       2.9075              28.9200             2.8437              665            
1              [42624/50000]       2.6559              32.8900             2.6602              666            
1              [42688/50000]       2.5594              31.3800             2.6116              667            
1              [42752/50000]       2.2466              32.1700             2.3574              668            
1              [42816/50000]       2.0243              31.2600             2.5134              669            
1              [42880/50000]       2.2979              29.2500             2.6911              670            
1              [42944/50000]       2.9421              29.1100             3.1608              671            
1              [43008/50000]       3.7251              29.2900             3.1050              672            
1              [43072/50000]       3.1752              29.5600             2.8227              673            
1              [43136/50000]       2.6009              31.5600             2.6865              674            
1              [43200/50000]       2.5997              30.5900             2.6873              675            
1              [43264/50000]       2.0397              30.0400             2.8254              676            
1              [43328/50000]       2.3134              30.9100             2.4790              677            
1              [43392/50000]       2.5616              30.3700             2.4480              678            
1              [43456/50000]       2.6859              28.8800             2.7039              679            
1              [43520/50000]       2.6879              30.4400             2.9002              680            
1              [43584/50000]       3.0347              26.6500             3.0353              681            
1              [43648/50000]       2.7193              30.1800             2.8321              682            
1              [43712/50000]       2.5894              31.7500             2.4026              683            
1              [43776/50000]       2.2590              30.4300             2.6735              684            
1              [43840/50000]       2.6763              29.6100             2.6072              685            
1              [43904/50000]       2.4748              29.5600             2.7082              686            
1              [43968/50000]       3.4053              28.3100             2.9043              687            
1              [44032/50000]       2.9734              31.9800             2.4246              688            
1              [44096/50000]       2.3908              28.5700             2.6825              689            
1              [44160/50000]       2.6770              30.9700             2.5511              690            
1              [44224/50000]       2.5553              32.0100             2.3688              691            
1              [44288/50000]       2.5243              30.0400             2.6913              692            
1              [44352/50000]       2.6056              30.0500             2.5015              693            
1              [44416/50000]       2.4891              28.6900             2.5578              694            
1              [44480/50000]       2.8117              28.6100             2.9953              695            
1              [44544/50000]       3.1647              33.7300             2.3048              696            
1              [44608/50000]       2.4482              31.4600             2.5531              697            
1              [44672/50000]       2.8739              29.0000             2.7144              698            
1              [44736/50000]       2.4739              32.8400             2.5943              699            
1              [44800/50000]       2.7303              27.9500             2.9371              700            
1              [44864/50000]       2.9652              31.7100             2.5730              701            
1              [44928/50000]       2.8404              30.0600             2.6999              702            
1              [44992/50000]       3.0648              27.5600             2.7256              703            
1              [45056/50000]       2.7904              30.8500             2.4937              704            
1              [45120/50000]       3.1667              29.0300             3.0720              705            
1              [45184/50000]       2.9374              30.9800             2.5404              706            
1              [45248/50000]       2.8000              32.7700             2.5241              707            
1              [45312/50000]       2.8852              28.5300             2.9932              708            
1              [45376/50000]       2.8488              31.6100             2.7732              709            
1              [45440/50000]       2.7031              31.2000             2.4281              710            
1              [45504/50000]       2.5471              30.8900             2.3528              711            
1              [45568/50000]       2.4112              30.8300             2.4830              712            
1              [45632/50000]       2.7899              31.7700             2.3466              713            
1              [45696/50000]       2.1711              29.7600             2.7985              714            
1              [45760/50000]       2.7914              29.2500             2.7831              715            
1              [45824/50000]       2.5686              28.8100             2.6132              716            
1              [45888/50000]       2.5276              32.7200             2.6458              717            
1              [45952/50000]       2.5222              28.8600             2.8706              718            
1              [46016/50000]       3.6648              30.6500             2.5892              719            
1              [46080/50000]       2.8401              31.7800             2.5159              720            
1              [46144/50000]       2.4710              27.8900             3.0047              721            
1              [46208/50000]       2.6409              29.5400             2.7718              722            
1              [46272/50000]       3.3286              27.6200             3.0643              723            
1              [46336/50000]       2.8976              28.8700             2.9246              724            
1              [46400/50000]       3.2981              30.7900             2.8239              725            
1              [46464/50000]       3.1323              31.4600             2.5237              726            
1              [46528/50000]       2.8508              25.6100             2.9124              727            
1              [46592/50000]       3.1793              31.7800             2.9106              728            
1              [46656/50000]       3.3215              29.5800             3.0093              729            
1              [46720/50000]       3.4695              30.9100             2.9311              730            
1              [46784/50000]       3.2826              29.4100             2.9492              731            
1              [46848/50000]       2.4609              30.1300             2.6326              732            
1              [46912/50000]       2.2464              30.7700             2.3852              733            
1              [46976/50000]       2.2125              31.2100             2.5573              734            
1              [47040/50000]       2.6116              30.1600             2.6677              735            
1              [47104/50000]       2.6917              28.7100             2.8902              736            
1              [47168/50000]       3.1132              30.7500             2.6258              737            
1              [47232/50000]       3.1776              27.4800             2.9319              738            
1              [47296/50000]       3.1971              29.6100             2.9873              739            
1              [47360/50000]       3.2179              29.6600             2.5632              740            
1              [47424/50000]       2.4565              31.4500             2.5281              741            
1              [47488/50000]       2.6561              29.5300             2.5420              742            
1              [47552/50000]       2.4280              27.8600             2.6337              743            
1              [47616/50000]       2.9639              29.0300             2.8311              744            
1              [47680/50000]       3.4526              26.4900             3.2986              745            
1              [47744/50000]       3.6064              28.8600             2.7208              746            
1              [47808/50000]       2.4308              28.0300             2.9012              747            
1              [47872/50000]       2.6665              28.5800             2.5932              748            
1              [47936/50000]       2.7839              29.3800             2.7960              749            
1              [48000/50000]       3.1354              27.7800             3.0691              750            
1              [48064/50000]       3.2266              29.3200             2.6021              751            
1              [48128/50000]       2.2716              30.7300             2.6020              752            
1              [48192/50000]       2.8962              30.1300             2.6572              753            
1              [48256/50000]       2.6287              27.0400             3.1662              754            
1              [48320/50000]       3.3292              30.6400             2.8065              755            
1              [48384/50000]       3.4484              29.7400             3.0442              756            
1              [48448/50000]       3.1735              29.0500             2.5714              757            
1              [48512/50000]       2.6428              30.6900             2.6329              758            
1              [48576/50000]       2.6918              30.1200             2.5566              759            
1              [48640/50000]       2.6056              31.4800             2.4083              760            
1              [48704/50000]       2.3837              31.7700             2.5126              761            
1              [48768/50000]       1.8855              31.6700             2.4475              762            
1              [48832/50000]       2.3339              30.5800             2.7416              763            
1              [48896/50000]       2.4726              31.8200             2.4208              764            
1              [48960/50000]       2.7066              29.3200             2.7074              765            
1              [49024/50000]       3.0503              28.1000             2.8107              766            
1              [49088/50000]       2.5885              32.3900             2.4059              767            
1              [49152/50000]       2.8432              30.2700             2.5855              768            
1              [49216/50000]       2.3377              31.4300             2.6789              769            
1              [49280/50000]       2.4792              30.1300             2.5589              770            
1              [49344/50000]       3.3042              26.6300             3.2740              771            
1              [49408/50000]       2.8126              30.0800             2.5657              772            
1              [49472/50000]       2.2456              30.1800             2.7659              773            
1              [49536/50000]       2.9151              29.5000             2.7843              774            
1              [49600/50000]       3.3064              28.3800             3.1131              775            
1              [49664/50000]       2.9627              30.0200             2.9923              776            
1              [49728/50000]       3.2834              29.0000             2.7338              777            
1              [49792/50000]       2.8620              30.4900             2.7901              778            
1              [49856/50000]       2.5728              31.5400             2.4432              779            
1              [49920/50000]       2.1165              31.3600             2.4099              780            
1              [49984/50000]       2.3121              32.4600             2.4428              781            
1              [12512/50000]       2.7129              27.3400             3.2865              782            
