Current_Epoch  Batch/Total         CE_Train            Accuracy(%)         CE_TEST             Batch_Number   
0              [0/60000]           --                  9.020               2.3065              0
1              [64/60000]          2.2934              20.4200             3.2844              1              
1              [128/60000]         3.1401              31.0400             2.7701              2              
1              [192/60000]         2.8555              17.7100             3.5786              3              
1              [256/60000]         3.6538              29.4200             3.4681              4              
1              [320/60000]         2.9837              22.2900             4.3952              5              
1              [384/60000]         3.4873              32.1800             2.9330              6              
1              [448/60000]         3.2415              45.1200             1.8074              7              
1              [512/60000]         1.6664              58.2100             1.4506              8              
1              [576/60000]         1.0124              66.1600             1.1131              9              
1              [640/60000]         1.2216              65.5600             1.2842              10             
1              [704/60000]         1.2982              73.5600             0.8707              11             
1              [768/60000]         1.0007              80.8900             0.7235              12             
1              [832/60000]         0.9316              80.1900             0.7015              13             
1              [896/60000]         0.7589              79.3100             0.6946              14             
1              [960/60000]         0.7694              79.5000             0.6941              15             
1              [1024/60000]        0.7005              83.5100             0.6018              16             
1              [1088/60000]        0.8002              76.7700             0.7071              17             
1              [1152/60000]        0.6571              73.1700             0.7409              18             
1              [1216/60000]        0.8997              75.1100             0.7506              19             
1              [1280/60000]        0.6966              81.4500             0.6309              20             
1              [1344/60000]        0.4826              81.4700             0.5858              21             
1              [1408/60000]        0.4246              74.4900             0.7298              22             
1              [1472/60000]        0.6232              77.4800             0.6998              23             
1              [1536/60000]        0.8542              80.9700             0.5835              24             
1              [1600/60000]        0.6698              81.3800             0.5594              25             
1              [1664/60000]        0.5547              81.8800             0.5431              26             
1              [1728/60000]        0.6052              82.4400             0.5334              27             
1              [1792/60000]        0.5030              85.3500             0.4923              28             
1              [1856/60000]        0.3626              83.5700             0.5211              29             
1              [1920/60000]        0.4498              79.5500             0.6272              30             
1              [1984/60000]        0.5437              83.2100             0.5236              31             
1              [2048/60000]        0.4169              87.3700             0.4222              32             
1              [2112/60000]        0.3985              83.9200             0.4960              33             
1              [2176/60000]        0.4760              85.1500             0.4813              34             
1              [2240/60000]        0.6456              81.4100             0.5398              35             
1              [2304/60000]        0.5763              80.3300             0.5754              36             
1              [2368/60000]        0.6504              75.3500             0.7647              37             
1              [2432/60000]        0.5456              84.1200             0.4811              38             
1              [2496/60000]        0.7347              86.6500             0.4419              39             
1              [2560/60000]        0.3546              82.5700             0.5175              40             
1              [2624/60000]        0.3446              84.5600             0.4699              41             
1              [2688/60000]        0.5484              85.4700             0.4707              42             
1              [2752/60000]        0.5155              86.0700             0.4474              43             
1              [2816/60000]        0.5009              88.1600             0.3968              44             
1              [2880/60000]        0.3135              84.8400             0.4546              45             
1              [2944/60000]        0.4316              86.5000             0.4396              46             
1              [3008/60000]        0.3073              87.5600             0.3999              47             
1              [3072/60000]        0.4069              84.4500             0.4901              48             
1              [3136/60000]        0.6773              81.4800             0.5551              49             
1              [3200/60000]        0.6967              79.4000             0.6381              50             
1              [3264/60000]        0.6652              81.1700             0.5902              51             
1              [3328/60000]        0.6630              86.8700             0.4304              52             
1              [3392/60000]        0.5556              83.6900             0.4995              53             
1              [3456/60000]        0.3460              88.7700             0.3704              54             
1              [3520/60000]        0.6869              88.9100             0.3753              55             
1              [3584/60000]        0.4912              88.6500             0.3735              56             
1              [3648/60000]        0.4039              87.0800             0.4049              57             
1              [3712/60000]        0.2433              88.2800             0.3927              58             
1              [3776/60000]        0.3718              87.6600             0.3970              59             
1              [3840/60000]        0.6481              74.3000             0.7372              60             
1              [3904/60000]        0.6253              82.4100             0.5599              61             
1              [3968/60000]        0.5192              87.2600             0.4213              62             
1              [4032/60000]        0.3767              88.2800             0.3865              63             
1              [4096/60000]        0.5410              85.0000             0.4747              64             
1              [4160/60000]        0.4694              88.7700             0.3805              65             
1              [4224/60000]        0.4501              90.1900             0.3436              66             
1              [4288/60000]        0.3060              89.3100             0.3672              67             
1              [4352/60000]        0.5345              88.1400             0.3791              68             
1              [4416/60000]        0.3301              89.9900             0.3328              69             
1              [4480/60000]        0.2531              88.9800             0.3503              70             
1              [4544/60000]        0.3120              89.6900             0.3327              71             
1              [4608/60000]        0.3353              86.6300             0.4314              72             
1              [4672/60000]        0.4707              87.7500             0.4047              73             
1              [4736/60000]        0.2832              89.9000             0.3420              74             
1              [4800/60000]        0.3544              89.2200             0.3664              75             
1              [4864/60000]        0.4035              86.8600             0.4090              76             
1              [4928/60000]        0.4618              89.1800             0.3648              77             
1              [4992/60000]        0.3729              85.4600             0.4504              78             
1              [5056/60000]        0.6420              85.4400             0.4623              79             
1              [5120/60000]        0.6395              87.4600             0.3985              80             
1              [5184/60000]        0.3245              89.8700             0.3412              81             
1              [5248/60000]        0.2257              89.1300             0.3579              82             
1              [5312/60000]        0.4238              89.5400             0.3507              83             
1              [5376/60000]        0.3877              89.7600             0.3497              84             
1              [5440/60000]        0.2665              91.0400             0.3201              85             
1              [5504/60000]        0.1849              90.6100             0.3208              86             
1              [5568/60000]        0.4254              88.2200             0.3824              87             
1              [5632/60000]        0.4218              89.7400             0.3450              88             
1              [5696/60000]        0.2977              88.6700             0.3821              89             
1              [5760/60000]        0.3561              89.5300             0.3437              90             
1              [5824/60000]        0.3158              89.5300             0.3441              91             
1              [5888/60000]        0.4040              89.7400             0.3420              92             
1              [5952/60000]        0.2205              90.5700             0.3128              93             
1              [6016/60000]        0.3093              89.8000             0.3463              94             
1              [6080/60000]        0.2917              87.8700             0.3931              95             
1              [6144/60000]        0.4707              83.5800             0.4988              96             
1              [6208/60000]        0.6797              80.4200             0.6136              97             
1              [6272/60000]        0.5147              90.4900             0.3143              98             
1              [6336/60000]        0.3069              90.9300             0.3135              99             
1              [6400/60000]        0.2452              90.8800             0.3088              100            
1              [6464/60000]        0.4572              91.2600             0.2953              101            
1              [6528/60000]        0.3528              90.3800             0.3178              102            
1              [6592/60000]        0.1362              91.5400             0.2927              103            
1              [6656/60000]        0.4126              90.6200             0.3150              104            
1              [6720/60000]        0.4126              89.8000             0.3514              105            
1              [6784/60000]        0.5680              88.4400             0.3649              106            
1              [6848/60000]        0.2604              90.1700             0.3234              107            
1              [6912/60000]        0.3932              91.6400             0.2778              108            
1              [6976/60000]        0.2462              89.0400             0.3526              109            
1              [7040/60000]        0.5186              86.9700             0.4045              110            
1              [7104/60000]        0.3980              90.9100             0.2944              111            
1              [7168/60000]        0.2706              90.1700             0.3171              112            
1              [7232/60000]        0.2601              89.0500             0.3499              113            
1              [7296/60000]        0.4540              90.6100             0.3128              114            
1              [7360/60000]        0.3211              86.8700             0.4103              115            
1              [7424/60000]        0.2635              92.1300             0.2664              116            
1              [7488/60000]        0.2330              89.9700             0.3264              117            
1              [7552/60000]        0.3458              91.6900             0.2955              118            
1              [7616/60000]        0.1854              91.4300             0.2988              119            
1              [7680/60000]        0.3005              92.0000             0.2793              120            
1              [7744/60000]        0.2177              91.6900             0.2825              121            
1              [7808/60000]        0.2169              92.0800             0.2723              122            
1              [7872/60000]        0.1702              91.8600             0.2714              123            
1              [7936/60000]        0.2277              91.3200             0.2793              124            
1              [8000/60000]        0.3894              91.5300             0.2793              125            
1              [8064/60000]        0.1651              91.9600             0.2728              126            
1              [8128/60000]        0.3946              91.4700             0.2890              127            
1              [8192/60000]        0.1694              91.2900             0.2954              128            
1              [8256/60000]        0.1478              91.8900             0.2741              129            
1              [8320/60000]        0.3520              91.2500             0.2882              130            
1              [8384/60000]        0.3419              87.8500             0.3655              131            
1              [8448/60000]        0.2767              92.4300             0.2624              132            
1              [8512/60000]        0.1769              91.6600             0.2854              133            
1              [8576/60000]        0.3327              90.7400             0.2958              134            
1              [8640/60000]        0.4651              91.9000             0.2795              135            
1              [8704/60000]        0.5592              88.2300             0.3659              136            
1              [8768/60000]        0.3251              91.2100             0.2814              137            
1              [8832/60000]        0.2311              91.3800             0.2828              138            
1              [8896/60000]        0.3699              91.1000             0.3021              139            
1              [8960/60000]        0.6665              89.8100             0.3238              140            
1              [9024/60000]        0.3121              90.9200             0.2940              141            
1              [9088/60000]        0.3218              92.1700             0.2649              142            
1              [9152/60000]        0.3544              92.6700             0.2484              143            
1              [9216/60000]        0.3176              91.2200             0.2906              144            
1              [9280/60000]        0.3947              91.7300             0.2780              145            
1              [9344/60000]        0.3779              92.0200             0.2688              146            
1              [9408/60000]        0.2368              90.6800             0.2920              147            
1              [9472/60000]        0.3558              91.6400             0.2838              148            
1              [9536/60000]        0.2431              92.6100             0.2510              149            
1              [9600/60000]        0.2056              91.3200             0.2827              150            
1              [9664/60000]        0.1583              92.1800             0.2596              151            
1              [9728/60000]        0.3134              91.3300             0.2861              152            
1              [9792/60000]        0.2597              91.5100             0.2877              153            
1              [9856/60000]        0.3300              91.3700             0.2793              154            
1              [9920/60000]        0.5281              91.8100             0.2633              155            
1              [9984/60000]        0.1123              90.9400             0.2859              156            
1              [10048/60000]       0.3133              91.3600             0.2905              157            
1              [10112/60000]       0.2358              92.0800             0.2537              158            
1              [10176/60000]       0.2068              92.0700             0.2708              159            
1              [10240/60000]       0.2037              90.4300             0.3060              160            
1              [10304/60000]       0.4690              92.0600             0.2629              161            
1              [10368/60000]       0.2628              92.0300             0.2692              162            
1              [10432/60000]       0.1435              93.3900             0.2277              163            
1              [10496/60000]       0.2145              93.1100             0.2298              164            
1              [10560/60000]       0.5034              91.4800             0.2802              165            
1              [10624/60000]       0.3010              93.2400             0.2304              166            
1              [10688/60000]       0.1970              93.1500             0.2307              167            
1              [10752/60000]       0.2706              91.3200             0.2785              168            
1              [10816/60000]       0.5041              93.4600             0.2324              169            
1              [10880/60000]       0.1411              93.3900             0.2302              170            
1              [10944/60000]       0.2665              92.5500             0.2471              171            
1              [11008/60000]       0.2355              91.0800             0.2805              172            
1              [11072/60000]       0.3808              90.7500             0.2916              173            
1              [11136/60000]       0.3959              91.7700             0.2633              174            
1              [11200/60000]       0.2105              92.0100             0.2581              175            
1              [11264/60000]       0.2360              92.7600             0.2410              176            
1              [11328/60000]       0.2289              92.3100             0.2495              177            
1              [11392/60000]       0.3746              91.6500             0.2831              178            
1              [11456/60000]       0.2569              93.7900             0.2141              179            
1              [11520/60000]       0.2662              89.1000             0.3433              180            
1              [11584/60000]       0.5636              90.1300             0.3000              181            
1              [11648/60000]       0.5284              90.3800             0.2953              182            
1              [11712/60000]       0.4865              91.5700             0.2748              183            
1              [11776/60000]       0.2648              93.4900             0.2200              184            
1              [11840/60000]       0.2811              93.6600             0.2134              185            
1              [11904/60000]       0.2759              93.6900             0.2126              186            
1              [11968/60000]       0.2181              93.7500             0.2159              187            
1              [12032/60000]       0.2394              92.8900             0.2350              188            
1              [12096/60000]       0.1954              93.5500             0.2115              189            
1              [12160/60000]       0.2303              92.0000             0.2598              190            
1              [12224/60000]       0.5390              93.9300             0.2107              191            
1              [12288/60000]       0.2044              93.2000             0.2263              192            
1              [12352/60000]       0.5343              91.3200             0.2897              193            
1              [12416/60000]       0.2073              93.6800             0.2070              194            
1              [12480/60000]       0.3479              92.4800             0.2480              195            
1              [12544/60000]       0.2571              93.8000             0.2010              196            
1              [12608/60000]       0.1735              94.2100             0.1954              197            
1              [12672/60000]       0.1254              94.3700             0.1982              198            
1              [12736/60000]       0.2452              93.9600             0.2020              199            
1              [12800/60000]       0.2422              93.8600             0.2049              200            
1              [12864/60000]       0.2363              93.9300             0.2047              201            
1              [12928/60000]       0.1707              92.1700             0.2399              202            
1              [12992/60000]       0.2103              94.1000             0.1978              203            
1              [13056/60000]       0.2841              93.9600             0.2003              204            
1              [13120/60000]       0.2231              93.5400             0.2169              205            
1              [13184/60000]       0.2056              93.2700             0.2154              206            
1              [13248/60000]       0.3852              93.6000             0.2198              207            
1              [13312/60000]       0.2098              93.9900             0.2083              208            
1              [13376/60000]       0.2860              93.1100             0.2298              209            
1              [13440/60000]       0.5177              93.6100             0.2177              210            
1              [13504/60000]       0.2541              93.4900             0.2178              211            
1              [13568/60000]       0.2646              94.5700             0.1912              212            
1              [13632/60000]       0.1977              94.4500             0.1933              213            
1              [13696/60000]       0.1926              93.8700             0.2140              214            
1              [13760/60000]       0.2505              93.1200             0.2230              215            
1              [13824/60000]       0.1147              94.1300             0.1926              216            
1              [13888/60000]       0.1906              94.5100             0.1874              217            
1              [13952/60000]       0.5034              92.3700             0.2418              218            
1              [14016/60000]       0.3619              92.5700             0.2350              219            
1              [14080/60000]       0.2228              93.9700             0.2004              220            
1              [14144/60000]       0.2204              92.7400             0.2439              221            
1              [14208/60000]       0.3874              93.8900             0.2067              222            
1              [14272/60000]       0.1913              94.0300             0.2000              223            
1              [14336/60000]       0.1168              93.4000             0.2115              224            
1              [14400/60000]       0.1854              94.5400             0.1887              225            
1              [14464/60000]       0.1449              93.8200             0.2088              226            
1              [14528/60000]       0.2546              94.2000             0.1985              227            
1              [14592/60000]       0.2563              94.3500             0.1961              228            
1              [14656/60000]       0.3152              93.7700             0.2101              229            
1              [14720/60000]       0.1380              94.2100             0.1989              230            
1              [14784/60000]       0.1106              94.0100             0.2036              231            
1              [14848/60000]       0.2161              93.2900             0.2122              232            
1              [14912/60000]       0.1656              94.7100             0.1811              233            
1              [14976/60000]       0.1850              94.5000             0.1837              234            
1              [15040/60000]       0.2972              93.8900             0.1990              235            
1              [15104/60000]       0.1747              93.7600             0.2051              236            
1              [15168/60000]       0.4577              91.9200             0.2464              237            
1              [15232/60000]       0.2686              94.4800             0.1992              238            
1              [15296/60000]       0.1646              94.3000             0.1927              239            
1              [15360/60000]       0.1010              94.6600             0.1789              240            
1              [15424/60000]       0.1407              94.3700             0.1933              241            
1              [15488/60000]       0.2154              94.4100             0.1836              242            
1              [15552/60000]       0.2856              92.8600             0.2287              243            
1              [15616/60000]       0.1092              93.8100             0.2009              244            
1              [15680/60000]       0.1281              94.8100             0.1787              245            
1              [15744/60000]       0.5197              94.0400             0.1902              246            
1              [15808/60000]       0.2825              94.6200             0.1876              247            
1              [15872/60000]       0.3120              94.0500             0.1989              248            
1              [15936/60000]       0.2223              94.7500             0.1797              249            
1              [16000/60000]       0.1229              94.9600             0.1709              250            
1              [16064/60000]       0.3595              94.1800             0.1875              251            
1              [16128/60000]       0.3201              95.2300             0.1660              252            
1              [16192/60000]       0.1181              95.0100             0.1653              253            
1              [16256/60000]       0.1986              94.2300             0.1859              254            
1              [16320/60000]       0.1863              93.6900             0.2064              255            
1              [16384/60000]       0.3886              94.1600             0.1964              256            
1              [16448/60000]       0.2224              95.1700             0.1679              257            
1              [16512/60000]       0.2328              94.7400             0.1692              258            
1              [16576/60000]       0.2020              94.6000             0.1751              259            
1              [16640/60000]       0.2134              95.0400             0.1701              260            
1              [16704/60000]       0.2467              94.7800             0.1721              261            
1              [16768/60000]       0.2367              94.9800             0.1681              262            
1              [16832/60000]       0.2642              95.3500             0.1556              263            
1              [16896/60000]       0.0894              94.8000             0.1725              264            
1              [16960/60000]       0.2663              95.1900             0.1659              265            
1              [17024/60000]       0.2088              94.4900             0.1801              266            
1              [17088/60000]       0.1088              95.2700             0.1599              267            
1              [17152/60000]       0.1225              94.9300             0.1636              268            
1              [17216/60000]       0.0679              95.4400             0.1535              269            
1              [17280/60000]       0.1095              95.1600             0.1589              270            
1              [17344/60000]       0.0664              94.5600             0.1753              271            
1              [17408/60000]       0.1482              93.9400             0.1955              272            
1              [17472/60000]       0.1954              95.1200             0.1682              273            
1              [17536/60000]       0.4394              93.6500             0.2058              274            
1              [17600/60000]       0.3799              94.4000             0.1789              275            
1              [17664/60000]       0.3340              93.1200             0.2224              276            
1              [17728/60000]       0.1610              94.4100             0.1795              277            
1              [17792/60000]       0.0520              94.8100             0.1676              278            
1              [17856/60000]       0.1497              95.1100             0.1625              279            
1              [17920/60000]       0.1951              94.3100             0.1800              280            
1              [17984/60000]       0.1914              95.3100             0.1578              281            
1              [18048/60000]       0.2338              95.0000             0.1653              282            
1              [18112/60000]       0.1813              94.8600             0.1669              283            
1              [18176/60000]       0.1300              94.8200             0.1643              284            
1              [18240/60000]       0.1430              95.6800             0.1478              285            
1              [18304/60000]       0.2171              95.5700             0.1536              286            
1              [18368/60000]       0.1220              95.5800             0.1477              287            
1              [18432/60000]       0.0766              95.6100             0.1440              288            
1              [18496/60000]       0.2631              94.9800             0.1640              289            
1              [18560/60000]       0.0668              95.2200             0.1566              290            
1              [18624/60000]       0.0665              95.4000             0.1509              291            
1              [18688/60000]       0.2118              94.6800             0.1713              292            
1              [18752/60000]       0.3518              93.2000             0.2164              293            
1              [18816/60000]       0.1947              94.5700             0.1736              294            
1              [18880/60000]       0.4166              94.4800             0.1962              295            
1              [18944/60000]       0.1723              95.1400             0.1660              296            
1              [19008/60000]       0.1896              94.6800             0.1743              297            
1              [19072/60000]       0.3034              92.8800             0.2265              298            
1              [19136/60000]       0.1686              93.2000             0.2163              299            
