Current_Epoch  Batch/Total         CE_Train            Accuracy(%)         CE_TEST             Batch_Number   
0              [0/50000]           --                  9.020               2.3040              0
1              [64/50000]          2.2967              18.1200             2.2582              1              
1              [128/50000]         2.2578              20.3900             2.2212              2              
1              [192/50000]         2.2279              21.4500             2.2006              3              
1              [256/50000]         2.1894              23.2200             2.1774              4              
1              [320/50000]         2.1264              22.2100             2.1672              5              
1              [384/50000]         2.1552              22.3500             2.1533              6              
1              [448/50000]         2.1885              23.2600             2.1418              7              
1              [512/50000]         2.1894              24.7000             2.1305              8              
1              [576/50000]         2.1734              24.5900             2.1209              9              
1              [640/50000]         2.1598              25.6500             2.1074              10             
1              [704/50000]         2.1525              25.1200             2.1044              11             
1              [768/50000]         2.1186              26.4000             2.0950              12             
1              [832/50000]         2.1131              25.7900             2.0910              13             
1              [896/50000]         2.0728              25.6900             2.0918              14             
1              [960/50000]         2.1053              26.5000             2.0821              15             
1              [1024/50000]        2.0879              26.2800             2.0751              16             
1              [1088/50000]        2.0986              26.2200             2.0706              17             
1              [1152/50000]        2.1317              25.2200             2.0765              18             
1              [1216/50000]        2.1377              25.8500             2.0679              19             
1              [1280/50000]        2.0449              27.0000             2.0550              20             
1              [1344/50000]        2.1816              26.9700             2.0522              21             
1              [1408/50000]        2.0601              27.7300             2.0434              22             
1              [1472/50000]        2.0856              27.3500             2.0409              23             
1              [1536/50000]        1.9737              26.7400             2.0411              24             
1              [1600/50000]        1.9632              27.2300             2.0353              25             
1              [1664/50000]        2.1959              27.9900             2.0308              26             
1              [1728/50000]        2.0743              28.4000             2.0300              27             
1              [1792/50000]        1.9714              27.9300             2.0318              28             
1              [1856/50000]        2.2077              27.8400             2.0297              29             
1              [1920/50000]        2.1972              28.0000             2.0319              30             
1              [1984/50000]        1.9942              28.5700             2.0307              31             
1              [2048/50000]        2.0421              28.9000             2.0203              32             
1              [2112/50000]        1.9531              27.6900             2.0241              33             
1              [2176/50000]        1.9424              28.6300             2.0206              34             
1              [2240/50000]        2.0469              27.8600             2.0197              35             
1              [2304/50000]        2.0465              28.6400             2.0132              36             
1              [2368/50000]        1.9801              29.6800             2.0009              37             
1              [2432/50000]        1.8330              29.1000             2.0005              38             
1              [2496/50000]        2.0698              29.0900             2.0027              39             
1              [2560/50000]        1.8882              28.2600             2.0103              40             
1              [2624/50000]        2.1508              30.2200             1.9893              41             
1              [2688/50000]        2.0043              30.4800             1.9882              42             
1              [2752/50000]        2.0836              30.4600             1.9872              43             
1              [2816/50000]        1.9885              30.5000             1.9866              44             
1              [2880/50000]        1.8904              30.6900             1.9862              45             
1              [2944/50000]        2.0461              31.1900             1.9866              46             
1              [3008/50000]        2.1510              31.7600             1.9764              47             
1              [3072/50000]        1.8397              31.3500             1.9767              48             
1              [3136/50000]        1.9073              31.0700             1.9757              49             
1              [3200/50000]        1.9041              31.2800             1.9747              50             
1              [3264/50000]        2.0174              31.0500             1.9734              51             
1              [3328/50000]        1.8230              30.7400             1.9770              52             
1              [3392/50000]        1.9177              31.3100             1.9726              53             
1              [3456/50000]        2.0083              30.4400             1.9788              54             
1              [3520/50000]        2.0129              30.0400             1.9848              55             
1              [3584/50000]        1.9264              30.2700             1.9808              56             
1              [3648/50000]        1.9041              30.8500             1.9747              57             
1              [3712/50000]        2.0327              31.1900             1.9722              58             
1              [3776/50000]        2.0012              31.2400             1.9706              59             
1              [3840/50000]        1.9778              31.9700             1.9653              60             
1              [3904/50000]        2.0289              32.0600             1.9622              61             
1              [3968/50000]        2.1365              32.0500             1.9618              62             
1              [4032/50000]        1.9005              31.7100             1.9565              63             
1              [4096/50000]        1.9419              30.7800             1.9623              64             
1              [4160/50000]        2.1314              32.8100             1.9526              65             
1              [4224/50000]        1.9895              32.6100             1.9508              66             
1              [4288/50000]        1.8889              32.6200             1.9502              67             
1              [4352/50000]        1.9710              32.4700             1.9519              68             
1              [4416/50000]        1.9419              32.0300             1.9554              69             
1              [4480/50000]        1.9663              31.9700             1.9533              70             
1              [4544/50000]        1.9781              31.5300             1.9567              71             
1              [4608/50000]        2.0231              31.9100             1.9498              72             
1              [4672/50000]        1.9119              32.1400             1.9485              73             
1              [4736/50000]        2.0134              32.1800             1.9479              74             
1              [4800/50000]        1.9928              31.7500             1.9456              75             
1              [4864/50000]        2.1220              32.3800             1.9438              76             
1              [4928/50000]        1.7816              31.3300             1.9504              77             
1              [4992/50000]        1.9079              31.8000             1.9457              78             
1              [5056/50000]        1.9440              32.5400             1.9426              79             
1              [5120/50000]        1.9495              31.9500             1.9427              80             
1              [5184/50000]        1.8695              32.3300             1.9422              81             
1              [5248/50000]        1.9705              32.6800             1.9352              82             
1              [5312/50000]        1.9537              32.3200             1.9361              83             
1              [5376/50000]        1.8195              32.1700             1.9379              84             
1              [5440/50000]        1.9113              32.6700             1.9365              85             
1              [5504/50000]        2.1480              33.0600             1.9331              86             
1              [5568/50000]        1.9143              32.7300             1.9338              87             
1              [5632/50000]        1.9085              32.6800             1.9342              88             
1              [5696/50000]        1.8718              32.6200             1.9344              89             
1              [5760/50000]        1.7612              32.2700             1.9377              90             
1              [5824/50000]        2.1236              32.4200             1.9377              91             
1              [5888/50000]        1.9743              32.5400             1.9422              92             
1              [5952/50000]        1.9206              32.0400             1.9394              93             
1              [6016/50000]        1.8779              32.3600             1.9376              94             
1              [6080/50000]        1.8982              32.2600             1.9369              95             
1              [6144/50000]        1.8379              32.5800             1.9325              96             
1              [6208/50000]        1.9538              32.7800             1.9288              97             
1              [6272/50000]        1.7398              32.7300             1.9286              98             
1              [6336/50000]        1.9163              32.4400             1.9371              99             
1              [6400/50000]        1.8790              32.3900             1.9350              100            
1              [6464/50000]        1.9097              32.5600             1.9336              101            
1              [6528/50000]        1.9127              32.7000             1.9301              102            
1              [6592/50000]        1.8240              33.0200             1.9268              103            
1              [6656/50000]        1.9560              33.0000             1.9227              104            
1              [6720/50000]        1.9198              33.1000             1.9241              105            
1              [6784/50000]        2.0234              32.5500             1.9295              106            
1              [6848/50000]        1.8371              32.5100             1.9322              107            
1              [6912/50000]        1.9038              33.6200             1.9230              108            
1              [6976/50000]        1.8138              33.2500             1.9262              109            
1              [7040/50000]        2.1502              33.4700             1.9266              110            
1              [7104/50000]        1.9919              32.3900             1.9311              111            
1              [7168/50000]        2.0889              33.0700             1.9204              112            
1              [7232/50000]        1.8795              32.8000             1.9220              113            
1              [7296/50000]        1.8373              32.3400             1.9257              114            
1              [7360/50000]        2.1251              31.6200             1.9278              115            
1              [7424/50000]        1.9849              32.8000             1.9222              116            
1              [7488/50000]        1.8090              32.6300             1.9230              117            
1              [7552/50000]        1.8298              32.3900             1.9215              118            
1              [7616/50000]        1.8603              32.9000             1.9220              119            
1              [7680/50000]        1.7646              32.9500             1.9213              120            
1              [7744/50000]        1.9157              33.1400             1.9239              121            
1              [7808/50000]        2.0683              33.2100             1.9195              122            
1              [7872/50000]        1.9461              33.2100             1.9197              123            
1              [7936/50000]        2.0330              32.4800             1.9235              124            
1              [8000/50000]        1.8447              33.1300             1.9246              125            
1              [8064/50000]        2.0821              32.9200             1.9197              126            
1              [8128/50000]        1.8532              33.4100             1.9134              127            
1              [8192/50000]        1.8499              33.3100             1.9182              128            
1              [8256/50000]        1.7184              33.2600             1.9186              129            
1              [8320/50000]        1.9918              33.4200             1.9127              130            
1              [8384/50000]        1.8115              33.3700             1.9152              131            
1              [8448/50000]        1.9830              33.1200             1.9189              132            
1              [8512/50000]        1.7922              32.9700             1.9232              133            
1              [8576/50000]        2.0506              33.2400             1.9159              134            
1              [8640/50000]        1.8930              33.8400             1.9113              135            
1              [8704/50000]        1.9051              33.5900             1.9096              136            
1              [8768/50000]        2.1706              33.7700             1.9103              137            
1              [8832/50000]        2.0065              33.3700             1.9142              138            
1              [8896/50000]        1.9242              33.5000             1.9134              139            
1              [8960/50000]        2.1361              32.9200             1.9191              140            
1              [9024/50000]        1.8456              32.9300             1.9154              141            
1              [9088/50000]        1.8813              33.3000             1.9102              142            
1              [9152/50000]        1.8633              33.7100             1.9120              143            
1              [9216/50000]        2.0730              33.7100             1.9090              144            
1              [9280/50000]        1.9967              33.6800             1.9118              145            
1              [9344/50000]        2.0383              32.2500             1.9228              146            
1              [9408/50000]        1.9225              33.3300             1.9152              147            
1              [9472/50000]        2.0837              33.6600             1.9091              148            
1              [9536/50000]        2.0502              33.8700             1.9074              149            
1              [9600/50000]        1.7943              33.5800             1.9081              150            
1              [9664/50000]        1.9496              33.6400             1.9102              151            
1              [9728/50000]        1.7270              33.5100             1.9109              152            
1              [9792/50000]        1.8362              33.3500             1.9108              153            
1              [9856/50000]        1.9467              33.2200             1.9136              154            
1              [9920/50000]        1.8729              32.9700             1.9139              155            
1              [9984/50000]        1.8052              33.0700             1.9147              156            
1              [10048/50000]       1.7918              33.2500             1.9115              157            
1              [10112/50000]       1.7797              33.0800             1.9143              158            
1              [10176/50000]       1.8726              33.7400             1.9070              159            
1              [10240/50000]       1.9298              33.6000             1.9062              160            
1              [10304/50000]       1.8495              34.4400             1.9020              161            
1              [10368/50000]       1.8284              34.0000             1.9068              162            
1              [10432/50000]       1.9557              34.0900             1.9046              163            
1              [10496/50000]       1.7925              34.1400             1.9058              164            
1              [10560/50000]       2.0072              33.9200             1.9067              165            
1              [10624/50000]       1.8682              33.8100             1.9060              166            
1              [10688/50000]       1.7906              33.3700             1.9103              167            
1              [10752/50000]       1.7864              33.5200             1.9080              168            
1              [10816/50000]       1.8464              33.8100             1.9083              169            
1              [10880/50000]       1.9840              34.2400             1.9008              170            
1              [10944/50000]       2.0626              34.4100             1.8979              171            
1              [11008/50000]       1.9185              34.4800             1.8970              172            
1              [11072/50000]       1.9012              34.2400             1.9030              173            
1              [11136/50000]       1.8327              33.9200             1.9087              174            
1              [11200/50000]       1.7982              34.3700             1.9033              175            
1              [11264/50000]       1.8957              34.5100             1.9017              176            
1              [11328/50000]       1.7853              34.3400             1.9035              177            
1              [11392/50000]       1.8244              34.6000             1.9041              178            
1              [11456/50000]       1.9661              34.3900             1.9025              179            
1              [11520/50000]       1.7550              34.3400             1.9006              180            
1              [11584/50000]       1.8234              34.1900             1.9024              181            
1              [11648/50000]       2.0752              33.7600             1.9049              182            
1              [11712/50000]       1.9004              33.8200             1.9052              183            
1              [11776/50000]       1.8999              33.9900             1.9066              184            
1              [11840/50000]       1.9710              33.7800             1.9049              185            
1              [11904/50000]       1.6675              34.1600             1.9030              186            
1              [11968/50000]       1.9250              34.3500             1.9015              187            
1              [12032/50000]       1.8347              34.2900             1.9025              188            
1              [12096/50000]       1.9942              34.0700             1.9043              189            
1              [12160/50000]       1.9616              33.4100             1.9067              190            
1              [12224/50000]       1.8144              33.9600             1.9006              191            
1              [12288/50000]       1.8715              34.0800             1.8973              192            
1              [12352/50000]       1.9266              33.8300             1.8980              193            
1              [12416/50000]       1.7990              33.9700             1.8990              194            
1              [12480/50000]       1.7019              34.0200             1.8992              195            
1              [12544/50000]       1.8762              33.9900             1.8983              196            
1              [12608/50000]       2.0283              33.4400             1.9018              197            
1              [12672/50000]       1.8178              33.4800             1.9053              198            
1              [12736/50000]       1.9203              34.6700             1.8960              199            
1              [12800/50000]       2.1449              34.6600             1.8987              200            
1              [12864/50000]       1.7868              34.4700             1.8961              201            
1              [12928/50000]       1.9083              34.4900             1.8958              202            
1              [12992/50000]       1.7643              34.0600             1.8959              203            
1              [13056/50000]       1.8617              34.3500             1.8972              204            
1              [13120/50000]       2.1868              34.1600             1.8961              205            
1              [13184/50000]       1.9391              34.1200             1.8957              206            
1              [13248/50000]       1.6556              33.9600             1.9010              207            
1              [13312/50000]       1.9385              32.6100             1.9138              208            
1              [13376/50000]       2.0256              33.8200             1.9014              209            
1              [13440/50000]       1.9388              33.0400             1.9105              210            
1              [13504/50000]       1.8271              34.3100             1.8971              211            
1              [13568/50000]       1.8643              34.9500             1.8912              212            
1              [13632/50000]       1.8012              34.8100             1.8868              213            
1              [13696/50000]       1.9984              34.5400             1.8847              214            
1              [13760/50000]       2.0740              35.1100             1.8850              215            
1              [13824/50000]       1.9259              34.6000             1.8893              216            
1              [13888/50000]       1.9309              33.7700             1.8962              217            
1              [13952/50000]       1.9094              34.2500             1.8898              218            
1              [14016/50000]       1.8143              34.2100             1.8929              219            
1              [14080/50000]       1.8577              33.5400             1.8974              220            
1              [14144/50000]       2.0867              33.6600             1.8939              221            
1              [14208/50000]       1.7722              33.5000             1.8978              222            
1              [14272/50000]       1.8153              33.3500             1.9003              223            
1              [14336/50000]       1.8581              33.7800             1.8943              224            
1              [14400/50000]       1.9656              33.4300             1.8956              225            
1              [14464/50000]       1.8904              33.0000             1.8982              226            
1              [14528/50000]       1.7777              33.4200             1.8955              227            
1              [14592/50000]       1.7677              34.4200             1.8910              228            
1              [14656/50000]       1.6945              34.4500             1.8941              229            
1              [14720/50000]       1.8904              34.8300             1.8941              230            
1              [14784/50000]       1.8263              34.4700             1.8929              231            
1              [14848/50000]       1.9276              34.6300             1.8848              232            
1              [14912/50000]       2.0356              34.5500             1.8878              233            
1              [14976/50000]       1.8381              34.3600             1.8844              234            
1              [15040/50000]       1.7558              34.0700             1.8877              235            
1              [15104/50000]       1.8597              34.7400             1.8813              236            
1              [15168/50000]       1.7309              34.3900             1.8860              237            
1              [15232/50000]       1.9417              34.8300             1.8809              238            
1              [15296/50000]       1.7645              34.8200             1.8831              239            
1              [15360/50000]       1.8590              34.4700             1.8843              240            
1              [15424/50000]       1.8831              34.5400             1.8800              241            
1              [15488/50000]       1.9284              34.3500             1.8854              242            
1              [15552/50000]       1.9398              34.4500             1.8814              243            
1              [15616/50000]       1.8164              34.6200             1.8845              244            
1              [15680/50000]       1.8582              34.5900             1.8800              245            
1              [15744/50000]       1.9137              33.9700             1.8852              246            
1              [15808/50000]       1.9995              34.0100             1.8872              247            
1              [15872/50000]       1.9326              34.5000             1.8838              248            
1              [15936/50000]       1.9811              34.0000             1.8820              249            
1              [16000/50000]       1.9999              34.7900             1.8835              250            
1              [16064/50000]       1.7231              34.1700             1.8855              251            
1              [16128/50000]       1.9757              34.4300             1.8845              252            
1              [16192/50000]       1.9488              34.7200             1.8808              253            
1              [16256/50000]       1.9759              33.9100             1.8875              254            
1              [16320/50000]       1.9249              33.2900             1.8949              255            
1              [16384/50000]       1.9954              33.2800             1.8942              256            
1              [16448/50000]       1.7058              33.4600             1.8939              257            
1              [16512/50000]       1.7490              34.2100             1.8902              258            
1              [16576/50000]       1.7939              34.4200             1.8882              259            
1              [16640/50000]       1.7138              34.4300             1.8895              260            
1              [16704/50000]       1.7856              34.3000             1.8898              261            
1              [16768/50000]       1.9942              34.4700             1.8892              262            
1              [16832/50000]       2.0382              34.6500             1.8893              263            
1              [16896/50000]       2.0306              34.5600             1.8841              264            
1              [16960/50000]       1.8029              34.8300             1.8838              265            
1              [17024/50000]       2.0683              34.4500             1.8849              266            
1              [17088/50000]       1.7645              34.2800             1.8886              267            
1              [17152/50000]       1.9659              34.1300             1.8861              268            
1              [17216/50000]       1.9360              34.7500             1.8798              269            
1              [17280/50000]       1.7820              35.0300             1.8785              270            
1              [17344/50000]       2.0515              33.8000             1.8900              271            
1              [17408/50000]       1.9112              34.6100             1.8839              272            
1              [17472/50000]       1.8986              34.9800             1.8795              273            
1              [17536/50000]       1.8601              34.4800             1.8810              274            
1              [17600/50000]       1.8736              34.5000             1.8828              275            
1              [17664/50000]       2.0360              34.9000             1.8774              276            
1              [17728/50000]       1.8867              34.8300             1.8816              277            
1              [17792/50000]       1.7363              35.0100             1.8806              278            
1              [17856/50000]       1.8102              34.4900             1.8803              279            
1              [17920/50000]       1.7971              34.1900             1.8854              280            
1              [17984/50000]       1.8964              33.9000             1.8880              281            
1              [18048/50000]       1.8890              33.7400             1.8893              282            
1              [18112/50000]       1.8521              33.5800             1.8866              283            
1              [18176/50000]       1.9023              32.8400             1.8919              284            
1              [18240/50000]       1.7828              33.7100             1.8866              285            
1              [18304/50000]       1.8626              33.9000             1.8874              286            
1              [18368/50000]       1.9415              34.1300             1.8857              287            
1              [18432/50000]       1.7735              33.5500             1.8916              288            
1              [18496/50000]       2.1184              33.9500             1.8908              289            
1              [18560/50000]       1.9590              33.3200             1.8911              290            
1              [18624/50000]       1.8600              33.1400             1.8957              291            
1              [18688/50000]       1.9077              33.4900             1.8914              292            
1              [18752/50000]       1.8549              34.1600             1.8844              293            
1              [18816/50000]       1.8796              34.9100             1.8780              294            
1              [18880/50000]       1.8960              34.6700             1.8837              295            
1              [18944/50000]       1.9142              34.7500             1.8810              296            
1              [19008/50000]       1.8786              34.2100             1.8824              297            
1              [19072/50000]       1.9636              34.5700             1.8794              298            
1              [19136/50000]       2.0347              34.9100             1.8745              299            
1              [19200/50000]       2.0472              34.2600             1.8802              300            
1              [19264/50000]       1.8957              34.7000             1.8780              301            
1              [19328/50000]       1.6653              34.5300             1.8793              302            
1              [19392/50000]       1.8804              34.3500             1.8776              303            
1              [19456/50000]       1.7372              34.3100             1.8814              304            
1              [19520/50000]       1.9091              33.7400             1.8832              305            
1              [19584/50000]       1.8292              33.7700             1.8851              306            
1              [19648/50000]       2.0488              34.2000             1.8826              307            
1              [19712/50000]       1.8789              33.2800             1.8833              308            
1              [19776/50000]       1.9387              33.3300             1.8842              309            
1              [19840/50000]       1.8843              33.2200             1.8832              310            
1              [19904/50000]       1.8061              34.2800             1.8781              311            
1              [19968/50000]       1.8917              34.5300             1.8758              312            
1              [20032/50000]       1.9452              34.4700             1.8788              313            
1              [20096/50000]       1.8452              34.5900             1.8760              314            
1              [20160/50000]       1.8168              33.8300             1.8799              315            
1              [20224/50000]       1.7981              34.6400             1.8760              316            
1              [20288/50000]       1.8439              34.3100             1.8794              317            
1              [20352/50000]       1.9692              34.4500             1.8830              318            
1              [20416/50000]       1.9259              34.0300             1.8801              319            
1              [20480/50000]       1.7999              34.7900             1.8765              320            
1              [20544/50000]       2.0415              34.2300             1.8789              321            
1              [20608/50000]       1.8487              34.1200             1.8828              322            
1              [20672/50000]       1.7705              33.9800             1.8820              323            
1              [20736/50000]       2.1149              34.1200             1.8829              324            
1              [20800/50000]       1.8316              33.6700             1.8895              325            
1              [20864/50000]       1.9121              34.2500             1.8782              326            
1              [20928/50000]       1.8990              34.4600             1.8816              327            
1              [20992/50000]       1.8131              34.3700             1.8819              328            
1              [21056/50000]       1.6844              34.1800             1.8872              329            
1              [21120/50000]       1.8369              34.5000             1.8820              330            
1              [21184/50000]       2.0836              35.0000             1.8764              331            
1              [21248/50000]       1.8188              34.8400             1.8767              332            
1              [21312/50000]       2.0057              34.5600             1.8780              333            
1              [21376/50000]       1.7570              34.7300             1.8767              334            
1              [21440/50000]       1.7007              35.0300             1.8759              335            
1              [21504/50000]       1.9181              35.0300             1.8759              336            
1              [21568/50000]       1.8748              34.2700             1.8823              337            
1              [21632/50000]       1.9462              34.3400             1.8802              338            
1              [21696/50000]       2.0501              34.2800             1.8846              339            
1              [21760/50000]       2.0499              34.9000             1.8789              340            
1              [21824/50000]       1.8528              34.9900             1.8764              341            
1              [21888/50000]       1.9653              34.5300             1.8781              342            
1              [21952/50000]       1.9523              34.3000             1.8810              343            
1              [22016/50000]       1.7025              34.3900             1.8812              344            
1              [22080/50000]       1.8051              34.1800             1.8838              345            
1              [22144/50000]       1.9564              34.8200             1.8826              346            
1              [22208/50000]       1.8010              35.1100             1.8811              347            
1              [22272/50000]       1.7351              35.3000             1.8788              348            
1              [22336/50000]       1.9953              34.1500             1.8921              349            
1              [22400/50000]       1.9242              34.3300             1.8829              350            
1              [22464/50000]       1.8975              33.8300             1.8858              351            
1              [22528/50000]       1.8563              34.4400             1.8799              352            
1              [22592/50000]       2.0528              34.2700             1.8832              353            
1              [22656/50000]       1.7815              34.3900             1.8832              354            
1              [22720/50000]       2.1285              34.2500             1.8855              355            
1              [22784/50000]       1.9552              34.0900             1.8887              356            
1              [22848/50000]       1.9248              33.6400             1.8895              357            
1              [22912/50000]       2.0092              34.4400             1.8843              358            
1              [22976/50000]       1.9495              34.4300             1.8863              359            
1              [23040/50000]       1.8242              34.7900             1.8809              360            
1              [23104/50000]       2.0773              34.5500             1.8842              361            
1              [23168/50000]       1.7876              34.8700             1.8798              362            
1              [23232/50000]       1.8447              35.5300             1.8760              363            
1              [23296/50000]       1.8067              35.8700             1.8766              364            
1              [23360/50000]       1.9133              35.4500             1.8762              365            
1              [23424/50000]       2.1374              35.0200             1.8757              366            
1              [23488/50000]       1.7098              35.4800             1.8745              367            
1              [23552/50000]       1.8473              34.5800             1.8787              368            
1              [23616/50000]       1.9122              35.4100             1.8760              369            
1              [23680/50000]       2.0664              34.7200             1.8812              370            
1              [23744/50000]       2.0831              34.8700             1.8832              371            
1              [23808/50000]       1.8278              35.2100             1.8806              372            
1              [23872/50000]       2.1256              34.7300             1.8762              373            
1              [23936/50000]       1.9110              34.7400             1.8799              374            
1              [24000/50000]       2.1929              34.8800             1.8748              375            
1              [24064/50000]       1.8075              35.2300             1.8731              376            
1              [24128/50000]       1.9121              34.7700             1.8786              377            
1              [24192/50000]       1.8612              34.6800             1.8781              378            
1              [24256/50000]       1.8492              34.6100             1.8787              379            
1              [24320/50000]       1.8436              34.8000             1.8757              380            
1              [24384/50000]       1.6930              34.2200             1.8814              381            
1              [24448/50000]       1.7690              34.4400             1.8796              382            
1              [24512/50000]       1.9497              34.5500             1.8785              383            
1              [24576/50000]       1.8931              34.7900             1.8799              384            
1              [24640/50000]       1.9651              34.1300             1.8836              385            
1              [24704/50000]       1.8280              34.0200             1.8883              386            
1              [24768/50000]       1.8559              34.4100             1.8813              387            
1              [24832/50000]       1.5934              34.8400             1.8812              388            
1              [24896/50000]       1.8614              34.6100             1.8885              389            
1              [24960/50000]       1.7781              34.6400             1.8837              390            
1              [25024/50000]       1.8656              35.1200             1.8775              391            
1              [25088/50000]       1.7002              35.2700             1.8725              392            
1              [25152/50000]       1.8726              35.0200             1.8735              393            
1              [25216/50000]       1.9855              35.0800             1.8775              394            
1              [25280/50000]       1.6464              35.0100             1.8761              395            
1              [25344/50000]       2.1487              34.9300             1.8759              396            
1              [25408/50000]       2.0048              35.3000             1.8734              397            
1              [25472/50000]       1.6772              35.1900             1.8727              398            
1              [25536/50000]       1.8911              35.2500             1.8728              399            
1              [25600/50000]       1.7897              35.3500             1.8691              400            
1              [25664/50000]       2.0735              35.3900             1.8688              401            
1              [25728/50000]       1.7629              35.3300             1.8692              402            
1              [25792/50000]       1.8397              35.4200             1.8722              403            
1              [25856/50000]       1.9618              35.6400             1.8700              404            
1              [25920/50000]       1.9030              35.7200             1.8682              405            
1              [25984/50000]       1.6826              35.6500             1.8713              406            
1              [26048/50000]       1.9091              35.0700             1.8733              407            
1              [26112/50000]       1.7490              34.9600             1.8717              408            
1              [26176/50000]       1.7190              34.8800             1.8735              409            
1              [26240/50000]       1.8311              35.0800             1.8757              410            
1              [26304/50000]       2.0129              35.3300             1.8716              411            
1              [26368/50000]       1.9980              35.2600             1.8729              412            
1              [26432/50000]       2.1270              33.9000             1.8863              413            
1              [26496/50000]       1.8149              35.2200             1.8764              414            
1              [26560/50000]       2.0470              35.5200             1.8754              415            
1              [26624/50000]       1.8840              35.3800             1.8799              416            
1              [26688/50000]       1.9905              35.4000             1.8780              417            
1              [26752/50000]       1.9022              36.0800             1.8724              418            
1              [26816/50000]       1.9806              35.5500             1.8785              419            
1              [26880/50000]       1.8828              35.4100             1.8768              420            
1              [26944/50000]       1.8188              35.4000             1.8737              421            
1              [27008/50000]       1.8993              35.4200             1.8751              422            
1              [27072/50000]       1.8495              35.8900             1.8676              423            
1              [27136/50000]       1.9452              35.4500             1.8666              424            
1              [27200/50000]       2.0639              35.2500             1.8684              425            
1              [27264/50000]       1.7834              34.9500             1.8686              426            
1              [27328/50000]       1.7690              35.0100             1.8671              427            
1              [27392/50000]       1.9498              35.3700             1.8662              428            
1              [27456/50000]       1.8576              34.8100             1.8684              429            
1              [27520/50000]       1.8167              34.4600             1.8704              430            
1              [27584/50000]       1.7391              34.9500             1.8668              431            
1              [27648/50000]       1.7828              34.5900             1.8720              432            
1              [27712/50000]       1.8077              33.8100             1.8813              433            
1              [27776/50000]       2.1300              34.4100             1.8755              434            
1              [27840/50000]       1.7059              34.5100             1.8751              435            
1              [27904/50000]       2.0480              34.5700             1.8761              436            
1              [27968/50000]       1.9245              34.8600             1.8745              437            
1              [28032/50000]       1.9280              34.9900             1.8745              438            
1              [28096/50000]       1.8909              34.6800             1.8733              439            
1              [28160/50000]       1.8806              35.7900             1.8667              440            
1              [28224/50000]       1.7234              35.7900             1.8688              441            
1              [28288/50000]       1.7678              36.0600             1.8671              442            
1              [28352/50000]       1.8379              35.6200             1.8697              443            
1              [28416/50000]       1.8568              35.8700             1.8682              444            
1              [28480/50000]       1.7118              35.8100             1.8686              445            
1              [28544/50000]       1.7565              35.6800             1.8713              446            
1              [28608/50000]       1.8947              35.7300             1.8675              447            
1              [28672/50000]       1.9290              35.8200             1.8684              448            
1              [28736/50000]       1.8965              35.4900             1.8734              449            
1              [28800/50000]       1.7677              35.4800             1.8724              450            
1              [28864/50000]       1.8474              35.8500             1.8675              451            
1              [28928/50000]       1.9445              35.9300             1.8670              452            
1              [28992/50000]       1.7750              36.2000             1.8650              453            
1              [29056/50000]       1.9230              36.1600             1.8656              454            
1              [29120/50000]       1.8982              36.2800             1.8622              455            
1              [29184/50000]       1.8924              36.1100             1.8639              456            
1              [29248/50000]       1.9337              36.2600             1.8644              457            
1              [29312/50000]       1.9501              36.2100             1.8633              458            
1              [29376/50000]       1.6750              36.2400             1.8632              459            
1              [29440/50000]       1.7143              36.3600             1.8680              460            
1              [29504/50000]       1.7773              36.0000             1.8717              461            
1              [29568/50000]       2.0183              35.7200             1.8713              462            
1              [29632/50000]       1.9569              35.9700             1.8702              463            
1              [29696/50000]       1.8267              35.9400             1.8716              464            
1              [29760/50000]       1.9124              35.2100             1.8832              465            
1              [29824/50000]       1.8453              35.5700             1.8804              466            
1              [29888/50000]       1.9565              35.1200             1.8865              467            
1              [29952/50000]       2.0223              35.8100             1.8786              468            
1              [30016/50000]       2.0288              35.8100             1.8759              469            
1              [30080/50000]       1.9058              35.3300             1.8759              470            
1              [30144/50000]       1.9513              35.5600             1.8734              471            
1              [30208/50000]       1.9105              35.4400             1.8739              472            
1              [30272/50000]       1.8327              35.7500             1.8701              473            
1              [30336/50000]       1.9800              35.2700             1.8706              474            
1              [30400/50000]       1.9143              35.6700             1.8652              475            
1              [30464/50000]       2.0051              35.4700             1.8672              476            
1              [30528/50000]       1.9045              35.2600             1.8698              477            
1              [30592/50000]       1.8531              35.9000             1.8682              478            
1              [30656/50000]       2.0027              35.6400             1.8746              479            
1              [30720/50000]       1.7988              35.5700             1.8736              480            
1              [30784/50000]       1.7645              35.6400             1.8744              481            
1              [30848/50000]       1.7796              35.3000             1.8756              482            
1              [30912/50000]       1.9129              35.6000             1.8728              483            
1              [30976/50000]       1.9543              35.9800             1.8671              484            
1              [31040/50000]       1.9627              35.3800             1.8690              485            
1              [31104/50000]       1.8034              35.8100             1.8645              486            
1              [31168/50000]       1.9117              35.3100             1.8661              487            
1              [31232/50000]       2.0512              35.6800             1.8594              488            
1              [31296/50000]       1.8513              35.7500             1.8583              489            
1              [31360/50000]       1.7875              35.5400             1.8609              490            
1              [31424/50000]       2.0099              35.4500             1.8610              491            
1              [31488/50000]       1.9157              34.4000             1.8704              492            
1              [31552/50000]       2.1515              34.1200             1.8693              493            
1              [31616/50000]       1.9740              35.0000             1.8672              494            
1              [31680/50000]       1.7349              34.8500             1.8680              495            
1              [31744/50000]       1.9466              35.1100             1.8655              496            
1              [31808/50000]       1.9570              35.2100             1.8635              497            
1              [31872/50000]       1.7702              35.4200             1.8617              498            
1              [31936/50000]       2.0611              35.7300             1.8598              499            
1              [32000/50000]       1.7604              35.4800             1.8632              500            
1              [32064/50000]       1.7111              35.4500             1.8598              501            
1              [32128/50000]       1.8580              35.5400             1.8580              502            
1              [32192/50000]       2.1028              34.8600             1.8670              503            
1              [32256/50000]       1.9311              34.6400             1.8732              504            
1              [32320/50000]       1.8686              35.4200             1.8636              505            
1              [32384/50000]       1.8458              35.8600             1.8615              506            
1              [32448/50000]       1.7108              35.3900             1.8633              507            
1              [32512/50000]       1.7805              35.2800             1.8686              508            
1              [32576/50000]       1.8474              34.9900             1.8703              509            
1              [32640/50000]       1.9478              35.6400             1.8603              510            
1              [32704/50000]       1.7603              36.0100             1.8587              511            
1              [32768/50000]       1.9083              35.4900             1.8619              512            
1              [32832/50000]       1.9583              35.7300             1.8594              513            
1              [32896/50000]       1.9956              35.4100             1.8605              514            
1              [32960/50000]       2.0780              35.7800             1.8591              515            
1              [33024/50000]       1.8909              35.5700             1.8610              516            
1              [33088/50000]       1.9895              36.2700             1.8575              517            
1              [33152/50000]       1.8901              36.2300             1.8596              518            
1              [33216/50000]       2.0561              35.8200             1.8610              519            
1              [33280/50000]       1.8263              35.8600             1.8603              520            
1              [33344/50000]       1.6887              36.1600             1.8609              521            
1              [33408/50000]       1.8721              36.0400             1.8583              522            
1              [33472/50000]       1.7648              36.0300             1.8573              523            
1              [33536/50000]       1.8986              36.1800             1.8582              524            
1              [33600/50000]       1.7468              35.8900             1.8602              525            
1              [33664/50000]       1.8756              35.5800             1.8617              526            
1              [33728/50000]       2.0113              35.7600             1.8600              527            
1              [33792/50000]       1.8936              35.8000             1.8622              528            
1              [33856/50000]       2.0479              35.2500             1.8657              529            
1              [33920/50000]       1.8873              35.4500             1.8685              530            
1              [33984/50000]       1.7807              35.3000             1.8659              531            
1              [34048/50000]       2.1074              35.2200             1.8674              532            
1              [34112/50000]       1.8568              34.8000             1.8689              533            
1              [34176/50000]       1.8188              35.0600             1.8695              534            
1              [34240/50000]       1.8764              35.0900             1.8689              535            
1              [34304/50000]       1.9095              35.0900             1.8672              536            
1              [34368/50000]       1.8353              35.2800             1.8607              537            
1              [34432/50000]       1.8737              35.4400             1.8590              538            
1              [34496/50000]       1.7368              35.5500             1.8631              539            
1              [34560/50000]       1.9428              34.8100             1.8733              540            
1              [34624/50000]       1.7192              35.3300             1.8719              541            
1              [34688/50000]       1.9807              35.3400             1.8680              542            
1              [34752/50000]       2.0768              35.4100             1.8678              543            
1              [34816/50000]       1.8940              35.0300             1.8680              544            
1              [34880/50000]       1.8395              35.4000             1.8655              545            
1              [34944/50000]       1.6376              35.6100             1.8650              546            
1              [35008/50000]       2.0264              35.8500             1.8650              547            
1              [35072/50000]       1.9819              35.4500             1.8677              548            
1              [35136/50000]       1.7977              35.6700             1.8643              549            
1              [35200/50000]       2.0787              36.1400             1.8640              550            
1              [35264/50000]       2.0771              35.8800             1.8603              551            
1              [35328/50000]       1.9493              35.8000             1.8618              552            
1              [35392/50000]       1.7202              36.0200             1.8611              553            
1              [35456/50000]       1.9743              35.9700             1.8595              554            
1              [35520/50000]       1.9699              36.1000             1.8577              555            
1              [35584/50000]       1.7750              35.9200             1.8600              556            
1              [35648/50000]       1.9617              36.2800             1.8661              557            
1              [35712/50000]       1.7717              36.1900             1.8598              558            
1              [35776/50000]       2.1619              35.8600             1.8612              559            
1              [35840/50000]       1.8547              35.7900             1.8629              560            
1              [35904/50000]       1.9473              35.7900             1.8605              561            
1              [35968/50000]       1.8098              35.6400             1.8635              562            
1              [36032/50000]       1.8293              35.8400             1.8633              563            
1              [36096/50000]       1.9366              35.8300             1.8598              564            
1              [36160/50000]       1.8000              35.8100             1.8626              565            
1              [36224/50000]       1.7727              35.4600             1.8664              566            
1              [36288/50000]       1.9758              35.8400             1.8628              567            
1              [36352/50000]       1.9206              35.5200             1.8657              568            
1              [36416/50000]       1.8317              35.9300             1.8649              569            
1              [36480/50000]       2.0355              35.9000             1.8637              570            
1              [36544/50000]       1.7441              35.0300             1.8678              571            
1              [36608/50000]       1.8342              35.4700             1.8621              572            
1              [36672/50000]       2.0806              35.6700             1.8619              573            
1              [36736/50000]       1.9329              35.3900             1.8660              574            
1              [36800/50000]       1.9710              35.2800             1.8689              575            
1              [36864/50000]       1.8200              35.5700             1.8654              576            
1              [36928/50000]       1.8982              35.7400             1.8656              577            
1              [36992/50000]       1.9390              35.1600             1.8662              578            
1              [37056/50000]       1.7699              35.4200             1.8640              579            
1              [37120/50000]       1.9745              35.9700             1.8616              580            
1              [37184/50000]       1.9080              35.6300             1.8614              581            
1              [37248/50000]       2.0180              36.1700             1.8615              582            
1              [37312/50000]       1.7128              35.7500             1.8625              583            
1              [37376/50000]       1.9444              35.1900             1.8646              584            
1              [37440/50000]       1.8370              35.7400             1.8661              585            
1              [37504/50000]       2.0621              35.1800             1.8661              586            
1              [37568/50000]       1.9020              35.3000             1.8638              587            
1              [37632/50000]       2.0530              35.7200             1.8587              588            
1              [37696/50000]       1.9449              35.6700             1.8578              589            
1              [37760/50000]       1.9095              35.2100             1.8619              590            
1              [37824/50000]       1.7536              35.5000             1.8613              591            
1              [37888/50000]       1.8258              35.7100             1.8620              592            
1              [37952/50000]       1.9973              35.8600             1.8612              593            
1              [38016/50000]       1.7022              35.8700             1.8638              594            
1              [38080/50000]       2.0159              36.0200             1.8575              595            
1              [38144/50000]       1.8593              35.6000             1.8617              596            
1              [38208/50000]       1.8215              35.4400             1.8661              597            
1              [38272/50000]       1.9629              35.5900             1.8648              598            
1              [38336/50000]       2.0135              35.8300             1.8597              599            
1              [38400/50000]       1.9708              35.7100             1.8566              600            
1              [38464/50000]       1.9464              35.6700             1.8573              601            
1              [38528/50000]       1.9166              35.2600             1.8671              602            
1              [38592/50000]       1.8415              35.5600             1.8612              603            
1              [38656/50000]       1.7448              35.2300             1.8641              604            
1              [38720/50000]       1.7951              35.6400             1.8604              605            
1              [38784/50000]       1.7693              35.7800             1.8598              606            
1              [38848/50000]       1.8831              35.8700             1.8610              607            
1              [38912/50000]       2.0701              35.5100             1.8610              608            
1              [38976/50000]       1.7664              35.5700             1.8631              609            
1              [39040/50000]       1.9098              36.3000             1.8613              610            
1              [39104/50000]       2.0201              35.5900             1.8689              611            
1              [39168/50000]       2.0122              35.6600             1.8652              612            
1              [39232/50000]       1.8987              36.0500             1.8601              613            
1              [39296/50000]       1.8305              36.1100             1.8622              614            
1              [39360/50000]       1.6255              35.5900             1.8669              615            
1              [39424/50000]       1.8251              35.5000             1.8715              616            
1              [39488/50000]       1.6348              35.3000             1.8812              617            
1              [39552/50000]       2.0085              35.0600             1.8787              618            
1              [39616/50000]       1.8481              34.7800             1.8846              619            
1              [39680/50000]       1.7804              34.5300             1.8841              620            
1              [39744/50000]       2.0381              35.9700             1.8649              621            
1              [39808/50000]       1.8293              36.0500             1.8645              622            
1              [39872/50000]       1.8864              36.1500             1.8601              623            
1              [39936/50000]       1.8932              35.9900             1.8600              624            
1              [40000/50000]       1.7416              35.6800             1.8613              625            
1              [40064/50000]       1.9162              35.5000             1.8668              626            
1              [40128/50000]       1.6904              35.2600             1.8652              627            
1              [40192/50000]       1.8541              35.2900             1.8660              628            
1              [40256/50000]       1.9188              35.7500             1.8618              629            
1              [40320/50000]       1.9446              35.7400             1.8587              630            
1              [40384/50000]       1.9731              35.8600             1.8603              631            
1              [40448/50000]       1.6558              35.5800             1.8603              632            
1              [40512/50000]       1.7473              35.9800             1.8594              633            
1              [40576/50000]       2.0459              35.9100             1.8576              634            
1              [40640/50000]       1.9462              35.0500             1.8634              635            
1              [40704/50000]       1.6625              35.3600             1.8654              636            
1              [40768/50000]       1.9277              35.7700             1.8599              637            
1              [40832/50000]       1.8387              35.7100             1.8616              638            
1              [40896/50000]       1.7717              35.2200             1.8723              639            
1              [40960/50000]       1.6976              34.7700             1.8818              640            
1              [41024/50000]       1.6433              34.5000             1.8896              641            
1              [41088/50000]       1.8485              34.0600             1.8947              642            
1              [41152/50000]       2.1490              33.9800             1.8882              643            
1              [41216/50000]       1.7784              34.3600             1.8778              644            
1              [41280/50000]       2.0548              35.1700             1.8701              645            
1              [41344/50000]       1.7400              34.9700             1.8689              646            
1              [41408/50000]       1.9288              34.8900             1.8688              647            
1              [41472/50000]       1.9631              34.7000             1.8698              648            
1              [41536/50000]       1.8051              35.0200             1.8668              649            
1              [41600/50000]       1.8622              35.3100             1.8612              650            
1              [41664/50000]       1.7676              34.8100             1.8642              651            
1              [41728/50000]       1.9592              35.2200             1.8626              652            
1              [41792/50000]       1.8619              34.9000             1.8625              653            
1              [41856/50000]       1.9514              35.0400             1.8618              654            
1              [41920/50000]       2.1392              35.0300             1.8647              655            
1              [41984/50000]       1.9952              35.0400             1.8636              656            
1              [42048/50000]       2.1815              34.9500             1.8665              657            
1              [42112/50000]       1.7530              34.9900             1.8623              658            
1              [42176/50000]       1.8286              34.5600             1.8667              659            
1              [42240/50000]       1.8074              34.3000             1.8737              660            
1              [42304/50000]       1.7810              34.6900             1.8681              661            
1              [42368/50000]       1.8610              35.1600             1.8612              662            
1              [42432/50000]       1.8147              34.8500             1.8618              663            
1              [42496/50000]       1.8873              34.9800             1.8600              664            
1              [42560/50000]       1.9738              35.3200             1.8604              665            
1              [42624/50000]       1.9398              35.0400             1.8600              666            
1              [42688/50000]       1.8591              34.7200             1.8633              667            
1              [42752/50000]       1.8062              33.8800             1.8718              668            
1              [42816/50000]       1.8825              34.0700             1.8727              669            
1              [42880/50000]       1.8012              35.3500             1.8619              670            
1              [42944/50000]       1.9201              35.1600             1.8621              671            
1              [43008/50000]       1.9099              35.5400             1.8632              672            
1              [43072/50000]       2.0077              35.2400             1.8591              673            
1              [43136/50000]       1.8901              35.2600             1.8637              674            
1              [43200/50000]       1.8094              34.4300             1.8679              675            
1              [43264/50000]       1.9167              34.2100             1.8749              676            
1              [43328/50000]       2.1210              34.8100             1.8692              677            
1              [43392/50000]       1.8614              35.0000             1.8652              678            
1              [43456/50000]       2.1371              34.7000             1.8673              679            
1              [43520/50000]       1.9442              34.7700             1.8671              680            
1              [43584/50000]       1.8735              34.5100             1.8691              681            
1              [43648/50000]       1.8346              34.5500             1.8695              682            
1              [43712/50000]       1.8821              34.3200             1.8732              683            
1              [43776/50000]       1.9035              33.8900             1.8744              684            
1              [43840/50000]       1.7779              34.7200             1.8662              685            
1              [43904/50000]       1.9110              34.9500             1.8622              686            
1              [43968/50000]       1.7369              35.7300             1.8567              687            
1              [44032/50000]       1.8939              35.4500             1.8588              688            
1              [44096/50000]       1.9853              35.9500             1.8577              689            
1              [44160/50000]       1.9162              35.2500             1.8577              690            
1              [44224/50000]       1.9206              35.6800             1.8568              691            
1              [44288/50000]       1.8051              35.7600             1.8570              692            
1              [44352/50000]       1.6882              35.3000             1.8669              693            
1              [44416/50000]       1.7410              35.2100             1.8656              694            
1              [44480/50000]       1.7576              35.6900             1.8637              695            
1              [44544/50000]       1.8103              35.5700             1.8604              696            
1              [44608/50000]       1.7230              35.3300             1.8612              697            
1              [44672/50000]       1.8894              34.9700             1.8633              698            
1              [44736/50000]       1.8603              34.7900             1.8659              699            
1              [44800/50000]       2.0203              35.0800             1.8605              700            
1              [44864/50000]       1.7792              35.6000             1.8567              701            
1              [44928/50000]       1.9070              35.5700             1.8579              702            
1              [44992/50000]       1.6957              35.7600             1.8585              703            
1              [45056/50000]       1.8669              35.3300             1.8589              704            
1              [45120/50000]       1.7140              35.6500             1.8596              705            
1              [45184/50000]       1.8368              35.6200             1.8613              706            
1              [45248/50000]       1.7964              35.5600             1.8599              707            
1              [45312/50000]       1.8315              35.2800             1.8590              708            
1              [45376/50000]       1.7323              35.2400             1.8621              709            
1              [45440/50000]       1.9877              35.3700             1.8597              710            
1              [45504/50000]       1.7750              35.6300             1.8578              711            
1              [45568/50000]       1.9292              35.4100             1.8602              712            
1              [45632/50000]       1.8658              35.6200             1.8622              713            
1              [45696/50000]       1.8409              35.3000             1.8656              714            
1              [45760/50000]       1.8354              35.4900             1.8623              715            
1              [45824/50000]       1.9331              35.3600             1.8636              716            
1              [45888/50000]       2.0289              35.3400             1.8597              717            
1              [45952/50000]       1.9251              35.8700             1.8585              718            
1              [46016/50000]       2.1412              35.7300             1.8581              719            
1              [46080/50000]       1.9093              35.9800             1.8540              720            
1              [46144/50000]       1.9063              35.8400             1.8620              721            
1              [46208/50000]       1.6972              36.0100             1.8608              722            
1              [46272/50000]       1.7861              36.1300             1.8567              723            
1              [46336/50000]       1.8724              35.5300             1.8616              724            
1              [46400/50000]       1.9489              35.6200             1.8620              725            
1              [46464/50000]       1.9906              35.7800             1.8593              726            
1              [46528/50000]       1.7404              35.2100             1.8625              727            
1              [46592/50000]       1.8336              35.1200             1.8650              728            
1              [46656/50000]       1.8255              35.7900             1.8590              729            
1              [46720/50000]       1.9158              35.1400             1.8648              730            
1              [46784/50000]       1.7637              34.7500             1.8746              731            
1              [46848/50000]       1.9011              34.7200             1.8686              732            
1              [46912/50000]       1.8572              34.8700             1.8669              733            
1              [46976/50000]       1.7845              35.0200             1.8630              734            
1              [47040/50000]       1.8901              35.2400             1.8612              735            
1              [47104/50000]       1.7089              35.2400             1.8617              736            
1              [47168/50000]       1.7378              36.1000             1.8598              737            
1              [47232/50000]       1.7814              36.5100             1.8588              738            
1              [47296/50000]       1.8873              36.3800             1.8558              739            
1              [47360/50000]       1.8062              36.2000             1.8543              740            
1              [47424/50000]       1.9376              36.0500             1.8560              741            
1              [47488/50000]       1.9490              35.1300             1.8634              742            
1              [47552/50000]       1.9970              35.4900             1.8620              743            
1              [47616/50000]       1.8671              35.3800             1.8650              744            
1              [47680/50000]       1.7652              35.4800             1.8608              745            
1              [47744/50000]       1.8509              34.5600             1.8697              746            
1              [47808/50000]       1.8667              34.8000             1.8629              747            
1              [47872/50000]       1.9949              34.6500             1.8645              748            
1              [47936/50000]       1.8380              35.0100             1.8617              749            
1              [48000/50000]       2.0771              35.4600             1.8599              750            
1              [48064/50000]       1.9706              35.2700             1.8646              751            
1              [48128/50000]       1.8209              34.9100             1.8688              752            
1              [48192/50000]       1.9603              35.0800             1.8653              753            
1              [48256/50000]       1.7554              35.1000             1.8671              754            
1              [48320/50000]       1.8714              35.9000             1.8609              755            
1              [48384/50000]       1.8907              36.2200             1.8584              756            
1              [48448/50000]       1.7848              36.1300             1.8606              757            
1              [48512/50000]       1.8640              35.3700             1.8675              758            
1              [48576/50000]       1.7715              35.6700             1.8620              759            
1              [48640/50000]       1.9760              36.0000             1.8575              760            
1              [48704/50000]       1.6964              35.9100             1.8590              761            
1              [48768/50000]       1.8331              35.6000             1.8595              762            
1              [48832/50000]       1.9311              35.5800             1.8627              763            
1              [48896/50000]       1.8858              35.3800             1.8593              764            
1              [48960/50000]       1.8301              35.3900             1.8594              765            
1              [49024/50000]       2.0558              35.5100             1.8646              766            
1              [49088/50000]       2.0395              36.0900             1.8585              767            
1              [49152/50000]       1.6275              35.1800             1.8622              768            
1              [49216/50000]       1.6834              35.7900             1.8606              769            
1              [49280/50000]       1.6711              35.8700             1.8606              770            
1              [49344/50000]       1.8056              35.9400             1.8590              771            
1              [49408/50000]       1.7249              36.1300             1.8608              772            
1              [49472/50000]       1.6488              35.8000             1.8682              773            
1              [49536/50000]       2.1017              36.3400             1.8604              774            
1              [49600/50000]       1.9951              36.1400             1.8650              775            
1              [49664/50000]       1.8260              35.9200             1.8668              776            
1              [49728/50000]       1.8380              35.4800             1.8670              777            
1              [49792/50000]       2.0553              35.0200             1.8724              778            
1              [49856/50000]       1.9847              35.3700             1.8718              779            
1              [49920/50000]       1.8576              35.4200             1.8701              780            
1              [49984/50000]       1.8430              35.2900             1.8752              781            
1              [12512/50000]       1.6375              33.8100             1.8974              782            
