Current_Epoch  Batch/Total         CE_Train            Accuracy(%)         CE_TEST             Batch_Number   
0              [0/60000]           --                  9.020               2.3022              0
1              [64/60000]          2.3024              18.2100             2.2949              1              
1              [128/60000]         2.2942              24.2800             2.2882              2              
1              [192/60000]         2.2838              17.3400             2.2791              3              
1              [256/60000]         2.2810              15.1200             2.2669              4              
1              [320/60000]         2.2739              23.7900             2.2532              5              
1              [384/60000]         2.2608              37.7000             2.2370              6              
1              [448/60000]         2.2397              48.8000             2.2159              7              
1              [512/60000]         2.2283              48.8100             2.1957              8              
1              [576/60000]         2.1923              50.4600             2.1636              9              
1              [640/60000]         2.1426              47.3900             2.1236              10             
1              [704/60000]         2.1573              49.8400             2.0737              11             
1              [768/60000]         2.0926              51.4100             2.0163              12             
1              [832/60000]         2.0195              55.3800             1.9419              13             
1              [896/60000]         2.0117              69.7600             1.8541              14             
1              [960/60000]         1.8922              66.4200             1.7470              15             
1              [1024/60000]        1.8092              71.0900             1.6243              16             
1              [1088/60000]        1.7027              66.4200             1.5168              17             
1              [1152/60000]        1.4407              70.4100             1.3530              18             
1              [1216/60000]        1.3960              73.7400             1.2206              19             
1              [1280/60000]        1.1899              71.9200             1.0948              20             
1              [1344/60000]        1.1371              77.8000             0.9739              21             
1              [1408/60000]        0.9957              81.6400             0.8574              22             
1              [1472/60000]        1.0370              71.0300             0.9123              23             
1              [1536/60000]        1.1610              74.9700             0.8159              24             
1              [1600/60000]        0.6414              79.3100             0.7308              25             
1              [1664/60000]        0.5453              77.9700             0.7130              26             
1              [1728/60000]        0.7474              80.4500             0.6797              27             
1              [1792/60000]        0.8592              82.4300             0.6208              28             
1              [1856/60000]        0.5794              83.0700             0.6023              29             
1              [1920/60000]        0.6046              82.1800             0.5928              30             
1              [1984/60000]        0.4330              79.4900             0.6251              31             
1              [2048/60000]        0.8487              82.6600             0.5788              32             
1              [2112/60000]        0.6740              77.8100             0.6780              33             
1              [2176/60000]        0.7802              82.2200             0.5770              34             
1              [2240/60000]        0.6653              79.7700             0.6268              35             
1              [2304/60000]        0.6583              83.8900             0.5302              36             
1              [2368/60000]        0.5038              84.9900             0.5290              37             
1              [2432/60000]        0.5488              80.7100             0.5679              38             
1              [2496/60000]        0.3572              85.5300             0.4942              39             
1              [2560/60000]        0.4355              85.5400             0.4947              40             
1              [2624/60000]        0.6250              83.4700             0.5313              41             
1              [2688/60000]        0.5788              84.4300             0.5073              42             
1              [2752/60000]        0.3997              81.0300             0.5428              43             
1              [2816/60000]        0.5701              82.0200             0.5582              44             
1              [2880/60000]        0.7371              86.1500             0.4771              45             
1              [2944/60000]        0.6445              83.9800             0.5275              46             
1              [3008/60000]        0.5478              86.6700             0.4612              47             
1              [3072/60000]        0.5828              85.3200             0.4883              48             
1              [3136/60000]        0.5552              78.6500             0.6205              49             
1              [3200/60000]        0.4990              85.5100             0.4707              50             
1              [3264/60000]        0.2817              85.9500             0.4528              51             
1              [3328/60000]        0.4673              84.8600             0.4889              52             
1              [3392/60000]        0.3290              85.0700             0.4783              53             
1              [3456/60000]        0.5387              84.0000             0.4989              54             
1              [3520/60000]        0.3115              86.3300             0.4471              55             
1              [3584/60000]        0.4577              86.1200             0.4569              56             
1              [3648/60000]        0.3662              87.7200             0.4275              57             
1              [3712/60000]        0.3232              87.7000             0.4104              58             
1              [3776/60000]        0.6241              84.9400             0.4836              59             
1              [3840/60000]        0.3224              87.9500             0.4113              60             
1              [3904/60000]        0.2624              86.5400             0.4397              61             
1              [3968/60000]        0.4298              87.5700             0.4165              62             
1              [4032/60000]        0.4585              84.1700             0.4966              63             
1              [4096/60000]        0.4182              88.3600             0.4022              64             
1              [4160/60000]        0.7653              86.4900             0.4390              65             
1              [4224/60000]        0.4136              87.5400             0.4093              66             
1              [4288/60000]        0.5980              88.0600             0.3968              67             
1              [4352/60000]        0.4686              88.1700             0.4093              68             
1              [4416/60000]        0.3285              86.5600             0.4391              69             
1              [4480/60000]        0.5133              87.6700             0.4054              70             
1              [4544/60000]        0.3827              88.8900             0.3834              71             
1              [4608/60000]        0.2358              86.5800             0.4229              72             
1              [4672/60000]        0.3294              88.2900             0.3950              73             
1              [4736/60000]        0.4274              86.3300             0.4402              74             
1              [4800/60000]        0.3863              87.5100             0.4037              75             
1              [4864/60000]        0.3444              87.7100             0.4091              76             
1              [4928/60000]        0.5231              87.7300             0.4006              77             
1              [4992/60000]        0.2660              88.3800             0.3849              78             
1              [5056/60000]        0.3613              88.5000             0.3892              79             
1              [5120/60000]        0.4749              87.0800             0.4277              80             
1              [5184/60000]        0.6634              87.5200             0.4296              81             
1              [5248/60000]        0.4069              88.5700             0.3913              82             
1              [5312/60000]        0.2552              87.1300             0.4185              83             
1              [5376/60000]        0.5567              86.8000             0.4336              84             
1              [5440/60000]        0.4784              88.6200             0.3855              85             
1              [5504/60000]        0.5738              89.3000             0.3631              86             
1              [5568/60000]        0.3354              88.8300             0.3683              87             
1              [5632/60000]        0.6098              88.7500             0.3750              88             
1              [5696/60000]        0.2655              86.5700             0.4215              89             
1              [5760/60000]        0.6699              89.0900             0.3685              90             
1              [5824/60000]        0.5714              88.6700             0.3852              91             
1              [5888/60000]        0.3328              89.2100             0.3706              92             
1              [5952/60000]        0.6700              87.3100             0.4281              93             
1              [6016/60000]        0.3759              86.7000             0.4380              94             
1              [6080/60000]        0.7275              87.8100             0.4033              95             
1              [6144/60000]        0.5635              88.5800             0.3855              96             
1              [6208/60000]        0.5015              88.2100             0.3944              97             
1              [6272/60000]        0.3845              89.0300             0.3704              98             
1              [6336/60000]        0.4454              88.8300             0.3713              99             
1              [6400/60000]        0.3012              87.9600             0.3910              100            
1              [6464/60000]        0.4172              89.0900             0.3690              101            
1              [6528/60000]        0.6181              88.7700             0.3695              102            
1              [6592/60000]        0.3605              87.8700             0.3952              103            
1              [6656/60000]        0.4826              88.6100             0.3709              104            
1              [6720/60000]        0.3091              89.1700             0.3673              105            
1              [6784/60000]        0.2642              89.3600             0.3605              106            
1              [6848/60000]        0.2983              88.8600             0.3783              107            
1              [6912/60000]        0.3544              89.4400             0.3592              108            
1              [6976/60000]        0.2945              89.7200             0.3526              109            
1              [7040/60000]        0.3338              88.8500             0.3817              110            
1              [7104/60000]        0.6262              88.6100             0.3849              111            
1              [7168/60000]        0.2259              89.0100             0.3805              112            
1              [7232/60000]        0.3556              87.5300             0.4014              113            
1              [7296/60000]        0.5742              90.2600             0.3440              114            
1              [7360/60000]        0.4336              88.6700             0.3851              115            
1              [7424/60000]        0.4466              89.3700             0.3611              116            
1              [7488/60000]        0.2870              88.6100             0.3864              117            
1              [7552/60000]        0.4608              89.0500             0.3661              118            
1              [7616/60000]        0.3224              88.3100             0.3898              119            
1              [7680/60000]        0.5135              88.6500             0.3804              120            
1              [7744/60000]        0.4632              88.3600             0.3965              121            
1              [7808/60000]        0.5116              88.7500             0.3814              122            
1              [7872/60000]        0.3562              89.1600             0.3604              123            
1              [7936/60000]        0.2781              89.7500             0.3539              124            
1              [8000/60000]        0.4828              90.0400             0.3495              125            
1              [8064/60000]        0.2132              89.7100             0.3453              126            
1              [8128/60000]        0.3487              86.2500             0.4639              127            
1              [8192/60000]        0.3585              89.6700             0.3562              128            
1              [8256/60000]        0.3989              89.1300             0.3728              129            
1              [8320/60000]        0.4910              89.2000             0.3631              130            
1              [8384/60000]        0.2734              88.4200             0.3893              131            
1              [8448/60000]        0.4594              89.0700             0.3610              132            
1              [8512/60000]        0.3059              89.9100             0.3500              133            
1              [8576/60000]        0.3083              89.9900             0.3384              134            
1              [8640/60000]        0.4595              89.0700             0.3588              135            
1              [8704/60000]        0.3754              89.6700             0.3526              136            
1              [8768/60000]        0.4286              89.3400             0.3681              137            
1              [8832/60000]        0.2792              90.4500             0.3335              138            
1              [8896/60000]        0.2475              90.4300             0.3341              139            
1              [8960/60000]        0.2872              89.8600             0.3549              140            
1              [9024/60000]        0.2514              89.0900             0.3657              141            
1              [9088/60000]        0.3042              90.0800             0.3493              142            
1              [9152/60000]        0.3863              90.2500             0.3360              143            
1              [9216/60000]        0.4735              89.6700             0.3465              144            
1              [9280/60000]        0.3506              90.1500             0.3364              145            
1              [9344/60000]        0.1847              90.1200             0.3353              146            
1              [9408/60000]        0.2354              89.2700             0.3476              147            
1              [9472/60000]        0.2128              89.0700             0.3617              148            
1              [9536/60000]        0.2900              89.6400             0.3378              149            
1              [9600/60000]        0.2947              89.4200             0.3475              150            
1              [9664/60000]        0.4874              88.6100             0.3793              151            
1              [9728/60000]        0.3739              90.0700             0.3283              152            
1              [9792/60000]        0.4568              88.5300             0.3850              153            
1              [9856/60000]        0.2840              89.5000             0.3518              154            
1              [9920/60000]        0.4125              89.7100             0.3463              155            
1              [9984/60000]        0.5815              90.1600             0.3412              156            
1              [10048/60000]       0.3993              89.8400             0.3357              157            
1              [10112/60000]       0.2210              89.5400             0.3496              158            
1              [10176/60000]       0.5938              88.8600             0.3720              159            
1              [10240/60000]       0.3828              88.7800             0.3783              160            
1              [10304/60000]       0.2500              90.0500             0.3444              161            
1              [10368/60000]       0.4126              90.7500             0.3200              162            
1              [10432/60000]       0.4522              90.4700             0.3377              163            
1              [10496/60000]       0.2075              89.7300             0.3656              164            
1              [10560/60000]       0.3425              89.9500             0.3444              165            
1              [10624/60000]       0.3189              90.3800             0.3379              166            
1              [10688/60000]       0.6422              90.0400             0.3324              167            
1              [10752/60000]       0.4241              89.6600             0.3550              168            
1              [10816/60000]       0.5889              90.0800             0.3405              169            
1              [10880/60000]       0.4760              90.8200             0.3278              170            
1              [10944/60000]       0.4127              90.4600             0.3313              171            
1              [11008/60000]       0.5844              89.2900             0.3710              172            
1              [11072/60000]       0.5575              89.3500             0.3671              173            
1              [11136/60000]       0.3739              90.2600             0.3347              174            
1              [11200/60000]       0.3864              90.4000             0.3318              175            
1              [11264/60000]       0.1379              90.5000             0.3228              176            
1              [11328/60000]       0.2642              90.2500             0.3370              177            
1              [11392/60000]       0.1928              89.7700             0.3486              178            
1              [11456/60000]       0.3679              90.1200             0.3433              179            
1              [11520/60000]       0.3629              90.6200             0.3337              180            
1              [11584/60000]       0.4316              90.2200             0.3313              181            
1              [11648/60000]       0.2510              90.7000             0.3174              182            
1              [11712/60000]       0.3427              89.9700             0.3395              183            
1              [11776/60000]       0.2994              88.6700             0.3703              184            
1              [11840/60000]       0.5475              89.9300             0.3379              185            
1              [11904/60000]       0.5029              90.0400             0.3384              186            
1              [11968/60000]       0.4276              89.4900             0.3489              187            
1              [12032/60000]       0.4066              88.7400             0.3700              188            
1              [12096/60000]       0.3621              90.6300             0.3224              189            
1              [12160/60000]       0.2821              89.9100             0.3429              190            
1              [12224/60000]       0.5058              89.0900             0.3656              191            
1              [12288/60000]       0.3391              89.7200             0.3452              192            
1              [12352/60000]       0.1441              90.7500             0.3174              193            
1              [12416/60000]       0.3145              90.6000             0.3347              194            
1              [12480/60000]       0.2374              90.5400             0.3305              195            
1              [12544/60000]       0.5061              90.0800             0.3434              196            
1              [12608/60000]       0.2992              89.7800             0.3448              197            
1              [12672/60000]       0.3583              90.3500             0.3328              198            
1              [12736/60000]       0.3054              90.3500             0.3358              199            
