Current_Epoch  Batch/Total         CE_Train            Accuracy(%)         CE_TEST             Batch_Number   
0              [0/60000]           --                  9.020               2.2746              0
1              [1024/60000]        2.2773              23.7300             2.2266              1              
1              [2048/60000]        2.2298              31.6200             2.1808              2              
1              [3072/60000]        2.1774              38.3000             2.1341              3              
1              [4096/60000]        2.1238              40.8100             2.0894              4              
1              [5120/60000]        2.0986              44.3300             2.0511              5              
1              [6144/60000]        2.0429              48.7900             2.0087              6              
1              [7168/60000]        2.0064              49.3700             1.9701              7              
1              [8192/60000]        1.9623              48.8300             1.9351              8              
1              [9216/60000]        1.9480              53.3300             1.8987              9              
1              [10240/60000]       1.9062              57.0000             1.8639              10             
1              [11264/60000]       1.8604              57.2500             1.8308              11             
1              [12288/60000]       1.8491              59.3700             1.7984              12             
1              [13312/60000]       1.8054              60.1300             1.7689              13             
1              [14336/60000]       1.7883              60.9200             1.7394              14             
1              [15360/60000]       1.7381              61.3200             1.7103              15             
1              [16384/60000]       1.7198              61.7700             1.6834              16             
1              [17408/60000]       1.7022              61.7600             1.6583              17             
1              [18432/60000]       1.6614              61.5500             1.6335              18             
1              [19456/60000]       1.6697              63.5900             1.6096              19             
1              [20480/60000]       1.6261              63.8500             1.5866              20             
1              [21504/60000]       1.6009              63.2500             1.5646              21             
1              [22528/60000]       1.5857              64.3200             1.5431              22             
1              [23552/60000]       1.5612              63.9600             1.5237              23             
1              [24576/60000]       1.5661              64.9700             1.5045              24             
1              [25600/60000]       1.5208              65.1100             1.4854              25             
1              [26624/60000]       1.5095              65.6200             1.4670              26             
1              [27648/60000]       1.4799              65.6100             1.4494              27             
1              [28672/60000]       1.4412              65.5400             1.4327              28             
1              [29696/60000]       1.4104              65.5000             1.4155              29             
1              [30720/60000]       1.4400              65.6500             1.4005              30             
1              [31744/60000]       1.4063              66.2200             1.3849              31             
1              [32768/60000]       1.4047              66.9700             1.3691              32             
1              [33792/60000]       1.3972              67.1200             1.3552              33             
1              [34816/60000]       1.3669              67.1900             1.3427              34             
1              [35840/60000]       1.3420              67.7400             1.3291              35             
1              [36864/60000]       1.3444              68.0500             1.3162              36             
1              [37888/60000]       1.2904              68.2100             1.3052              37             
1              [38912/60000]       1.3517              68.9700             1.2928              38             
1              [39936/60000]       1.3082              68.4900             1.2813              39             
1              [40960/60000]       1.3009              68.2300             1.2703              40             
1              [41984/60000]       1.2795              69.2400             1.2569              41             
1              [43008/60000]       1.2478              69.0900             1.2464              42             
1              [44032/60000]       1.2426              69.6300             1.2347              43             
1              [45056/60000]       1.2651              69.7500             1.2259              44             
1              [46080/60000]       1.2758              70.0400             1.2158              45             
1              [47104/60000]       1.2145              69.6800             1.2072              46             
1              [48128/60000]       1.2215              69.5600             1.1980              47             
1              [49152/60000]       1.2231              69.8100             1.1883              48             
1              [50176/60000]       1.1770              70.2500             1.1780              49             
1              [51200/60000]       1.1989              70.4400             1.1692              50             
1              [52224/60000]       1.1594              70.6600             1.1610              51             
1              [53248/60000]       1.1550              70.1800             1.1541              52             
1              [54272/60000]       1.2139              70.4400             1.1459              53             
1              [55296/60000]       1.1606              70.8200             1.1372              54             
1              [56320/60000]       1.1710              70.9100             1.1299              55             
1              [57344/60000]       1.1649              71.3100             1.1224              56             
1              [58368/60000]       1.1318              71.1700             1.1148              57             
1              [59392/60000]       1.1118              71.2900             1.1073              58             
1              [35872/60000]       1.1712              71.3600             1.1045              59             
2              [1024/60000]        1.0963              71.8000             1.0956              60             
2              [2048/60000]        1.1117              71.6000             1.0886              61             
2              [3072/60000]        1.1269              71.8600             1.0827              62             
2              [4096/60000]        1.0737              71.9400             1.0759              63             
2              [5120/60000]        1.1021              72.1100             1.0702              64             
2              [6144/60000]        1.0584              71.7900             1.0642              65             
2              [7168/60000]        1.0327              71.8300             1.0581              66             
2              [8192/60000]        1.0800              72.1500             1.0526              67             
2              [9216/60000]        1.0833              72.3500             1.0474              68             
2              [10240/60000]       1.0944              72.3200             1.0417              69             
2              [11264/60000]       1.0565              72.0700             1.0362              70             
2              [12288/60000]       1.0730              72.2500             1.0312              71             
2              [13312/60000]       1.0491              72.3300             1.0258              72             
2              [14336/60000]       1.0324              72.1700             1.0226              73             
2              [15360/60000]       1.0596              72.5200             1.0170              74             
2              [16384/60000]       1.0358              72.5200             1.0111              75             
2              [17408/60000]       1.0483              72.8100             1.0067              76             
2              [18432/60000]       1.0325              72.7400             1.0017              77             
2              [19456/60000]       1.0307              72.8800             0.9976              78             
2              [20480/60000]       1.0273              73.1100             0.9931              79             
2              [21504/60000]       1.0196              72.8000             0.9895              80             
2              [22528/60000]       0.9951              73.0200             0.9840              81             
2              [23552/60000]       0.9719              73.0700             0.9794              82             
2              [24576/60000]       0.9712              73.2800             0.9752              83             
2              [25600/60000]       1.0372              73.3500             0.9721              84             
2              [26624/60000]       0.9896              73.1600             0.9678              85             
2              [27648/60000]       1.0041              73.3100             0.9645              86             
2              [28672/60000]       0.9888              73.3700             0.9593              87             
2              [29696/60000]       0.9917              73.5900             0.9550              88             
2              [30720/60000]       1.0241              73.6700             0.9510              89             
2              [31744/60000]       0.9561              73.7800             0.9483              90             
2              [32768/60000]       0.9513              73.8100             0.9441              91             
2              [33792/60000]       0.9799              73.6800             0.9405              92             
2              [34816/60000]       0.9300              73.8100             0.9367              93             
2              [35840/60000]       0.9397              73.7500             0.9323              94             
2              [36864/60000]       0.9449              74.0600             0.9296              95             
2              [37888/60000]       0.9921              74.0000             0.9267              96             
2              [38912/60000]       0.9404              73.9300             0.9237              97             
2              [39936/60000]       0.9335              73.9400             0.9198              98             
2              [40960/60000]       0.9421              74.0300             0.9171              99             
2              [41984/60000]       0.9350              74.0500             0.9133              100            
2              [43008/60000]       0.9881              73.9200             0.9123              101            
2              [44032/60000]       0.9514              73.9200             0.9091              102            
2              [45056/60000]       0.9378              74.3400             0.9055              103            
2              [46080/60000]       0.9289              74.3100             0.9024              104            
2              [47104/60000]       0.8534              74.3000             0.8994              105            
2              [48128/60000]       0.8855              74.1100             0.8970              106            
2              [49152/60000]       0.9230              74.0200             0.8954              107            
2              [50176/60000]       0.9401              74.4800             0.8907              108            
2              [51200/60000]       0.9207              74.4000             0.8888              109            
2              [52224/60000]       0.9316              74.3900             0.8864              110            
2              [53248/60000]       0.9021              74.3400             0.8848              111            
2              [54272/60000]       0.9189              74.7900             0.8822              112            
2              [55296/60000]       0.9274              74.6300             0.8795              113            
2              [56320/60000]       0.9354              74.7200             0.8755              114            
2              [57344/60000]       0.9421              74.7800             0.8735              115            
2              [58368/60000]       0.8473              74.8600             0.8722              116            
2              [59392/60000]       0.8759              74.6600             0.8685              117            
2              [35872/60000]       0.9076              74.7400             0.8669              118            
3              [1024/60000]        0.9006              74.8400             0.8634              119            
3              [2048/60000]        0.8669              75.0700             0.8615              120            
3              [3072/60000]        0.8574              75.0700             0.8584              121            
3              [4096/60000]        0.8900              75.2900             0.8566              122            
3              [5120/60000]        0.8673              75.1500             0.8546              123            
3              [6144/60000]        0.8941              75.1100             0.8519              124            
3              [7168/60000]        0.8835              75.2600             0.8492              125            
3              [8192/60000]        0.8773              75.3400             0.8464              126            
3              [9216/60000]        0.8609              75.3300             0.8455              127            
3              [10240/60000]       0.8728              75.4500             0.8442              128            
3              [11264/60000]       0.8628              75.5100             0.8411              129            
3              [12288/60000]       0.8658              75.3600             0.8391              130            
3              [13312/60000]       0.8469              75.4400             0.8368              131            
3              [14336/60000]       0.8634              75.5600             0.8347              132            
3              [15360/60000]       0.8564              75.7900             0.8334              133            
3              [16384/60000]       0.8993              75.8900             0.8318              134            
3              [17408/60000]       0.8222              75.6100             0.8291              135            
3              [18432/60000]       0.8509              75.8300             0.8270              136            
3              [19456/60000]       0.8569              75.8800             0.8253              137            
3              [20480/60000]       0.8332              75.8200             0.8234              138            
3              [21504/60000]       0.8676              75.8600             0.8238              139            
3              [22528/60000]       0.8505              75.8600             0.8218              140            
3              [23552/60000]       0.8846              75.7800             0.8180              141            
3              [24576/60000]       0.8570              75.8900             0.8166              142            
3              [25600/60000]       0.8388              76.0100             0.8151              143            
3              [26624/60000]       0.8280              75.9400             0.8144              144            
3              [27648/60000]       0.8438              75.7900             0.8117              145            
3              [28672/60000]       0.8716              76.1200             0.8092              146            
3              [29696/60000]       0.8607              75.8800             0.8081              147            
3              [30720/60000]       0.8291              76.1700             0.8071              148            
3              [31744/60000]       0.8262              76.1600             0.8055              149            
3              [32768/60000]       0.8143              76.2900             0.8040              150            
3              [33792/60000]       0.8156              76.1100             0.8025              151            
3              [34816/60000]       0.7967              76.2200             0.8004              152            
3              [35840/60000]       0.8292              76.2100             0.7995              153            
3              [36864/60000]       0.8161              76.3200             0.7970              154            
3              [37888/60000]       0.8095              76.0800             0.7962              155            
3              [38912/60000]       0.8471              76.2000             0.7945              156            
3              [39936/60000]       0.8059              76.3000             0.7938              157            
3              [40960/60000]       0.8374              76.3100             0.7921              158            
3              [41984/60000]       0.7667              76.1200             0.7905              159            
3              [43008/60000]       0.8399              76.3400             0.7888              160            
3              [44032/60000]       0.8261              76.3600             0.7879              161            
3              [45056/60000]       0.7660              76.3500             0.7858              162            
3              [46080/60000]       0.8135              76.2300             0.7865              163            
3              [47104/60000]       0.8100              76.5800             0.7840              164            
3              [48128/60000]       0.7693              76.7100             0.7836              165            
3              [49152/60000]       0.7807              76.6000             0.7806              166            
3              [50176/60000]       0.8151              76.5400             0.7786              167            
3              [51200/60000]       0.8189              76.7200             0.7781              168            
3              [52224/60000]       0.8437              76.6800             0.7775              169            
3              [53248/60000]       0.8231              76.6300             0.7760              170            
3              [54272/60000]       0.8212              76.7800             0.7744              171            
3              [55296/60000]       0.7549              76.5700             0.7736              172            
3              [56320/60000]       0.8058              76.6700             0.7731              173            
3              [57344/60000]       0.7656              76.9500             0.7712              174            
3              [58368/60000]       0.7835              76.8800             0.7692              175            
3              [59392/60000]       0.8203              76.7400             0.7691              176            
3              [35872/60000]       0.8565              77.0800             0.7676              177            
4              [1024/60000]        0.7726              76.8700             0.7660              178            
4              [2048/60000]        0.8251              76.7200             0.7671              179            
4              [3072/60000]        0.8072              76.7400             0.7659              180            
4              [4096/60000]        0.8292              76.9800             0.7643              181            
4              [5120/60000]        0.7560              76.8200             0.7635              182            
4              [6144/60000]        0.8164              77.0500             0.7623              183            
4              [7168/60000]        0.7876              77.0000             0.7627              184            
4              [8192/60000]        0.7601              77.1900             0.7618              185            
4              [9216/60000]        0.7851              77.3600             0.7589              186            
4              [10240/60000]       0.8296              77.2100             0.7579              187            
4              [11264/60000]       0.7536              77.1600             0.7563              188            
4              [12288/60000]       0.7896              77.1300             0.7567              189            
4              [13312/60000]       0.7088              77.1100             0.7557              190            
4              [14336/60000]       0.7922              77.3400             0.7558              191            
4              [15360/60000]       0.7470              77.3900             0.7532              192            
4              [16384/60000]       0.7578              77.0900             0.7518              193            
4              [17408/60000]       0.8012              77.1500             0.7511              194            
4              [18432/60000]       0.7621              77.2500             0.7495              195            
4              [19456/60000]       0.7959              77.3900             0.7481              196            
4              [20480/60000]       0.6936              77.3300             0.7477              197            
4              [21504/60000]       0.8047              77.4400             0.7464              198            
4              [22528/60000]       0.7479              77.4700             0.7453              199            
4              [23552/60000]       0.7224              77.5300             0.7440              200            
4              [24576/60000]       0.7640              77.4400             0.7439              201            
4              [25600/60000]       0.7685              77.6000             0.7419              202            
4              [26624/60000]       0.7597              77.6000             0.7410              203            
4              [27648/60000]       0.7778              77.7200             0.7420              204            
4              [28672/60000]       0.7725              77.7500             0.7401              205            
4              [29696/60000]       0.7584              77.6200             0.7395              206            
4              [30720/60000]       0.8196              77.6000             0.7387              207            
4              [31744/60000]       0.7427              77.5300             0.7370              208            
4              [32768/60000]       0.7658              77.6100             0.7366              209            
4              [33792/60000]       0.7483              77.8300             0.7354              210            
4              [34816/60000]       0.7405              77.6200             0.7346              211            
4              [35840/60000]       0.7327              77.6500             0.7338              212            
4              [36864/60000]       0.7795              77.8000             0.7341              213            
4              [37888/60000]       0.7750              77.8400             0.7332              214            
4              [38912/60000]       0.7438              77.8800             0.7328              215            
4              [39936/60000]       0.7426              77.7900             0.7339              216            
4              [40960/60000]       0.7651              77.8200             0.7313              217            
4              [41984/60000]       0.7414              77.6300             0.7319              218            
4              [43008/60000]       0.7756              77.8000             0.7305              219            
4              [44032/60000]       0.7977              77.7000             0.7295              220            
4              [45056/60000]       0.7727              77.8300             0.7290              221            
4              [46080/60000]       0.7706              77.8400             0.7272              222            
4              [47104/60000]       0.7384              77.8600             0.7275              223            
4              [48128/60000]       0.7504              78.0900             0.7259              224            
4              [49152/60000]       0.8038              78.1800             0.7263              225            
4              [50176/60000]       0.7628              78.0400             0.7253              226            
4              [51200/60000]       0.7792              78.0200             0.7251              227            
4              [52224/60000]       0.7172              78.1500             0.7233              228            
4              [53248/60000]       0.8046              78.0000             0.7227              229            
4              [54272/60000]       0.7048              78.0200             0.7223              230            
4              [55296/60000]       0.7388              77.8900             0.7234              231            
4              [56320/60000]       0.8070              77.9600             0.7212              232            
4              [57344/60000]       0.7611              78.0200             0.7213              233            
4              [58368/60000]       0.7533              78.1100             0.7206              234            
4              [59392/60000]       0.7442              77.9000             0.7195              235            
4              [35872/60000]       0.7465              77.8700             0.7191              236            
5              [1024/60000]        0.8089              78.0100             0.7206              237            
5              [2048/60000]        0.6823              78.3100             0.7174              238            
5              [3072/60000]        0.7505              78.1400             0.7176              239            
5              [4096/60000]        0.7324              78.3700             0.7156              240            
5              [5120/60000]        0.7494              78.3100             0.7154              241            
5              [6144/60000]        0.7253              78.3000             0.7149              242            
5              [7168/60000]        0.7289              78.2000             0.7141              243            
5              [8192/60000]        0.7339              78.1400             0.7152              244            
5              [9216/60000]        0.7966              78.4300             0.7136              245            
5              [10240/60000]       0.7024              78.4300             0.7152              246            
5              [11264/60000]       0.7464              78.4800             0.7128              247            
5              [12288/60000]       0.7319              78.5600             0.7119              248            
5              [13312/60000]       0.7203              78.6200             0.7110              249            
5              [14336/60000]       0.7442              78.5300             0.7104              250            
5              [15360/60000]       0.7411              78.4400             0.7116              251            
5              [16384/60000]       0.6851              78.4100             0.7101              252            
5              [17408/60000]       0.7146              78.5300             0.7091              253            
5              [18432/60000]       0.7318              78.4400             0.7086              254            
5              [19456/60000]       0.7442              78.4400             0.7086              255            
5              [20480/60000]       0.7610              78.3700             0.7084              256            
5              [21504/60000]       0.7082              78.3700             0.7071              257            
5              [22528/60000]       0.7206              78.2200             0.7079              258            
5              [23552/60000]       0.7275              78.6400             0.7062              259            
5              [24576/60000]       0.7009              78.6200             0.7063              260            
5              [25600/60000]       0.7142              78.7200             0.7039              261            
5              [26624/60000]       0.7459              78.5300             0.7040              262            
5              [27648/60000]       0.7027              78.5400             0.7045              263            
5              [28672/60000]       0.7165              78.5300             0.7051              264            
5              [29696/60000]       0.7718              78.5500             0.7054              265            
5              [30720/60000]       0.7370              78.7000             0.7027              266            
5              [31744/60000]       0.7821              78.6900             0.7034              267            
5              [32768/60000]       0.7860              78.7100             0.7029              268            
5              [33792/60000]       0.6856              78.5500             0.7031              269            
5              [34816/60000]       0.6878              78.6400             0.7014              270            
5              [35840/60000]       0.7242              78.7300             0.7005              271            
5              [36864/60000]       0.7493              78.5500             0.7010              272            
5              [37888/60000]       0.7487              78.6000             0.7005              273            
5              [38912/60000]       0.7084              78.7500             0.6994              274            
5              [39936/60000]       0.7247              78.7500             0.6988              275            
5              [40960/60000]       0.8142              78.7600             0.6997              276            
5              [41984/60000]       0.7345              78.8900             0.6974              277            
5              [43008/60000]       0.7249              78.9600             0.6972              278            
5              [44032/60000]       0.7178              78.8600             0.6966              279            
5              [45056/60000]       0.7615              78.9300             0.6973              280            
5              [46080/60000]       0.6985              78.9800             0.6968              281            
5              [47104/60000]       0.7079              78.9800             0.6967              282            
5              [48128/60000]       0.7737              79.0600             0.6958              283            
5              [49152/60000]       0.7054              79.0700             0.6966              284            
5              [50176/60000]       0.6960              78.9300             0.6955              285            
5              [51200/60000]       0.7423              79.1000             0.6948              286            
5              [52224/60000]       0.6981              78.9800             0.6947              287            
5              [53248/60000]       0.7618              78.9000             0.6950              288            
5              [54272/60000]       0.7838              78.9700             0.6943              289            
5              [55296/60000]       0.7523              79.0200             0.6943              290            
5              [56320/60000]       0.7274              79.0200             0.6933              291            
5              [57344/60000]       0.6688              78.9200             0.6930              292            
5              [58368/60000]       0.7260              78.6700             0.6943              293            
5              [59392/60000]       0.6796              78.8400             0.6938              294            
5              [35872/60000]       0.7260              78.9000             0.6935              295            
6              [1024/60000]        0.7067              79.0000             0.6922              296            
6              [2048/60000]        0.6617              78.9900             0.6916              297            
6              [3072/60000]        0.7207              79.1100             0.6909              298            
6              [4096/60000]        0.6871              79.1000             0.6902              299            
6              [5120/60000]        0.7855              78.9700             0.6916              300            
6              [6144/60000]        0.7283              79.1400             0.6916              301            
6              [7168/60000]        0.6964              78.9400             0.6897              302            
6              [8192/60000]        0.6941              79.0400             0.6913              303            
6              [9216/60000]        0.7321              79.0700             0.6901              304            
6              [10240/60000]       0.7086              79.0600             0.6890              305            
6              [11264/60000]       0.7019              78.8900             0.6902              306            
6              [12288/60000]       0.6916              79.1900             0.6882              307            
6              [13312/60000]       0.7024              79.1300             0.6893              308            
6              [14336/60000]       0.7182              79.2200             0.6879              309            
6              [15360/60000]       0.7570              79.1600             0.6887              310            
6              [16384/60000]       0.6721              79.2200             0.6878              311            
6              [17408/60000]       0.7641              79.2100             0.6874              312            
6              [18432/60000]       0.7585              79.2800             0.6853              313            
6              [19456/60000]       0.6541              79.1200             0.6864              314            
6              [20480/60000]       0.7681              79.3300             0.6854              315            
6              [21504/60000]       0.7472              79.1600             0.6858              316            
6              [22528/60000]       0.7307              79.1200             0.6854              317            
6              [23552/60000]       0.6605              79.2300             0.6848              318            
6              [24576/60000]       0.7221              79.2600             0.6847              319            
