Current_Epoch  Batch/Total         CE_Train            Accuracy(%)         CE_TEST             Batch_Number   
0              [0/60000]           --                  9.020               2.3878              0
1              [1024/60000]        2.3806              28.8200             2.1238              1              
1              [2048/60000]        2.1460              41.9100             1.9232              2              
1              [3072/60000]        1.9278              56.7600             1.7232              3              
1              [4096/60000]        1.7172              65.7400             1.5668              4              
1              [5120/60000]        1.5478              62.9400             1.4484              5              
1              [6144/60000]        1.4738              70.6600             1.3456              6              
1              [7168/60000]        1.3746              69.9500             1.2607              7              
1              [8192/60000]        1.2979              76.4000             1.1636              8              
1              [9216/60000]        1.2046              76.1400             1.0991              9              
1              [10240/60000]       1.1125              77.4800             1.0479              10             
1              [11264/60000]       1.0566              76.3400             1.0102              11             
1              [12288/60000]       1.0394              77.5000             0.9769              12             
1              [13312/60000]       0.9983              79.1100             0.9163              13             
1              [14336/60000]       0.9153              81.1200             0.8770              14             
1              [15360/60000]       0.8888              81.7000             0.8531              15             
1              [16384/60000]       0.8947              81.1700             0.8273              16             
1              [17408/60000]       0.8091              82.6500             0.7969              17             
1              [18432/60000]       0.8110              82.2900             0.7805              18             
1              [19456/60000]       0.8324              82.8300             0.7606              19             
1              [20480/60000]       0.7831              83.4600             0.7372              20             
1              [21504/60000]       0.7911              83.9000             0.7250              21             
1              [22528/60000]       0.7438              83.0600             0.7105              22             
1              [23552/60000]       0.7077              84.0200             0.6915              23             
1              [24576/60000]       0.7190              84.8700             0.6753              24             
1              [25600/60000]       0.6923              84.8700             0.6617              25             
1              [26624/60000]       0.6974              84.7400             0.6575              26             
1              [27648/60000]       0.6914              85.0000             0.6386              27             
1              [28672/60000]       0.6878              84.8100             0.6339              28             
1              [29696/60000]       0.6148              85.3600             0.6173              29             
1              [30720/60000]       0.6355              85.6600             0.6122              30             
1              [31744/60000]       0.6480              85.8700             0.6023              31             
1              [32768/60000]       0.6892              85.4000             0.5995              32             
1              [33792/60000]       0.6572              85.5200             0.5917              33             
1              [34816/60000]       0.6078              85.8000             0.5832              34             
1              [35840/60000]       0.6053              85.6200             0.5729              35             
1              [36864/60000]       0.6011              86.1200             0.5666              36             
1              [37888/60000]       0.5920              85.7500             0.5607              37             
1              [38912/60000]       0.5618              86.6600             0.5502              38             
1              [39936/60000]       0.5700              85.9700             0.5488              39             
1              [40960/60000]       0.5394              86.9000             0.5349              40             
1              [41984/60000]       0.5778              86.8700             0.5317              41             
1              [43008/60000]       0.5630              86.9200             0.5267              42             
1              [44032/60000]       0.5833              87.0400             0.5223              43             
1              [45056/60000]       0.5690              86.5700             0.5227              44             
1              [46080/60000]       0.5651              87.0100             0.5130              45             
1              [47104/60000]       0.4930              87.0400             0.5057              46             
1              [48128/60000]       0.5691              87.2400             0.5065              47             
1              [49152/60000]       0.4932              87.2300             0.4959              48             
1              [50176/60000]       0.5364              86.9900             0.4941              49             
1              [51200/60000]       0.5282              87.2700             0.4943              50             
1              [52224/60000]       0.5401              86.6700             0.4930              51             
1              [53248/60000]       0.5093              87.7000             0.4834              52             
1              [54272/60000]       0.4832              86.7200             0.4846              53             
1              [55296/60000]       0.4979              87.6100             0.4744              54             
1              [56320/60000]       0.4969              87.3400             0.4782              55             
1              [57344/60000]       0.5034              87.9100             0.4628              56             
1              [58368/60000]       0.4845              87.5900             0.4626              57             
1              [59392/60000]       0.4809              87.9400             0.4644              58             
1              [35872/60000]       0.4466              87.5800             0.4622              59             
2              [1024/60000]        0.4576              87.8500             0.4606              60             
2              [2048/60000]        0.4476              88.1300             0.4495              61             
2              [3072/60000]        0.4528              87.9000             0.4518              62             
2              [4096/60000]        0.4953              88.3800             0.4481              63             
2              [5120/60000]        0.4518              88.3000             0.4397              64             
2              [6144/60000]        0.4564              88.3800             0.4365              65             
2              [7168/60000]        0.4526              88.4400             0.4368              66             
2              [8192/60000]        0.4991              88.5600             0.4362              67             
2              [9216/60000]        0.4538              88.0500             0.4343              68             
2              [10240/60000]       0.4474              88.4500             0.4314              69             
2              [11264/60000]       0.4508              88.4700             0.4286              70             
2              [12288/60000]       0.4469              88.5800             0.4230              71             
2              [13312/60000]       0.4460              88.2200             0.4255              72             
2              [14336/60000]       0.3924              88.7100             0.4204              73             
2              [15360/60000]       0.4427              88.5500             0.4193              74             
2              [16384/60000]       0.4172              88.8300             0.4152              75             
2              [17408/60000]       0.4956              88.7100             0.4143              76             
2              [18432/60000]       0.4188              88.7000             0.4100              77             
2              [19456/60000]       0.4320              88.9300             0.4100              78             
2              [20480/60000]       0.4299              88.6800             0.4074              79             
2              [21504/60000]       0.3846              88.8300             0.4041              80             
2              [22528/60000]       0.4117              88.8200             0.4061              81             
2              [23552/60000]       0.4205              88.7000             0.4041              82             
2              [24576/60000]       0.4269              88.8800             0.4011              83             
2              [25600/60000]       0.4288              88.7200             0.4006              84             
2              [26624/60000]       0.4109              89.1200             0.3979              85             
2              [27648/60000]       0.3862              89.2200             0.3932              86             
2              [28672/60000]       0.3925              88.8000             0.3944              87             
2              [29696/60000]       0.4340              89.2100             0.3912              88             
2              [30720/60000]       0.4278              89.4200             0.3891              89             
2              [31744/60000]       0.3943              89.2600             0.3895              90             
2              [32768/60000]       0.4719              89.2800             0.3872              91             
2              [33792/60000]       0.4001              89.1900             0.3895              92             
2              [34816/60000]       0.4377              88.8300             0.3914              93             
2              [35840/60000]       0.4011              89.5100             0.3848              94             
2              [36864/60000]       0.3566              89.4400             0.3824              95             
2              [37888/60000]       0.4272              88.9600             0.3931              96             
2              [38912/60000]       0.4160              89.0600             0.3847              97             
2              [39936/60000]       0.3712              89.2200             0.3852              98             
2              [40960/60000]       0.3862              89.2000             0.3804              99             
2              [41984/60000]       0.3830              89.4000             0.3800              100            
2              [43008/60000]       0.4359              89.1200             0.3782              101            
2              [44032/60000]       0.4393              89.6700             0.3742              102            
2              [45056/60000]       0.3530              89.6800             0.3728              103            
2              [46080/60000]       0.3549              89.5000             0.3737              104            
2              [47104/60000]       0.3706              89.8100             0.3689              105            
2              [48128/60000]       0.3897              89.4800             0.3704              106            
2              [49152/60000]       0.3698              89.7500             0.3669              107            
2              [50176/60000]       0.4332              89.7600             0.3673              108            
2              [51200/60000]       0.3633              89.8300             0.3644              109            
2              [52224/60000]       0.3880              89.8100             0.3672              110            
2              [53248/60000]       0.4076              89.8600             0.3648              111            
2              [54272/60000]       0.3797              89.8600             0.3618              112            
2              [55296/60000]       0.4103              89.8900             0.3588              113            
2              [56320/60000]       0.3631              89.7500             0.3632              114            
2              [57344/60000]       0.4041              89.6200             0.3603              115            
2              [58368/60000]       0.3778              89.4500             0.3653              116            
2              [59392/60000]       0.4357              89.9700             0.3580              117            
2              [35872/60000]       0.3422              89.4000             0.3644              118            
3              [1024/60000]        0.4046              90.1800             0.3563              119            
3              [2048/60000]        0.3302              90.0600             0.3514              120            
3              [3072/60000]        0.3542              89.9900             0.3552              121            
3              [4096/60000]        0.3613              90.0200             0.3535              122            
3              [5120/60000]        0.3622              90.1500             0.3514              123            
3              [6144/60000]        0.3959              90.2300             0.3492              124            
3              [7168/60000]        0.3618              90.1300             0.3508              125            
3              [8192/60000]        0.3750              90.0200             0.3500              126            
3              [9216/60000]        0.3338              89.9400             0.3534              127            
3              [10240/60000]       0.3560              90.1100             0.3515              128            
3              [11264/60000]       0.3235              90.0600             0.3495              129            
3              [12288/60000]       0.3490              90.2100             0.3467              130            
3              [13312/60000]       0.3710              90.0000             0.3473              131            
3              [14336/60000]       0.3169              90.2500             0.3473              132            
3              [15360/60000]       0.3711              89.8100             0.3547              133            
3              [16384/60000]       0.3596              90.1700             0.3443              134            
3              [17408/60000]       0.3640              90.2600             0.3446              135            
3              [18432/60000]       0.3750              90.4000             0.3418              136            
3              [19456/60000]       0.3332              90.4600             0.3407              137            
3              [20480/60000]       0.3855              90.2900             0.3433              138            
3              [21504/60000]       0.3894              90.2000             0.3431              139            
3              [22528/60000]       0.3818              90.1900             0.3417              140            
3              [23552/60000]       0.3710              90.1100             0.3454              141            
3              [24576/60000]       0.3559              90.3100             0.3426              142            
3              [25600/60000]       0.3137              90.0500             0.3479              143            
3              [26624/60000]       0.3799              90.4100             0.3392              144            
3              [27648/60000]       0.3226              90.1700             0.3414              145            
3              [28672/60000]       0.3637              90.4200             0.3372              146            
3              [29696/60000]       0.3907              90.0500             0.3410              147            
3              [30720/60000]       0.3588              90.3700             0.3361              148            
3              [31744/60000]       0.4009              90.1900             0.3375              149            
3              [32768/60000]       0.3463              90.2800             0.3423              150            
3              [33792/60000]       0.3408              90.5100             0.3356              151            
3              [34816/60000]       0.3485              90.1100             0.3438              152            
3              [35840/60000]       0.3533              90.3700             0.3390              153            
3              [36864/60000]       0.3621              90.3800             0.3335              154            
3              [37888/60000]       0.3240              90.3500             0.3335              155            
3              [38912/60000]       0.3194              90.4000             0.3354              156            
3              [39936/60000]       0.3524              89.7500             0.3468              157            
3              [40960/60000]       0.3540              89.9500             0.3393              158            
3              [41984/60000]       0.3538              90.2700             0.3398              159            
3              [43008/60000]       0.3452              90.0700             0.3421              160            
3              [44032/60000]       0.3457              90.2900             0.3338              161            
3              [45056/60000]       0.3793              90.4700             0.3350              162            
3              [46080/60000]       0.3186              90.4600             0.3321              163            
3              [47104/60000]       0.3929              90.6000             0.3297              164            
3              [48128/60000]       0.3060              90.7300             0.3268              165            
3              [49152/60000]       0.3716              90.4900             0.3341              166            
3              [50176/60000]       0.3611              90.6300             0.3325              167            
3              [51200/60000]       0.3470              90.5100             0.3310              168            
3              [52224/60000]       0.3695              90.5200             0.3282              169            
3              [53248/60000]       0.3486              90.5400             0.3277              170            
3              [54272/60000]       0.3235              90.5800             0.3309              171            
3              [55296/60000]       0.3513              90.5700             0.3297              172            
3              [56320/60000]       0.3475              90.6300             0.3266              173            
3              [57344/60000]       0.3613              90.7100             0.3296              174            
3              [58368/60000]       0.3530              90.6300             0.3258              175            
3              [59392/60000]       0.3454              90.8400             0.3265              176            
3              [35872/60000]       0.3166              90.8000             0.3235              177            
4              [1024/60000]        0.3357              90.6400             0.3233              178            
4              [2048/60000]        0.3803              90.4100             0.3324              179            
4              [3072/60000]        0.3652              90.2000             0.3327              180            
4              [4096/60000]        0.3065              90.7500             0.3274              181            
4              [5120/60000]        0.3650              90.5500             0.3261              182            
4              [6144/60000]        0.3559              90.5500             0.3270              183            
4              [7168/60000]        0.3400              90.6400             0.3276              184            
4              [8192/60000]        0.3048              90.6600             0.3245              185            
4              [9216/60000]        0.3286              90.3500             0.3304              186            
4              [10240/60000]       0.3690              90.6800             0.3260              187            
4              [11264/60000]       0.3194              90.6900             0.3201              188            
4              [12288/60000]       0.3334              90.6100             0.3217              189            
4              [13312/60000]       0.3258              90.6800             0.3263              190            
4              [14336/60000]       0.3379              90.5400             0.3248              191            
4              [15360/60000]       0.3780              90.5400             0.3275              192            
4              [16384/60000]       0.3304              90.9200             0.3228              193            
4              [17408/60000]       0.3486              90.8000             0.3234              194            
4              [18432/60000]       0.3399              90.9100             0.3204              195            
4              [19456/60000]       0.3388              90.8600             0.3198              196            
4              [20480/60000]       0.3557              91.0300             0.3252              197            
4              [21504/60000]       0.2901              90.8400             0.3202              198            
4              [22528/60000]       0.3031              90.8300             0.3232              199            
4              [23552/60000]       0.3008              90.9900             0.3186              200            
4              [24576/60000]       0.3142              90.8400             0.3232              201            
4              [25600/60000]       0.3668              90.5300             0.3338              202            
4              [26624/60000]       0.3302              90.9900             0.3214              203            
4              [27648/60000]       0.3477              90.7700             0.3198              204            
4              [28672/60000]       0.2930              91.0700             0.3193              205            
4              [29696/60000]       0.2825              90.9900             0.3169              206            
4              [30720/60000]       0.3654              91.1400             0.3161              207            
4              [31744/60000]       0.3821              90.8500             0.3195              208            
4              [32768/60000]       0.3911              90.5300             0.3255              209            
4              [33792/60000]       0.2901              90.7800             0.3191              210            
4              [34816/60000]       0.3035              90.8400             0.3181              211            
4              [35840/60000]       0.3371              90.9600             0.3165              212            
4              [36864/60000]       0.3594              90.8200             0.3139              213            
4              [37888/60000]       0.3995              90.8600             0.3166              214            
4              [38912/60000]       0.3303              90.6200             0.3186              215            
4              [39936/60000]       0.3465              91.0900             0.3160              216            
4              [40960/60000]       0.3022              90.7500             0.3168              217            
4              [41984/60000]       0.3407              91.0400             0.3152              218            
4              [43008/60000]       0.3192              90.7400             0.3160              219            
4              [44032/60000]       0.3567              90.8500             0.3194              220            
4              [45056/60000]       0.3028              90.7000             0.3197              221            
4              [46080/60000]       0.3463              90.6500             0.3224              222            
4              [47104/60000]       0.3879              90.4900             0.3227              223            
4              [48128/60000]       0.3436              90.6400             0.3244              224            
4              [49152/60000]       0.2850              90.7700             0.3176              225            
4              [50176/60000]       0.3047              91.0800             0.3130              226            
4              [51200/60000]       0.3147              90.8700             0.3193              227            
4              [52224/60000]       0.3102              91.1300             0.3164              228            
4              [53248/60000]       0.2877              90.8000             0.3145              229            
4              [54272/60000]       0.3315              90.8900             0.3137              230            
4              [55296/60000]       0.2984              90.8300             0.3168              231            
4              [56320/60000]       0.3299              91.0700             0.3112              232            
4              [57344/60000]       0.3485              90.9300             0.3152              233            
4              [58368/60000]       0.3107              90.9700             0.3147              234            
4              [59392/60000]       0.3253              90.9600             0.3157              235            
4              [35872/60000]       0.2319              90.9100             0.3164              236            
5              [1024/60000]        0.3163              90.5600             0.3266              237            
5              [2048/60000]        0.2846              90.9700             0.3139              238            
5              [3072/60000]        0.3242              91.1100             0.3105              239            
