Current_Epoch  Batch/Total         CE_Train            Accuracy(%)         CE_TEST             Batch_Number   
0              [0/60000]           --                  9.020               2.3824              0
1              [60000/60000]       2.3693              23.8300             2.1691              1              
2              [60000/60000]       2.1617              42.8800             1.9846              2              
3              [60000/60000]       1.9810              55.7300             1.8191              3              
4              [60000/60000]       1.8205              60.0200             1.6798              4              
5              [60000/60000]       1.6840              65.9700             1.5572              5              
6              [60000/60000]       1.5649              67.2300             1.4550              6              
7              [60000/60000]       1.4649              70.9800             1.3648              7              
8              [60000/60000]       1.3768              71.2100             1.2889              8              
9              [60000/60000]       1.3025              74.2300             1.2209              9              
10             [60000/60000]       1.2358              73.9000             1.1630              10             
11             [60000/60000]       1.1792              76.5300             1.1101              11             
12             [60000/60000]       1.1272              75.8400             1.0651              12             
13             [60000/60000]       1.0829              78.2100             1.0227              13             
14             [60000/60000]       1.0414              77.4400             0.9872              14             
15             [60000/60000]       1.0060              79.5400             0.9522              15             
16             [60000/60000]       0.9723              78.6700             0.9240              16             
17             [60000/60000]       0.9435              80.5100             0.8945              17             
18             [60000/60000]       0.9157              79.7800             0.8716              18             
19             [60000/60000]       0.8917              81.3500             0.8463              19             
20             [60000/60000]       0.8682              80.7200             0.8270              20             
21             [60000/60000]       0.8477              82.1800             0.8052              21             
22             [60000/60000]       0.8275              81.5300             0.7885              22             
23             [60000/60000]       0.8097              82.7800             0.7695              23             
24             [60000/60000]       0.7922              82.1400             0.7548              24             
25             [60000/60000]       0.7765              83.1500             0.7384              25             
26             [60000/60000]       0.7612              82.7200             0.7252              26             
27             [60000/60000]       0.7473              83.6700             0.7108              27             
28             [60000/60000]       0.7338              83.3800             0.6991              28             
29             [60000/60000]       0.7214              84.1000             0.6864              29             
30             [60000/60000]       0.7094              83.9100             0.6757              30             
31             [60000/60000]       0.6982              84.4800             0.6645              31             
32             [60000/60000]       0.6875              84.3000             0.6548              32             
33             [60000/60000]       0.6774              84.9300             0.6448              33             
34             [60000/60000]       0.6678              84.7000             0.6358              34             
35             [60000/60000]       0.6586              85.2100             0.6269              35             
36             [60000/60000]       0.6499              84.9600             0.6186              36             
37             [60000/60000]       0.6414              85.5200             0.6105              37             
38             [60000/60000]       0.6335              85.1300             0.6029              38             
39             [60000/60000]       0.6257              85.7100             0.5955              39             
40             [60000/60000]       0.6184              85.4600             0.5884              40             
41             [60000/60000]       0.6112              85.9700             0.5817              41             
42             [60000/60000]       0.6044              85.7600             0.5750              42             
43             [60000/60000]       0.5978              86.1800             0.5688              43             
44             [60000/60000]       0.5915              86.0100             0.5625              44             
45             [60000/60000]       0.5853              86.4200             0.5569              45             
46             [60000/60000]       0.5794              86.1700             0.5509              46             
47             [60000/60000]       0.5736              86.5000             0.5457              47             
48             [60000/60000]       0.5681              86.3400             0.5400              48             
49             [60000/60000]       0.5627              86.7000             0.5353              49             
50             [60000/60000]       0.5575              86.5700             0.5299              50             
51             [60000/60000]       0.5524              86.8500             0.5255              51             
52             [60000/60000]       0.5475              86.6800             0.5203              52             
53             [60000/60000]       0.5427              87.0500             0.5163              53             
54             [60000/60000]       0.5382              86.8400             0.5113              54             
55             [60000/60000]       0.5337              87.2300             0.5078              55             
56             [60000/60000]       0.5294              86.9200             0.5029              56             
57             [60000/60000]       0.5252              87.3800             0.4999              57             
58             [60000/60000]       0.5213              87.1300             0.4951              58             
59             [60000/60000]       0.5174              87.5600             0.4928              59             
60             [60000/60000]       0.5138              87.2800             0.4879              60             
61             [60000/60000]       0.5102              87.5900             0.4864              61             
62             [60000/60000]       0.5070              87.3400             0.4813              62             
63             [60000/60000]       0.5037              87.7300             0.4805              63             
64             [60000/60000]       0.5007              87.3800             0.4752              64             
65             [60000/60000]       0.4976              87.7700             0.4750              65             
66             [60000/60000]       0.4948              87.5500             0.4693              66             
67             [60000/60000]       0.4918              87.8100             0.4696              67             
68             [60000/60000]       0.4891              87.6600             0.4636              68             
69             [60000/60000]       0.4860              87.8400             0.4643              69             
70             [60000/60000]       0.4835              87.8100             0.4581              70             
71             [60000/60000]       0.4805              87.9000             0.4590              71             
72             [60000/60000]       0.4780              87.8900             0.4526              72             
73             [60000/60000]       0.4750              88.0300             0.4538              73             
74             [60000/60000]       0.4727              87.9200             0.4474              74             
75             [60000/60000]       0.4697              88.1100             0.4487              75             
76             [60000/60000]       0.4674              88.0500             0.4423              76             
77             [60000/60000]       0.4645              88.1400             0.4438              77             
78             [60000/60000]       0.4623              88.1200             0.4374              78             
79             [60000/60000]       0.4594              88.2300             0.4389              79             
80             [60000/60000]       0.4573              88.2100             0.4326              80             
81             [60000/60000]       0.4545              88.3400             0.4342              81             
82             [60000/60000]       0.4525              88.2900             0.4280              82             
83             [60000/60000]       0.4498              88.4400             0.4297              83             
84             [60000/60000]       0.4478              88.4500             0.4236              84             
85             [60000/60000]       0.4452              88.5300             0.4253              85             
86             [60000/60000]       0.4433              88.5400             0.4193              86             
87             [60000/60000]       0.4408              88.6100             0.4211              87             
88             [60000/60000]       0.4390              88.6700             0.4152              88             
89             [60000/60000]       0.4366              88.7900             0.4171              89             
90             [60000/60000]       0.4348              88.7800             0.4113              90             
91             [60000/60000]       0.4325              88.8900             0.4132              91             
92             [60000/60000]       0.4308              88.8100             0.4076              92             
93             [60000/60000]       0.4286              88.9500             0.4095              93             
94             [60000/60000]       0.4269              88.9100             0.4040              94             
95             [60000/60000]       0.4249              88.9600             0.4060              95             
96             [60000/60000]       0.4233              88.9600             0.4006              96             
97             [60000/60000]       0.4213              89.0100             0.4026              97             
98             [60000/60000]       0.4197              89.0400             0.3973              98             
99             [60000/60000]       0.4178              89.1400             0.3993              99             
100            [60000/60000]       0.4164              89.1100             0.3942              100            
101            [60000/60000]       0.4145              89.2300             0.3963              101            
102            [60000/60000]       0.4131              89.1600             0.3912              102            
103            [60000/60000]       0.4114              89.2500             0.3933              103            
104            [60000/60000]       0.4100              89.2500             0.3883              104            
105            [60000/60000]       0.4084              89.3700             0.3905              105            
106            [60000/60000]       0.4071              89.3400             0.3856              106            
107            [60000/60000]       0.4055              89.4100             0.3879              107            
108            [60000/60000]       0.4043              89.4000             0.3830              108            
109            [60000/60000]       0.4027              89.5100             0.3853              109            
110            [60000/60000]       0.4016              89.5400             0.3805              110            
111            [60000/60000]       0.4001              89.5400             0.3829              111            
112            [60000/60000]       0.3990              89.6200             0.3781              112            
113            [60000/60000]       0.3976              89.6600             0.3806              113            
114            [60000/60000]       0.3965              89.6700             0.3759              114            
115            [60000/60000]       0.3951              89.7400             0.3784              115            
116            [60000/60000]       0.3941              89.7400             0.3737              116            
117            [60000/60000]       0.3928              89.8400             0.3763              117            
118            [60000/60000]       0.3919              89.7400             0.3716              118            
119            [60000/60000]       0.3906              89.8600             0.3743              119            
120            [60000/60000]       0.3897              89.7700             0.3697              120            
121            [60000/60000]       0.3885              89.9000             0.3724              121            
122            [60000/60000]       0.3876              89.8300             0.3678              122            
123            [60000/60000]       0.3864              89.9900             0.3706              123            
124            [60000/60000]       0.3856              89.8400             0.3659              124            
125            [60000/60000]       0.3845              90.0000             0.3689              125            
126            [60000/60000]       0.3837              89.8700             0.3642              126            
127            [60000/60000]       0.3826              90.0500             0.3672              127            
128            [60000/60000]       0.3818              89.9300             0.3625              128            
129            [60000/60000]       0.3808              90.0800             0.3656              129            
130            [60000/60000]       0.3800              89.9500             0.3609              130            
131            [60000/60000]       0.3790              90.1200             0.3641              131            
132            [60000/60000]       0.3783              89.9500             0.3594              132            
133            [60000/60000]       0.3773              90.1600             0.3626              133            
134            [60000/60000]       0.3767              89.9600             0.3579              134            
135            [60000/60000]       0.3757              90.1900             0.3612              135            
136            [60000/60000]       0.3751              90.0000             0.3565              136            
137            [60000/60000]       0.3741              90.1800             0.3598              137            
138            [60000/60000]       0.3735              90.0300             0.3551              138            
139            [60000/60000]       0.3726              90.1900             0.3585              139            
140            [60000/60000]       0.3720              90.0500             0.3537              140            
141            [60000/60000]       0.3711              90.2100             0.3573              141            
142            [60000/60000]       0.3706              90.0600             0.3525              142            
143            [60000/60000]       0.3696              90.2100             0.3560              143            
144            [60000/60000]       0.3691              90.0900             0.3512              144            
145            [60000/60000]       0.3683              90.2300             0.3548              145            
146            [60000/60000]       0.3678              90.0600             0.3500              146            
147            [60000/60000]       0.3669              90.2400             0.3537              147            
148            [60000/60000]       0.3665              90.1400             0.3489              148            
149            [60000/60000]       0.3656              90.2500             0.3526              149            
150            [60000/60000]       0.3652              90.1900             0.3478              150            
151            [60000/60000]       0.3643              90.2700             0.3515              151            
152            [60000/60000]       0.3639              90.1700             0.3467              152            
153            [60000/60000]       0.3631              90.3200             0.3505              153            
154            [60000/60000]       0.3627              90.1900             0.3457              154            
155            [60000/60000]       0.3619              90.3400             0.3495              155            
156            [60000/60000]       0.3616              90.2100             0.3447              156            
157            [60000/60000]       0.3608              90.3600             0.3486              157            
158            [60000/60000]       0.3604              90.2300             0.3437              158            
159            [60000/60000]       0.3597              90.3900             0.3476              159            
160            [60000/60000]       0.3593              90.2400             0.3428              160            
161            [60000/60000]       0.3586              90.4200             0.3467              161            
162            [60000/60000]       0.3583              90.2500             0.3419              162            
163            [60000/60000]       0.3575              90.4100             0.3459              163            
164            [60000/60000]       0.3572              90.2600             0.3410              164            
165            [60000/60000]       0.3565              90.4300             0.3451              165            
166            [60000/60000]       0.3562              90.3100             0.3402              166            
167            [60000/60000]       0.3555              90.4600             0.3443              167            
168            [60000/60000]       0.3552              90.3300             0.3394              168            
169            [60000/60000]       0.3545              90.4300             0.3435              169            
170            [60000/60000]       0.3543              90.3500             0.3386              170            
171            [60000/60000]       0.3536              90.4500             0.3427              171            
172            [60000/60000]       0.3534              90.3600             0.3379              172            
173            [60000/60000]       0.3527              90.4200             0.3420              173            
174            [60000/60000]       0.3525              90.3900             0.3372              174            
175            [60000/60000]       0.3518              90.4400             0.3413              175            
176            [60000/60000]       0.3516              90.4200             0.3365              176            
177            [60000/60000]       0.3510              90.4500             0.3407              177            
178            [60000/60000]       0.3508              90.4100             0.3358              178            
179            [60000/60000]       0.3502              90.4600             0.3400              179            
180            [60000/60000]       0.3500              90.4400             0.3351              180            
181            [60000/60000]       0.3494              90.4800             0.3394              181            
182            [60000/60000]       0.3492              90.4800             0.3345              182            
183            [60000/60000]       0.3486              90.5200             0.3388              183            
184            [60000/60000]       0.3484              90.5100             0.3339              184            
185            [60000/60000]       0.3478              90.5200             0.3382              185            
186            [60000/60000]       0.3477              90.5100             0.3333              186            
187            [60000/60000]       0.3471              90.5200             0.3377              187            
188            [60000/60000]       0.3470              90.5800             0.3327              188            
189            [60000/60000]       0.3464              90.5300             0.3371              189            
190            [60000/60000]       0.3463              90.6100             0.3322              190            
191            [60000/60000]       0.3457              90.5600             0.3366              191            
192            [60000/60000]       0.3456              90.6000             0.3317              192            
193            [60000/60000]       0.3450              90.5400             0.3361              193            
194            [60000/60000]       0.3449              90.6300             0.3312              194            
195            [60000/60000]       0.3444              90.5400             0.3356              195            
196            [60000/60000]       0.3443              90.6700             0.3307              196            
197            [60000/60000]       0.3437              90.5500             0.3352              197            
198            [60000/60000]       0.3437              90.6600             0.3302              198            
199            [60000/60000]       0.3431              90.5700             0.3347              199            
200            [60000/60000]       0.3431              90.6500             0.3297              200            
201            [60000/60000]       0.3425              90.5900             0.3343              201            
202            [60000/60000]       0.3425              90.6600             0.3293              202            
203            [60000/60000]       0.3419              90.6000             0.3339              203            
204            [60000/60000]       0.3419              90.6700             0.3288              204            
205            [60000/60000]       0.3414              90.6200             0.3335              205            
206            [60000/60000]       0.3414              90.6900             0.3284              206            
207            [60000/60000]       0.3408              90.6100             0.3331              207            
208            [60000/60000]       0.3408              90.6900             0.3280              208            
209            [60000/60000]       0.3403              90.6200             0.3327              209            
210            [60000/60000]       0.3403              90.7300             0.3276              210            
211            [60000/60000]       0.3398              90.6500             0.3323              211            
212            [60000/60000]       0.3398              90.7400             0.3273              212            
213            [60000/60000]       0.3393              90.6700             0.3320              213            
214            [60000/60000]       0.3393              90.7400             0.3269              214            
215            [60000/60000]       0.3388              90.6400             0.3316              215            
216            [60000/60000]       0.3388              90.7300             0.3265              216            
217            [60000/60000]       0.3383              90.6900             0.3313              217            
218            [60000/60000]       0.3383              90.7400             0.3262              218            
219            [60000/60000]       0.3378              90.6700             0.3310              219            
220            [60000/60000]       0.3379              90.7600             0.3259              220            
221            [60000/60000]       0.3374              90.6900             0.3307              221            
222            [60000/60000]       0.3374              90.7700             0.3255              222            
223            [60000/60000]       0.3369              90.6900             0.3304              223            
224            [60000/60000]       0.3370              90.7800             0.3252              224            
225            [60000/60000]       0.3365              90.6800             0.3301              225            
226            [60000/60000]       0.3366              90.8100             0.3249              226            
227            [60000/60000]       0.3361              90.6900             0.3298              227            
228            [60000/60000]       0.3362              90.8100             0.3246              228            
229            [60000/60000]       0.3357              90.6900             0.3295              229            
230            [60000/60000]       0.3357              90.7800             0.3243              230            
231            [60000/60000]       0.3353              90.6900             0.3293              231            
232            [60000/60000]       0.3354              90.7700             0.3241              232            
233            [60000/60000]       0.3349              90.7100             0.3290              233            
234            [60000/60000]       0.3350              90.7700             0.3238              234            
235            [60000/60000]       0.3345              90.7200             0.3288              235            
236            [60000/60000]       0.3346              90.7800             0.3235              236            
237            [60000/60000]       0.3341              90.7500             0.3286              237            
238            [60000/60000]       0.3342              90.8100             0.3233              238            
239            [60000/60000]       0.3337              90.7500             0.3283              239            
