Current_Epoch  Batch/Total         CE_Train            Accuracy(%)         CE_TEST             Batch_Number   
0              [0/60000]           --                  9.020               2.3309              0
1              [60000/60000]       2.3293              36.4600             1.9049              1              
2              [60000/60000]       1.9014              40.0200             1.6602              2              
3              [60000/60000]       1.6534              51.4900             1.5331              3              
4              [60000/60000]       1.5288              55.9700             1.3367              4              
5              [60000/60000]       1.3269              59.2200             1.2671              5              
6              [60000/60000]       1.2602              60.4500             1.1728              6              
7              [60000/60000]       1.1622              63.4800             1.1247              7              
8              [60000/60000]       1.1147              61.4500             1.0770              8              
9              [60000/60000]       1.0673              61.1800             1.0668              9              
10             [60000/60000]       1.0540              60.2000             1.0506              10             
11             [60000/60000]       1.0410              62.8100             1.0333              11             
12             [60000/60000]       1.0192              63.2400             1.0084              12             
13             [60000/60000]       0.9971              66.2000             0.9730              13             
14             [60000/60000]       0.9587              65.8200             0.9446              14             
15             [60000/60000]       0.9315              68.8900             0.9159              15             
16             [60000/60000]       0.9011              67.9100             0.8954              16             
17             [60000/60000]       0.8808              70.5600             0.8735              17             
18             [60000/60000]       0.8585              69.1600             0.8594              18             
19             [60000/60000]       0.8437              71.5900             0.8422              19             
20             [60000/60000]       0.8271              69.7500             0.8342              20             
21             [60000/60000]       0.8175              72.3900             0.8201              21             
22             [60000/60000]       0.8049              70.1900             0.8174              22             
23             [60000/60000]       0.7999              72.8000             0.8046              23             
24             [60000/60000]       0.7893              70.4000             0.8057              24             
25             [60000/60000]       0.7876              73.0400             0.7925              25             
26             [60000/60000]       0.7771              70.4000             0.7954              26             
27             [60000/60000]       0.7767              73.3000             0.7815              27             
28             [60000/60000]       0.7659              70.7700             0.7848              28             
29             [60000/60000]       0.7656              73.7000             0.7709              29             
30             [60000/60000]       0.7550              71.1900             0.7739              30             
31             [60000/60000]       0.7543              73.9300             0.7609              31             
32             [60000/60000]       0.7446              71.3500             0.7636              32             
33             [60000/60000]       0.7437              74.1400             0.7518              33             
34             [60000/60000]       0.7352              71.5700             0.7543              34             
35             [60000/60000]       0.7341              74.2700             0.7439              35             
36             [60000/60000]       0.7269              71.8900             0.7462              36             
37             [60000/60000]       0.7257              74.3600             0.7370              37             
38             [60000/60000]       0.7197              72.1600             0.7391              38             
39             [60000/60000]       0.7183              74.4700             0.7309              39             
40             [60000/60000]       0.7133              72.3800             0.7330              40             
41             [60000/60000]       0.7119              74.5200             0.7254              41             
42             [60000/60000]       0.7075              72.4900             0.7277              42             
43             [60000/60000]       0.7062              74.7400             0.7203              43             
44             [60000/60000]       0.7022              72.6800             0.7230              44             
45             [60000/60000]       0.7011              74.9100             0.7155              45             
46             [60000/60000]       0.6971              72.7200             0.7185              46             
47             [60000/60000]       0.6962              75.0500             0.7108              47             
48             [60000/60000]       0.6922              72.8300             0.7140              48             
49             [60000/60000]       0.6914              75.1900             0.7062              49             
50             [60000/60000]       0.6873              72.9900             0.7096              50             
51             [60000/60000]       0.6865              75.3500             0.7016              51             
52             [60000/60000]       0.6825              73.2900             0.7052              52             
53             [60000/60000]       0.6818              75.4900             0.6972              53             
54             [60000/60000]       0.6779              73.4500             0.7009              54             
55             [60000/60000]       0.6771              75.6000             0.6930              55             
56             [60000/60000]       0.6734              73.7000             0.6969              56             
57             [60000/60000]       0.6728              75.7500             0.6891              57             
58             [60000/60000]       0.6692              73.8400             0.6931              58             
59             [60000/60000]       0.6686              75.8700             0.6853              59             
60             [60000/60000]       0.6652              74.0000             0.6896              60             
61             [60000/60000]       0.6647              76.0100             0.6819              61             
62             [60000/60000]       0.6614              74.1700             0.6863              62             
63             [60000/60000]       0.6611              76.2500             0.6785              63             
64             [60000/60000]       0.6578              74.2600             0.6832              64             
65             [60000/60000]       0.6576              76.3400             0.6754              65             
66             [60000/60000]       0.6544              74.3400             0.6802              66             
67             [60000/60000]       0.6543              76.4300             0.6724              67             
68             [60000/60000]       0.6511              74.4100             0.6774              68             
69             [60000/60000]       0.6511              76.4600             0.6695              69             
70             [60000/60000]       0.6479              74.5000             0.6746              70             
71             [60000/60000]       0.6481              76.5900             0.6667              71             
72             [60000/60000]       0.6448              74.5800             0.6720              72             
73             [60000/60000]       0.6451              76.7000             0.6640              73             
74             [60000/60000]       0.6418              74.7600             0.6695              74             
75             [60000/60000]       0.6423              76.7700             0.6615              75             
76             [60000/60000]       0.6390              74.8900             0.6671              76             
77             [60000/60000]       0.6396              76.8800             0.6590              77             
78             [60000/60000]       0.6362              75.0200             0.6648              78             
79             [60000/60000]       0.6370              76.9900             0.6567              79             
80             [60000/60000]       0.6337              75.1100             0.6627              80             
81             [60000/60000]       0.6345              77.0800             0.6546              81             
82             [60000/60000]       0.6312              75.1900             0.6607              82             
83             [60000/60000]       0.6322              77.0800             0.6526              83             
84             [60000/60000]       0.6289              75.3000             0.6588              84             
85             [60000/60000]       0.6301              77.1400             0.6507              85             
86             [60000/60000]       0.6268              75.3300             0.6571              86             
87             [60000/60000]       0.6281              77.1900             0.6489              87             
88             [60000/60000]       0.6248              75.4100             0.6555              88             
89             [60000/60000]       0.6262              77.2300             0.6473              89             
90             [60000/60000]       0.6229              75.4900             0.6541              90             
91             [60000/60000]       0.6245              77.2700             0.6458              91             
92             [60000/60000]       0.6211              75.5000             0.6527              92             
93             [60000/60000]       0.6229              77.3400             0.6444              93             
94             [60000/60000]       0.6194              75.5700             0.6515              94             
95             [60000/60000]       0.6214              77.3900             0.6431              95             
96             [60000/60000]       0.6179              75.6300             0.6503              96             
97             [60000/60000]       0.6199              77.4400             0.6419              97             
98             [60000/60000]       0.6164              75.6900             0.6493              98             
99             [60000/60000]       0.6186              77.5000             0.6407              99             
100            [60000/60000]       0.6150              75.6800             0.6483              100            
101            [60000/60000]       0.6174              77.5000             0.6397              101            
102            [60000/60000]       0.6137              75.6800             0.6474              102            
103            [60000/60000]       0.6162              77.6100             0.6387              103            
104            [60000/60000]       0.6125              75.7200             0.6465              104            
105            [60000/60000]       0.6151              77.6200             0.6378              105            
106            [60000/60000]       0.6114              75.7700             0.6457              106            
107            [60000/60000]       0.6140              77.6800             0.6369              107            
108            [60000/60000]       0.6103              75.7700             0.6450              108            
109            [60000/60000]       0.6130              77.7000             0.6361              109            
110            [60000/60000]       0.6092              75.8400             0.6443              110            
111            [60000/60000]       0.6121              77.7400             0.6354              111            
112            [60000/60000]       0.6083              75.9000             0.6436              112            
113            [60000/60000]       0.6112              77.8100             0.6347              113            
114            [60000/60000]       0.6074              75.9500             0.6430              114            
115            [60000/60000]       0.6104              77.8700             0.6340              115            
116            [60000/60000]       0.6065              75.9700             0.6425              116            
117            [60000/60000]       0.6096              77.9500             0.6335              117            
118            [60000/60000]       0.6057              75.9800             0.6420              118            
119            [60000/60000]       0.6089              77.9800             0.6329              119            
120            [60000/60000]       0.6049              76.0200             0.6415              120            
121            [60000/60000]       0.6082              78.0000             0.6324              121            
122            [60000/60000]       0.6042              76.0600             0.6411              122            
123            [60000/60000]       0.6076              78.0200             0.6320              123            
124            [60000/60000]       0.6035              76.1300             0.6407              124            
125            [60000/60000]       0.6070              78.0400             0.6316              125            
126            [60000/60000]       0.6029              76.1600             0.6403              126            
127            [60000/60000]       0.6064              78.0600             0.6312              127            
128            [60000/60000]       0.6023              76.1500             0.6400              128            
129            [60000/60000]       0.6059              78.1400             0.6309              129            
130            [60000/60000]       0.6018              76.1700             0.6398              130            
131            [60000/60000]       0.6054              78.1600             0.6306              131            
132            [60000/60000]       0.6013              76.2000             0.6395              132            
133            [60000/60000]       0.6050              78.2600             0.6303              133            
134            [60000/60000]       0.6008              76.2400             0.6393              134            
135            [60000/60000]       0.6046              78.2600             0.6301              135            
136            [60000/60000]       0.6004              76.3200             0.6391              136            
137            [60000/60000]       0.6042              78.2500             0.6299              137            
138            [60000/60000]       0.6000              76.3900             0.6390              138            
139            [60000/60000]       0.6039              78.2700             0.6297              139            
