Current_Epoch  Batch/Total         CE_Train            Accuracy(%)         CE_TEST             Batch_Number   
0              [0/60000]           --                  9.020               2.3081              0
1              [1024/60000]        2.3081              48.5800             1.4645              1              
1              [2048/60000]        1.5195              12.7200             10.5308             2              
1              [3072/60000]        10.3648             20.9400             11.6471             3              
1              [4096/60000]        11.9547             50.7600             10.0569             4              
1              [5120/60000]        10.0342             34.4800             8.1665              5              
1              [6144/60000]        8.2882              58.7200             5.7011              6              
1              [7168/60000]        5.7152              46.6400             3.5967              7              
1              [8192/60000]        3.5596              52.8700             2.7308              8              
1              [9216/60000]        2.7809              63.6800             1.3587              9              
1              [10240/60000]       1.4218              75.2200             1.0619              10             
1              [11264/60000]       1.1252              83.1300             0.5394              11             
1              [12288/60000]       0.5161              79.5600             0.5991              12             
1              [13312/60000]       0.7279              75.7500             0.9366              13             
1              [14336/60000]       1.0127              78.4000             0.8505              14             
1              [15360/60000]       0.8724              84.2800             0.5194              15             
1              [16384/60000]       0.5139              86.4300             0.4392              16             
1              [17408/60000]       0.4264              87.2500             0.4170              17             
1              [18432/60000]       0.4746              85.4600             0.4426              18             
1              [19456/60000]       0.4627              87.4600             0.4090              19             
1              [20480/60000]       0.3997              86.4200             0.4105              20             
1              [21504/60000]       0.3706              88.6200             0.3742              21             
1              [22528/60000]       0.4018              88.7400             0.3636              22             
1              [23552/60000]       0.4326              87.2900             0.4103              23             
1              [24576/60000]       0.4394              86.9900             0.4029              24             
1              [25600/60000]       0.4765              82.5000             0.5092              25             
1              [26624/60000]       0.5270              81.8300             0.5469              26             
1              [27648/60000]       0.5826              81.9900             0.5330              27             
1              [28672/60000]       0.5999              82.6600             0.5385              28             
1              [29696/60000]       0.5872              83.7600             0.5061              29             
1              [30720/60000]       0.4815              85.9800             0.4402              30             
1              [31744/60000]       0.4777              83.2900             0.5312              31             
1              [32768/60000]       0.5247              86.2300             0.4379              32             
1              [33792/60000]       0.4690              85.5800             0.4664              33             
1              [34816/60000]       0.4893              86.5800             0.4195              34             
1              [35840/60000]       0.4719              85.5900             0.4788              35             
1              [36864/60000]       0.4471              88.3900             0.3754              36             
1              [37888/60000]       0.4395              88.3000             0.3751              37             
1              [38912/60000]       0.3839              89.3700             0.3493              38             
1              [39936/60000]       0.3760              89.7900             0.3385              39             
1              [40960/60000]       0.3278              89.6500             0.3380              40             
1              [41984/60000]       0.3626              90.3000             0.3235              41             
1              [43008/60000]       0.3420              91.1700             0.2977              42             
1              [44032/60000]       0.3278              91.7900             0.2790              43             
1              [45056/60000]       0.2857              92.3100             0.2631              44             
1              [46080/60000]       0.2725              92.2400             0.2705              45             
1              [47104/60000]       0.2972              91.4800             0.2784              46             
1              [48128/60000]       0.3079              91.9900             0.2777              47             
1              [49152/60000]       0.3072              90.7100             0.2953              48             
1              [50176/60000]       0.2847              88.0700             0.3751              49             
1              [51200/60000]       0.4031              83.2700             0.5298              50             
1              [52224/60000]       0.6045              81.3300             0.7898              51             
1              [53248/60000]       0.7113              85.5400             0.4478              52             
1              [54272/60000]       0.4593              85.0900             0.4786              53             
1              [55296/60000]       0.4815              81.0700             0.6138              54             
1              [56320/60000]       0.6075              80.5900             0.9342              55             
1              [57344/60000]       0.9276              83.7800             0.6806              56             
1              [58368/60000]       0.7328              85.2900             0.4624              57             
1              [59392/60000]       0.4108              84.7900             0.7386              58             
1              [35872/60000]       0.7992              87.4200             0.4009              59             
2              [1024/60000]        0.3863              89.3200             0.3813              60             
2              [2048/60000]        0.3598              91.7900             0.2667              61             
2              [3072/60000]        0.3117              91.4600             0.2825              62             
2              [4096/60000]        0.2792              91.0600             0.2761              63             
2              [5120/60000]        0.2946              92.4400             0.2481              64             
2              [6144/60000]        0.2218              91.6800             0.2574              65             
2              [7168/60000]        0.2603              92.3200             0.2540              66             
2              [8192/60000]        0.2759              92.8100             0.2427              67             
2              [9216/60000]        0.2632              92.1500             0.2551              68             
2              [10240/60000]       0.2788              91.8600             0.2632              69             
2              [11264/60000]       0.2643              92.4200             0.2502              70             
2              [12288/60000]       0.2701              91.0100             0.2724              71             
2              [13312/60000]       0.2894              88.2300             0.3389              72             
2              [14336/60000]       0.3444              88.1900             0.3733              73             
2              [15360/60000]       0.4220              86.8300             0.3899              74             
2              [16384/60000]       0.4013              89.6700             0.3391              75             
2              [17408/60000]       0.2875              92.3700             0.2466              76             
2              [18432/60000]       0.2422              93.9800             0.2090              77             
2              [19456/60000]       0.2349              93.2500             0.2204              78             
2              [20480/60000]       0.2535              93.5100             0.2244              79             
2              [21504/60000]       0.1969              93.6400             0.2094              80             
2              [22528/60000]       0.2000              93.7000             0.2102              81             
2              [23552/60000]       0.2344              94.0600             0.2062              82             
2              [24576/60000]       0.1889              93.6400             0.2139              83             
2              [25600/60000]       0.1900              94.1200             0.2008              84             
2              [26624/60000]       0.2377              93.8300             0.2175              85             
2              [27648/60000]       0.2742              92.6800             0.2358              86             
2              [28672/60000]       0.2482              92.4300             0.2466              87             
2              [29696/60000]       0.2447              92.4400             0.2402              88             
2              [30720/60000]       0.2696              90.6800             0.3019              89             
2              [31744/60000]       0.2916              91.2400             0.2689              90             
2              [32768/60000]       0.2318              92.3100             0.2503              91             
2              [33792/60000]       0.2602              90.4200             0.2999              92             
2              [34816/60000]       0.3072              91.8400             0.2606              93             
2              [35840/60000]       0.2631              93.1900             0.2334              94             
2              [36864/60000]       0.2247              94.4300             0.1834              95             
2              [37888/60000]       0.2205              94.1400             0.2044              96             
2              [38912/60000]       0.1811              93.8000             0.2027              97             
2              [39936/60000]       0.2171              93.9400             0.2055              98             
2              [40960/60000]       0.2396              93.0500             0.2230              99             
2              [41984/60000]       0.2587              92.4000             0.2397              100            
2              [43008/60000]       0.2526              90.7800             0.2829              101            
2              [44032/60000]       0.2835              91.3700             0.2604              102            
2              [45056/60000]       0.2530              92.9400             0.2339              103            
2              [46080/60000]       0.2116              94.4100             0.1903              104            
2              [47104/60000]       0.1803              94.4500             0.1832              105            
2              [48128/60000]       0.2258              94.2300             0.1911              106            
2              [49152/60000]       0.2023              93.9800             0.2034              107            
2              [50176/60000]       0.2107              93.7900             0.2086              108            
2              [51200/60000]       0.2233              93.9600             0.1965              109            
2              [52224/60000]       0.2160              94.1400             0.2010              110            
2              [53248/60000]       0.1651              95.0400             0.1662              111            
2              [54272/60000]       0.1890              95.4000             0.1576              112            
2              [55296/60000]       0.1769              94.8200             0.1713              113            
2              [56320/60000]       0.2036              94.6000             0.1869              114            
2              [57344/60000]       0.2325              93.7700             0.1996              115            
2              [58368/60000]       0.2484              94.2600             0.2016              116            
2              [59392/60000]       0.2771              91.2800             0.2747              117            
2              [35872/60000]       0.2727              94.2700             0.2000              118            
3              [1024/60000]        0.1479              95.3300             0.1587              119            
3              [2048/60000]        0.1620              95.4300             0.1569              120            
3              [3072/60000]        0.1551              95.4800             0.1528              121            
3              [4096/60000]        0.1307              95.6600             0.1475              122            
3              [5120/60000]        0.1476              95.6200             0.1522              123            
3              [6144/60000]        0.1569              95.3300             0.1562              124            
3              [7168/60000]        0.1834              95.6700             0.1501              125            
3              [8192/60000]        0.1860              95.3500             0.1553              126            
3              [9216/60000]        0.1571              95.5100             0.1481              127            
3              [10240/60000]       0.1209              95.6700             0.1423              128            
3              [11264/60000]       0.1285              95.7600             0.1403              129            
3              [12288/60000]       0.1450              95.9100             0.1393              130            
3              [13312/60000]       0.1419              95.9100             0.1404              131            
3              [14336/60000]       0.1719              95.8200             0.1429              132            
3              [15360/60000]       0.1533              95.7400             0.1483              133            
3              [16384/60000]       0.1360              95.5900             0.1469              134            
3              [17408/60000]       0.2320              94.3600             0.1924              135            
3              [18432/60000]       0.1883              94.2200             0.1916              136            
3              [19456/60000]       0.2001              95.1800             0.1630              137            
3              [20480/60000]       0.1471              95.7300             0.1450              138            
3              [21504/60000]       0.1455              96.0100             0.1378              139            
3              [22528/60000]       0.1512              95.0900             0.1639              140            
3              [23552/60000]       0.1605              95.5000             0.1459              141            
3              [24576/60000]       0.1378              95.6300             0.1410              142            
3              [25600/60000]       0.1475              95.9200             0.1368              143            
3              [26624/60000]       0.1354              96.2300             0.1317              144            
3              [27648/60000]       0.1343              96.0200             0.1315              145            
3              [28672/60000]       0.1559              95.7300             0.1411              146            
3              [29696/60000]       0.1338              95.9400             0.1329              147            
3              [30720/60000]       0.1411              96.0700             0.1331              148            
3              [31744/60000]       0.0997              96.1800             0.1312              149            
3              [32768/60000]       0.1376              95.6100             0.1389              150            
3              [33792/60000]       0.1495              95.7600             0.1497              151            
3              [34816/60000]       0.1773              94.5000             0.1694              152            
3              [35840/60000]       0.1591              95.4600             0.1482              153            
3              [36864/60000]       0.1494              95.2800             0.1481              154            
3              [37888/60000]       0.1785              93.9200             0.1906              155            
3              [38912/60000]       0.1707              92.2400             0.2229              156            
3              [39936/60000]       0.2141              88.7200             0.3269              157            
3              [40960/60000]       0.3676              88.1800             0.4378              158            
3              [41984/60000]       0.4663              90.2400             0.2920              159            
3              [43008/60000]       0.2693              94.6900             0.1693              160            
3              [44032/60000]       0.1452              96.2400             0.1290              161            
3              [45056/60000]       0.1187              95.8900             0.1347              162            
3              [46080/60000]       0.1241              96.3400             0.1250              163            
3              [47104/60000]       0.1057              96.2100             0.1259              164            
3              [48128/60000]       0.1240              96.2400             0.1259              165            
3              [49152/60000]       0.1428              96.5000             0.1209              166            
3              [50176/60000]       0.1448              96.4300             0.1254              167            
3              [51200/60000]       0.1419              95.8200             0.1362              168            
3              [52224/60000]       0.1346              95.3000             0.1529              169            
3              [53248/60000]       0.1422              95.5200             0.1476              170            
3              [54272/60000]       0.1587              95.2700             0.1527              171            
3              [55296/60000]       0.1892              94.9900             0.1589              172            
3              [56320/60000]       0.1545              94.5900             0.1756              173            
3              [57344/60000]       0.1755              92.5000             0.2297              174            
3              [58368/60000]       0.2241              90.2200             0.3028              175            
3              [59392/60000]       0.3592              87.1500             0.4001              176            
3              [35872/60000]       0.4332              88.8300             0.3963              177            
4              [1024/60000]        0.3799              94.8500             0.1616              178            
4              [2048/60000]        0.1240              96.4100             0.1200              179            
4              [3072/60000]        0.1209              96.3300             0.1195              180            
4              [4096/60000]        0.1089              96.5800             0.1135              181            
4              [5120/60000]        0.1334              96.3800             0.1186              182            
4              [6144/60000]        0.1064              96.5700             0.1173              183            
4              [7168/60000]        0.1007              96.5700             0.1131              184            
4              [8192/60000]        0.1226              96.6200             0.1213              185            
4              [9216/60000]        0.1475              96.5400             0.1162              186            
4              [10240/60000]       0.1181              95.9800             0.1302              187            
4              [11264/60000]       0.1093              96.6000             0.1151              188            
4              [12288/60000]       0.1003              96.5500             0.1141              189            
4              [13312/60000]       0.1037              96.7400             0.1131              190            
4              [14336/60000]       0.1147              96.8700             0.1091              191            
4              [15360/60000]       0.0912              96.8100             0.1086              192            
4              [16384/60000]       0.1338              96.7900             0.1071              193            
4              [17408/60000]       0.0919              96.8000             0.1058              194            
4              [18432/60000]       0.0908              96.8100             0.1066              195            
4              [19456/60000]       0.1074              96.5000             0.1160              196            
4              [20480/60000]       0.0995              96.4900             0.1181              197            
4              [21504/60000]       0.1227              96.7000             0.1075              198            
4              [22528/60000]       0.1054              96.9500             0.1055              199            
4              [23552/60000]       0.1269              96.9500             0.1027              200            
4              [24576/60000]       0.1073              96.8000             0.1055              201            
4              [25600/60000]       0.0951              96.9400             0.1060              202            
4              [26624/60000]       0.1283              96.7200             0.1097              203            
4              [27648/60000]       0.1363              96.7500             0.1128              204            
4              [28672/60000]       0.0957              96.8700             0.1032              205            
4              [29696/60000]       0.1180              96.8800             0.1076              206            
4              [30720/60000]       0.1100              96.3400             0.1238              207            
4              [31744/60000]       0.1366              95.8500             0.1345              208            
4              [32768/60000]       0.1752              94.7300             0.1616              209            
4              [33792/60000]       0.1573              95.3800             0.1545              210            
4              [34816/60000]       0.1315              96.0400             0.1259              211            
4              [35840/60000]       0.1234              96.0200             0.1324              212            
4              [36864/60000]       0.1711              95.5600             0.1409              213            
4              [37888/60000]       0.1434              96.1400             0.1242              214            
4              [38912/60000]       0.1168              96.6300             0.1072              215            
4              [39936/60000]       0.0839              96.9500             0.1001              216            
4              [40960/60000]       0.1146              96.6600             0.1070              217            
4              [41984/60000]       0.0953              96.8100             0.1032              218            
4              [43008/60000]       0.0982              96.4800             0.1087              219            
4              [44032/60000]       0.0995              96.9500             0.1039              220            
4              [45056/60000]       0.0893              97.1000             0.0956              221            
4              [46080/60000]       0.0968              97.0100             0.0966              222            
4              [47104/60000]       0.0873              97.0700             0.0975              223            
4              [48128/60000]       0.0818              97.2200             0.0926              224            
4              [49152/60000]       0.1153              97.1000             0.1013              225            
4              [50176/60000]       0.0755              97.0300             0.0975              226            
4              [51200/60000]       0.0914              96.8900             0.1008              227            
4              [52224/60000]       0.0879              97.1300             0.0972              228            
4              [53248/60000]       0.0848              97.1500             0.0917              229            
4              [54272/60000]       0.0910              97.2000             0.0934              230            
4              [55296/60000]       0.1068              97.1700             0.0929              231            
4              [56320/60000]       0.0858              97.1000             0.0955              232            
4              [57344/60000]       0.1127              96.7000             0.1046              233            
4              [58368/60000]       0.1086              96.8400             0.1027              234            
4              [59392/60000]       0.1228              96.6000             0.1142              235            
4              [35872/60000]       0.1069              96.8300             0.1020              236            
5              [1024/60000]        0.1120              97.0600             0.0984              237            
5              [2048/60000]        0.1187              97.2300             0.0921              238            
5              [3072/60000]        0.0779              97.3100             0.0898              239            
5              [4096/60000]        0.0843              97.3700             0.0897              240            
5              [5120/60000]        0.0924              97.3100             0.0881              241            
5              [6144/60000]        0.0824              96.9900             0.1041              242            
5              [7168/60000]        0.0864              97.0700             0.0960              243            
5              [8192/60000]        0.1135              96.6700             0.1049              244            
5              [9216/60000]        0.0900              96.9000             0.0996              245            
5              [10240/60000]       0.0747              97.1800             0.0905              246            
5              [11264/60000]       0.1152              96.9600             0.1014              247            
5              [12288/60000]       0.1131              96.8400             0.0998              248            
5              [13312/60000]       0.0848              97.2300             0.0942              249            
5              [14336/60000]       0.1023              97.1500             0.0914              250            
5              [15360/60000]       0.0873              97.0400             0.0983              251            
5              [16384/60000]       0.0684              97.1500             0.0941              252            
5              [17408/60000]       0.0761              97.2600             0.0888              253            
5              [18432/60000]       0.0829              96.9900             0.0929              254            
5              [19456/60000]       0.0752              97.1200             0.0908              255            
5              [20480/60000]       0.0810              96.9400             0.0943              256            
5              [21504/60000]       0.1192              96.5300             0.1088              257            
5              [22528/60000]       0.0908              96.5800             0.1078              258            
5              [23552/60000]       0.1076              96.1900             0.1260              259            
5              [24576/60000]       0.0959              96.9800             0.0977              260            
5              [25600/60000]       0.0682              97.1000             0.0935              261            
5              [26624/60000]       0.0843              97.4500             0.0830              262            
5              [27648/60000]       0.0911              97.3900             0.0837              263            
5              [28672/60000]       0.0675              97.3800             0.0867              264            
5              [29696/60000]       0.0949              96.9700             0.1010              265            
5              [30720/60000]       0.1008              96.2800             0.1226              266            
5              [31744/60000]       0.1323              94.3000             0.1699              267            
5              [32768/60000]       0.1902              91.0300             0.2836              268            
5              [33792/60000]       0.2964              83.4100             0.5773              269            
5              [34816/60000]       0.6152              73.6500             1.0198              270            
5              [35840/60000]       1.1565              81.4000             1.0067              271            
5              [36864/60000]       0.9911              85.7000             0.4919              272            
5              [37888/60000]       0.4804              82.8500             1.1782              273            
5              [38912/60000]       1.1909              86.0900             0.4562              274            
5              [39936/60000]       0.4352              90.1000             0.3153              275            
5              [40960/60000]       0.3627              93.6300             0.2050              276            
5              [41984/60000]       0.1996              96.3000             0.1194              277            
5              [43008/60000]       0.1200              96.6300             0.1082              278            
5              [44032/60000]       0.0977              97.0200             0.0984              279            
5              [45056/60000]       0.0837              96.9800             0.0960              280            
5              [46080/60000]       0.1386              96.6900             0.0988              281            
5              [47104/60000]       0.0973              97.0400             0.0966              282            
5              [48128/60000]       0.1002              96.9300             0.0947              283            
5              [49152/60000]       0.1049              97.0300             0.0979              284            
5              [50176/60000]       0.0826              97.1700             0.0919              285            
5              [51200/60000]       0.0797              97.1900             0.0892              286            
5              [52224/60000]       0.0907              97.1300             0.0912              287            
5              [53248/60000]       0.0815              97.3300             0.0887              288            
5              [54272/60000]       0.0808              97.2300             0.0874              289            
5              [55296/60000]       0.0726              97.3700             0.0871              290            
5              [56320/60000]       0.0953              97.2600             0.0891              291            
5              [57344/60000]       0.0709              97.3100             0.0892              292            
5              [58368/60000]       0.0774              97.3200             0.0860              293            
5              [59392/60000]       0.0961              97.2900             0.0867              294            
5              [35872/60000]       0.0718              97.0100             0.0889              295            
6              [1024/60000]        0.0662              97.2800             0.0860              296            
6              [2048/60000]        0.0988              97.2500             0.0859              297            
6              [3072/60000]        0.0994              97.3900             0.0835              298            
6              [4096/60000]        0.0824              97.3500             0.0855              299            
6              [5120/60000]        0.0802              97.3600             0.0824              300            
6              [6144/60000]        0.0836              97.4700             0.0843              301            
6              [7168/60000]        0.0645              97.5300             0.0803              302            
6              [8192/60000]        0.0522              97.5100             0.0812              303            
6              [9216/60000]        0.0644              97.4900             0.0830              304            
6              [10240/60000]       0.0839              97.4900             0.0826              305            
6              [11264/60000]       0.0583              97.4900             0.0811              306            
6              [12288/60000]       0.0802              97.4200             0.0833              307            
6              [13312/60000]       0.0666              97.4600             0.0841              308            
6              [14336/60000]       0.0695              97.4200             0.0827              309            
6              [15360/60000]       0.0795              97.4000             0.0822              310            
6              [16384/60000]       0.0985              97.5300             0.0813              311            
6              [17408/60000]       0.0770              97.4300             0.0822              312            
6              [18432/60000]       0.0676              97.5200             0.0789              313            
6              [19456/60000]       0.0662              97.6200             0.0785              314            
6              [20480/60000]       0.0605              97.5000             0.0797              315            
6              [21504/60000]       0.0746              97.4400             0.0820              316            
6              [22528/60000]       0.0664              97.5400             0.0798              317            
6              [23552/60000]       0.0684              97.4200             0.0819              318            
6              [24576/60000]       0.0701              97.5000             0.0791              319            
6              [25600/60000]       0.0985              97.4400             0.0816              320            
6              [26624/60000]       0.0754              97.4500             0.0801              321            
6              [27648/60000]       0.0606              97.5900             0.0779              322            
6              [28672/60000]       0.0689              97.5300             0.0758              323            
6              [29696/60000]       0.0701              97.3600             0.0855              324            
6              [30720/60000]       0.0812              97.3500             0.0860              325            
6              [31744/60000]       0.0995              97.5100             0.0798              326            
6              [32768/60000]       0.0673              97.5600             0.0767              327            
6              [33792/60000]       0.0872              97.6000             0.0758              328            
6              [34816/60000]       0.0662              97.5400             0.0773              329            
6              [35840/60000]       0.0690              97.6800             0.0752              330            
6              [36864/60000]       0.1029              97.5500             0.0828              331            
6              [37888/60000]       0.0678              97.5900             0.0773              332            
6              [38912/60000]       0.0778              97.6500             0.0767              333            
6              [39936/60000]       0.0760              97.5300             0.0754              334            
6              [40960/60000]       0.0621              97.6600             0.0754              335            
6              [41984/60000]       0.0680              97.5700             0.0789              336            
6              [43008/60000]       0.1036              97.6900             0.0737              337            
6              [44032/60000]       0.0736              97.7800             0.0738              338            
6              [45056/60000]       0.0696              97.6500             0.0763              339            
6              [46080/60000]       0.0675              97.7300             0.0758              340            
6              [47104/60000]       0.0630              97.6300             0.0766              341            
6              [48128/60000]       0.0772              97.4100             0.0863              342            
6              [49152/60000]       0.0899              97.2300             0.0852              343            
6              [50176/60000]       0.1067              97.3600             0.0802              344            
6              [51200/60000]       0.0677              97.7200             0.0759              345            
6              [52224/60000]       0.0833              97.7900             0.0731              346            
6              [53248/60000]       0.0640              97.5300             0.0802              347            
6              [54272/60000]       0.0670              97.5100             0.0816              348            
6              [55296/60000]       0.0611              97.6000             0.0763              349            
6              [56320/60000]       0.0576              97.5300             0.0776              350            
6              [57344/60000]       0.0749              97.8400             0.0688              351            
6              [58368/60000]       0.0648              97.9100             0.0694              352            
6              [59392/60000]       0.0483              97.7800             0.0725              353            
6              [35872/60000]       0.0611              97.6300             0.0750              354            
7              [1024/60000]        0.0618              97.8600             0.0703              355            
7              [2048/60000]        0.0597              97.7600             0.0716              356            
7              [3072/60000]        0.0450              97.6300             0.0782              357            
7              [4096/60000]        0.0899              97.7900             0.0699              358            
7              [5120/60000]        0.0476              97.6800             0.0717              359            
7              [6144/60000]        0.0371              97.6600             0.0739              360            
7              [7168/60000]        0.0814              97.0700             0.0895              361            
7              [8192/60000]        0.0769              95.7100             0.1228              362            
7              [9216/60000]        0.1015              92.1100             0.2379              363            
7              [10240/60000]       0.2858              83.1100             1.0673              364            
7              [11264/60000]       1.0693              82.3500             1.5578              365            
7              [12288/60000]       1.4915              89.1800             0.3427              366            
7              [13312/60000]       0.3350              93.3400             0.2638              367            
7              [14336/60000]       0.2564              97.0300             0.0921              368            
7              [15360/60000]       0.1098              97.2500             0.0825              369            
7              [16384/60000]       0.0773              97.4200             0.0786              370            
7              [17408/60000]       0.0662              97.5100             0.0775              371            
7              [18432/60000]       0.0619              97.5500             0.0757              372            
7              [19456/60000]       0.0498              97.4700             0.0779              373            
7              [20480/60000]       0.0533              97.4800             0.0765              374            
7              [21504/60000]       0.0538              97.5500             0.0759              375            
7              [22528/60000]       0.0390              97.7200             0.0740              376            
7              [23552/60000]       0.0888              97.5600             0.0741              377            
7              [24576/60000]       0.0762              97.4800             0.0768              378            
7              [25600/60000]       0.0781              97.6100             0.0736              379            
7              [26624/60000]       0.0507              97.6700             0.0734              380            
7              [27648/60000]       0.0657              97.7900             0.0719              381            
7              [28672/60000]       0.0519              97.6600             0.0719              382            
7              [29696/60000]       0.0564              97.6700             0.0706              383            
7              [30720/60000]       0.0700              97.8100             0.0707              384            
7              [31744/60000]       0.0639              97.7700             0.0718              385            
7              [32768/60000]       0.0497              97.8000             0.0701              386            
7              [33792/60000]       0.0696              97.7600             0.0685              387            
7              [34816/60000]       0.0603              97.7800             0.0681              388            
7              [35840/60000]       0.0628              97.6500             0.0710              389            
7              [36864/60000]       0.0595              97.6500             0.0709              390            
7              [37888/60000]       0.0423              97.7500             0.0679              391            
7              [38912/60000]       0.0896              97.7200             0.0709              392            
7              [39936/60000]       0.0456              97.6100             0.0732              393            
7              [40960/60000]       0.0633              97.6000             0.0755              394            
7              [41984/60000]       0.0950              97.6100             0.0728              395            
7              [43008/60000]       0.0513              97.8700             0.0683              396            
7              [44032/60000]       0.0804              97.6700             0.0740              397            
7              [45056/60000]       0.1104              97.8100             0.0694              398            
7              [46080/60000]       0.0737              97.8800             0.0681              399            
7              [47104/60000]       0.0519              97.7000             0.0678              400            
7              [48128/60000]       0.0650              97.8500             0.0681              401            
7              [49152/60000]       0.0536              97.6600             0.0718              402            
7              [50176/60000]       0.0775              97.8500             0.0682              403            
7              [51200/60000]       0.0529              97.8900             0.0702              404            
7              [52224/60000]       0.0670              97.9300             0.0674              405            
7              [53248/60000]       0.0666              97.8400             0.0697              406            
7              [54272/60000]       0.0547              97.8400             0.0687              407            
7              [55296/60000]       0.0525              97.7600             0.0701              408            
7              [56320/60000]       0.0481              97.9000             0.0666              409            
7              [57344/60000]       0.0636              97.8300             0.0672              410            
7              [58368/60000]       0.0490              97.6900             0.0715              411            
7              [59392/60000]       0.0587              97.8000             0.0685              412            
7              [35872/60000]       0.0754              97.6600             0.0740              413            
8              [1024/60000]        0.0555              97.8300             0.0694              414            
8              [2048/60000]        0.0724              97.8200             0.0694              415            
8              [3072/60000]        0.0455              97.6900             0.0730              416            
8              [4096/60000]        0.0670              97.6500             0.0721              417            
8              [5120/60000]        0.0568              97.8400             0.0688              418            
8              [6144/60000]        0.0490              97.9200             0.0654              419            
8              [7168/60000]        0.0336              97.8600             0.0671              420            
8              [8192/60000]        0.0665              97.8200             0.0690              421            
8              [9216/60000]        0.0627              97.5000             0.0771              422            
8              [10240/60000]       0.0693              97.4400             0.0823              423            
8              [11264/60000]       0.0778              97.0200             0.0954              424            
8              [12288/60000]       0.0794              97.5300             0.0751              425            
8              [13312/60000]       0.0625              97.7900             0.0688              426            
8              [14336/60000]       0.0614              97.8800             0.0666              427            
8              [15360/60000]       0.0681              97.7900             0.0690              428            
8              [16384/60000]       0.0606              97.9000             0.0646              429            
8              [17408/60000]       0.0518              97.5800             0.0757              430            
8              [18432/60000]       0.0639              97.8300             0.0653              431            
8              [19456/60000]       0.0520              97.9300             0.0634              432            
8              [20480/60000]       0.0652              97.6100             0.0705              433            
8              [21504/60000]       0.0570              98.0000             0.0614              434            
8              [22528/60000]       0.0491              97.9800             0.0620              435            
8              [23552/60000]       0.0533              97.8300             0.0686              436            
8              [24576/60000]       0.0524              98.0000             0.0630              437            
8              [25600/60000]       0.0421              97.8600             0.0644              438            
8              [26624/60000]       0.0766              97.6000             0.0759              439            
8              [27648/60000]       0.0600              97.8700             0.0683              440            
8              [28672/60000]       0.0528              97.7000             0.0722              441            
8              [29696/60000]       0.0747              97.5100             0.0789              442            
8              [30720/60000]       0.0422              97.9100             0.0672              443            
8              [31744/60000]       0.0490              97.7800             0.0726              444            
8              [32768/60000]       0.0583              97.6500             0.0736              445            
8              [33792/60000]       0.0456              97.7800             0.0699              446            
8              [34816/60000]       0.0546              97.8900             0.0656              447            
8              [35840/60000]       0.0632              97.9200             0.0658              448            
8              [36864/60000]       0.0579              97.9100             0.0659              449            
8              [37888/60000]       0.0486              98.0900             0.0610              450            
8              [38912/60000]       0.0522              97.8800             0.0662              451            
8              [39936/60000]       0.0655              97.8200             0.0726              452            
8              [40960/60000]       0.0616              98.1000             0.0647              453            
8              [41984/60000]       0.0621              97.8100             0.0718              454            
8              [43008/60000]       0.0439              97.9900             0.0650              455            
8              [44032/60000]       0.0349              97.9900             0.0625              456            
8              [45056/60000]       0.0498              98.0800             0.0620              457            
8              [46080/60000]       0.0430              97.8900             0.0632              458            
8              [47104/60000]       0.0379              98.0300             0.0636              459            
8              [48128/60000]       0.0309              98.0200             0.0631              460            
8              [49152/60000]       0.0649              97.9200             0.0648              461            
8              [50176/60000]       0.0510              97.9700             0.0655              462            
8              [51200/60000]       0.0548              97.7800             0.0679              463            
8              [52224/60000]       0.0621              97.7000             0.0751              464            
8              [53248/60000]       0.0668              97.6400             0.0701              465            
8              [54272/60000]       0.0451              97.8200             0.0650              466            
8              [55296/60000]       0.0458              98.0900             0.0597              467            
8              [56320/60000]       0.0437              98.0000             0.0611              468            
8              [57344/60000]       0.0757              97.7400             0.0689              469            
8              [58368/60000]       0.0394              97.7500             0.0698              470            
8              [59392/60000]       0.0399              98.0700             0.0606              471            
8              [35872/60000]       0.0565              98.0100             0.0615              472            
9              [1024/60000]        0.0430              98.0000             0.0613              473            
9              [2048/60000]        0.0280              98.0900             0.0626              474            
9              [3072/60000]        0.0454              97.8400             0.0657              475            
9              [4096/60000]        0.0397              97.9700             0.0628              476            
9              [5120/60000]        0.0506              97.9400             0.0633              477            
9              [6144/60000]        0.0458              98.0400             0.0611              478            
9              [7168/60000]        0.0378              97.9200             0.0623              479            
9              [8192/60000]        0.0537              97.7200             0.0685              480            
9              [9216/60000]        0.0537              97.6500             0.0763              481            
9              [10240/60000]       0.0452              98.0600             0.0608              482            
9              [11264/60000]       0.0411              98.0800             0.0598              483            
9              [12288/60000]       0.0249              98.1200             0.0584              484            
9              [13312/60000]       0.0425              97.7600             0.0667              485            
9              [14336/60000]       0.0534              97.7600             0.0685              486            
9              [15360/60000]       0.0640              97.9600             0.0667              487            
9              [16384/60000]       0.0563              97.9800             0.0638              488            
9              [17408/60000]       0.0373              98.0000             0.0632              489            
9              [18432/60000]       0.0324              97.8800             0.0657              490            
9              [19456/60000]       0.0745              97.5300             0.0748              491            
9              [20480/60000]       0.0501              97.9300             0.0643              492            
9              [21504/60000]       0.0296              98.0100             0.0619              493            
9              [22528/60000]       0.0538              97.9100             0.0668              494            
9              [23552/60000]       0.0621              98.0200             0.0599              495            
9              [24576/60000]       0.0516              98.0100             0.0633              496            
9              [25600/60000]       0.0437              97.8900             0.0632              497            
9              [26624/60000]       0.0414              98.0300             0.0628              498            
9              [27648/60000]       0.0420              98.1400             0.0585              499            
