Current_Epoch  Batch/Total         CE_Train            Accuracy(%)         CE_TEST             Batch_Number   
0              [0/60000]           --                  9.020               2.3172              0
1              [1024/60000]        2.3173              45.5800             2.0454              1              
1              [2048/60000]        2.0501              33.6000             7.3262              2              
1              [3072/60000]        6.8801              24.9000             8.8730              3              
1              [4096/60000]        8.6214              30.9500             10.3773             4              
1              [5120/60000]        10.1744             33.1200             8.8881              5              
1              [6144/60000]        8.9876              34.3600             4.6156              6              
1              [7168/60000]        4.3930              43.0500             2.8118              7              
1              [8192/60000]        2.8375              46.3000             2.9174              8              
1              [9216/60000]        2.8988              59.0000             2.4490              9              
1              [10240/60000]       2.1278              61.5300             2.1087              10             
1              [11264/60000]       1.9817              63.6400             1.6453              11             
1              [12288/60000]       1.6640              65.0100             1.1348              12             
1              [13312/60000]       1.1935              69.9000             1.1077              13             
1              [14336/60000]       1.0852              70.7800             0.7696              14             
1              [15360/60000]       0.6938              74.1400             0.7898              15             
1              [16384/60000]       0.7528              70.3000             0.8829              16             
1              [17408/60000]       0.8827              73.4300             0.9545              17             
1              [18432/60000]       0.8012              72.5200             0.7756              18             
1              [19456/60000]       0.8527              70.1900             1.0644              19             
1              [20480/60000]       1.0420              68.3300             1.0228              20             
1              [21504/60000]       0.9540              71.5000             0.9569              21             
1              [22528/60000]       0.9506              72.0600             0.7386              22             
1              [23552/60000]       0.7194              75.6900             0.7569              23             
1              [24576/60000]       0.7410              72.3100             0.8285              24             
1              [25600/60000]       0.7973              74.1500             0.8132              25             
1              [26624/60000]       0.8593              70.8600             0.9567              26             
1              [27648/60000]       0.9742              73.9400             0.9083              27             
1              [28672/60000]       0.8236              74.2300             0.7469              28             
1              [29696/60000]       0.7989              72.4900             0.8625              29             
1              [30720/60000]       0.8356              72.2100             0.8725              30             
1              [31744/60000]       0.8151              76.8600             0.7166              31             
1              [32768/60000]       0.7107              75.4500             0.6962              32             
1              [33792/60000]       0.7231              74.1100             0.8267              33             
1              [34816/60000]       0.8991              71.5300             0.9265              34             
1              [35840/60000]       0.9061              76.9100             0.7443              35             
1              [36864/60000]       0.7945              71.4300             0.7974              36             
1              [37888/60000]       0.7464              74.6200             0.9052              37             
1              [38912/60000]       0.9076              74.5300             0.7629              38             
1              [39936/60000]       0.7189              72.2000             0.7367              39             
1              [40960/60000]       0.7170              69.2900             0.9071              40             
1              [41984/60000]       0.9092              72.9200             0.8604              41             
1              [43008/60000]       0.7858              76.4000             0.6592              42             
1              [44032/60000]       0.5849              79.0500             0.5997              43             
1              [45056/60000]       0.5606              75.4300             0.6486              44             
1              [46080/60000]       0.5934              78.3000             0.7339              45             
1              [47104/60000]       0.7277              80.3000             0.5582              46             
1              [48128/60000]       0.4710              81.0500             0.5412              47             
1              [49152/60000]       0.5156              78.5600             0.5954              48             
1              [50176/60000]       0.5694              78.5000             0.6408              49             
1              [51200/60000]       0.6676              76.3700             0.6678              50             
1              [52224/60000]       0.6350              79.0100             0.6395              51             
1              [53248/60000]       0.5642              78.2900             0.6066              52             
1              [54272/60000]       0.5924              77.9500             0.6635              53             
1              [55296/60000]       0.6997              74.6100             0.7310              54             
1              [56320/60000]       0.6711              79.2900             0.6556              55             
1              [57344/60000]       0.6808              71.9500             0.7371              56             
1              [58368/60000]       0.6831              76.5600             0.8909              57             
1              [59392/60000]       0.8769              79.7500             0.5865              58             
1              [35872/60000]       0.6291              77.9700             0.6601              59             
2              [1024/60000]        0.6498              74.3900             0.7028              60             
2              [2048/60000]        0.6623              78.2200             0.7160              61             
2              [3072/60000]        0.7172              78.3800             0.5825              62             
2              [4096/60000]        0.5698              78.2600             0.6441              63             
2              [5120/60000]        0.6202              78.2200             0.5784              64             
2              [6144/60000]        0.5429              80.6800             0.5526              65             
2              [7168/60000]        0.5516              77.2800             0.5987              66             
2              [8192/60000]        0.5659              78.8700             0.5936              67             
2              [9216/60000]        0.5711              76.5700             0.6314              68             
2              [10240/60000]       0.6009              79.1000             0.5924              69             
2              [11264/60000]       0.6008              78.3400             0.5993              70             
2              [12288/60000]       0.5852              80.0200             0.5643              71             
2              [13312/60000]       0.5101              80.8000             0.5326              72             
2              [14336/60000]       0.5575              80.5700             0.5539              73             
2              [15360/60000]       0.5244              78.2300             0.5749              74             
2              [16384/60000]       0.5422              79.8400             0.6013              75             
2              [17408/60000]       0.5837              78.1600             0.5739              76             
2              [18432/60000]       0.5772              79.0900             0.6057              77             
2              [19456/60000]       0.6041              79.3800             0.5426              78             
2              [20480/60000]       0.5655              81.5500             0.5432              79             
2              [21504/60000]       0.4916              82.3700             0.4816              80             
2              [22528/60000]       0.4981              83.1900             0.4830              81             
2              [23552/60000]       0.4657              81.1000             0.5038              82             
2              [24576/60000]       0.4445              81.3100             0.5486              83             
2              [25600/60000]       0.5117              81.7200             0.4978              84             
2              [26624/60000]       0.4371              81.4700             0.5432              85             
2              [27648/60000]       0.5459              79.9800             0.5396              86             
2              [28672/60000]       0.4892              81.0500             0.5278              87             
2              [29696/60000]       0.5316              78.7700             0.5722              88             
2              [30720/60000]       0.6087              77.0100             0.6386              89             
2              [31744/60000]       0.5831              79.4700             0.5936              90             
2              [32768/60000]       0.6050              79.9200             0.5429              91             
2              [33792/60000]       0.5088              80.9100             0.5402              92             
2              [34816/60000]       0.5001              81.3600             0.5237              93             
2              [35840/60000]       0.5182              82.1900             0.5218              94             
2              [36864/60000]       0.4724              82.3000             0.4957              95             
2              [37888/60000]       0.4691              82.9800             0.4867              96             
2              [38912/60000]       0.4665              81.5100             0.5151              97             
2              [39936/60000]       0.4791              80.9100             0.5272              98             
2              [40960/60000]       0.5033              82.1800             0.5150              99             
2              [41984/60000]       0.4943              82.5600             0.4734              100            
2              [43008/60000]       0.4823              83.2500             0.4670              101            
2              [44032/60000]       0.4136              82.8100             0.4737              102            
2              [45056/60000]       0.4360              84.0300             0.4610              103            
2              [46080/60000]       0.4241              84.3100             0.4468              104            
2              [47104/60000]       0.4473              84.3300             0.4442              105            
2              [48128/60000]       0.4066              84.3800             0.4452              106            
2              [49152/60000]       0.4153              84.1800             0.4480              107            
2              [50176/60000]       0.4073              83.6100             0.4532              108            
2              [51200/60000]       0.4468              84.2300             0.4539              109            
2              [52224/60000]       0.4253              83.3100             0.4479              110            
2              [53248/60000]       0.3957              83.6000             0.4597              111            
2              [54272/60000]       0.4449              81.4500             0.4910              112            
2              [55296/60000]       0.4418              81.6800             0.5106              113            
2              [56320/60000]       0.4859              79.3000             0.5522              114            
2              [57344/60000]       0.5249              80.4200             0.5605              115            
2              [58368/60000]       0.5889              78.7700             0.5768              116            
2              [59392/60000]       0.5567              82.5100             0.4865              117            
2              [35872/60000]       0.5133              79.6400             0.5270              118            
3              [1024/60000]        0.5177              80.8500             0.5589              119            
3              [2048/60000]        0.5186              82.1900             0.4972              120            
3              [3072/60000]        0.4392              83.2900             0.4769              121            
3              [4096/60000]        0.4350              84.7500             0.4341              122            
3              [5120/60000]        0.4169              85.1800             0.4303              123            
3              [6144/60000]        0.4322              84.6600             0.4323              124            
3              [7168/60000]        0.4004              83.8400             0.4567              125            
3              [8192/60000]        0.4904              82.6600             0.4747              126            
3              [9216/60000]        0.4488              82.2300             0.4909              127            
3              [10240/60000]       0.4510              82.5400             0.4866              128            
3              [11264/60000]       0.4573              81.5700             0.4995              129            
3              [12288/60000]       0.4915              81.1200             0.5162              130            
3              [13312/60000]       0.4914              82.5700             0.4871              131            
3              [14336/60000]       0.4580              81.6400             0.4929              132            
3              [15360/60000]       0.4531              82.9100             0.4700              133            
3              [16384/60000]       0.4128              84.4500             0.4300              134            
3              [17408/60000]       0.3926              84.6400             0.4261              135            
3              [18432/60000]       0.3806              84.9700             0.4289              136            
3              [19456/60000]       0.4115              83.3300             0.4556              137            
3              [20480/60000]       0.4284              84.7600             0.4314              138            
3              [21504/60000]       0.4487              83.6900             0.4563              139            
3              [22528/60000]       0.4150              83.3500             0.4643              140            
3              [23552/60000]       0.4686              83.9800             0.4505              141            
3              [24576/60000]       0.4745              84.3100             0.4457              142            
3              [25600/60000]       0.3865              84.6700             0.4242              143            
3              [26624/60000]       0.3935              84.4000             0.4324              144            
3              [27648/60000]       0.3545              85.2000             0.4166              145            
3              [28672/60000]       0.3595              84.9300             0.4212              146            
3              [29696/60000]       0.3953              84.8500             0.4277              147            
3              [30720/60000]       0.4025              83.0100             0.4541              148            
3              [31744/60000]       0.4595              80.7600             0.5199              149            
3              [32768/60000]       0.4553              81.0700             0.4976              150            
3              [33792/60000]       0.4837              83.6000             0.4592              151            
3              [34816/60000]       0.4225              83.3800             0.4496              152            
3              [35840/60000]       0.3949              84.3300             0.4458              153            
3              [36864/60000]       0.3998              83.1300             0.4389              154            
3              [37888/60000]       0.3808              82.7400             0.4993              155            
3              [38912/60000]       0.4870              81.0800             0.5055              156            
3              [39936/60000]       0.4730              82.8800             0.4866              157            
3              [40960/60000]       0.4485              83.5500             0.4398              158            
3              [41984/60000]       0.3843              84.9700             0.4266              159            
3              [43008/60000]       0.3946              84.7600             0.4170              160            
3              [44032/60000]       0.3836              84.8100             0.4236              161            
3              [45056/60000]       0.4435              82.8000             0.4589              162            
3              [46080/60000]       0.3971              83.7300             0.4493              163            
3              [47104/60000]       0.4530              81.5300             0.4808              164            
3              [48128/60000]       0.4416              83.6000             0.4564              165            
3              [49152/60000]       0.4652              83.7600             0.4395              166            
3              [50176/60000]       0.3764              84.7000             0.4327              167            
3              [51200/60000]       0.4630              82.4300             0.4633              168            
3              [52224/60000]       0.3944              84.5800             0.4354              169            
3              [53248/60000]       0.4273              83.9500             0.4397              170            
3              [54272/60000]       0.4291              83.9300             0.4493              171            
3              [55296/60000]       0.4603              84.7400             0.4303              172            
3              [56320/60000]       0.4000              84.1500             0.4408              173            
3              [57344/60000]       0.4151              84.0600             0.4378              174            
3              [58368/60000]       0.4240              85.2400             0.4139              175            
3              [59392/60000]       0.3978              85.5900             0.4046              176            
3              [35872/60000]       0.4018              84.6700             0.4302              177            
4              [1024/60000]        0.4441              85.4200             0.4119              178            
4              [2048/60000]        0.3851              84.3000             0.4359              179            
4              [3072/60000]        0.4039              83.4800             0.4709              180            
4              [4096/60000]        0.4735              80.5100             0.5564              181            
4              [5120/60000]        0.5360              81.6400             0.5198              182            
4              [6144/60000]        0.4842              83.4300             0.4516              183            
4              [7168/60000]        0.4274              84.6400             0.4284              184            
4              [8192/60000]        0.3663              85.8500             0.3988              185            
4              [9216/60000]        0.4027              85.7200             0.4010              186            
4              [10240/60000]       0.3332              85.5600             0.4061              187            
4              [11264/60000]       0.3844              84.5800             0.4211              188            
4              [12288/60000]       0.3628              85.0500             0.4192              189            
4              [13312/60000]       0.4250              82.8000             0.4506              190            
4              [14336/60000]       0.4046              85.2200             0.4170              191            
4              [15360/60000]       0.3897              85.5400             0.4049              192            
4              [16384/60000]       0.3883              86.1300             0.3949              193            
4              [17408/60000]       0.3605              86.0500             0.3911              194            
4              [18432/60000]       0.3808              85.8900             0.3955              195            
4              [19456/60000]       0.3872              85.7100             0.4013              196            
4              [20480/60000]       0.3834              85.4500             0.4117              197            
4              [21504/60000]       0.3612              85.4200             0.4078              198            
4              [22528/60000]       0.3869              85.3800             0.4150              199            
4              [23552/60000]       0.4025              83.6700             0.4349              200            
4              [24576/60000]       0.3591              85.6900             0.4075              201            
4              [25600/60000]       0.3988              85.7200             0.4061              202            
4              [26624/60000]       0.3707              83.6400             0.4431              203            
4              [27648/60000]       0.3736              84.6800             0.4201              204            
4              [28672/60000]       0.3678              85.3000             0.4087              205            
4              [29696/60000]       0.3816              84.3700             0.4328              206            
4              [30720/60000]       0.3853              85.2700             0.4114              207            
4              [31744/60000]       0.3508              84.9300             0.4224              208            
4              [32768/60000]       0.3823              84.8800             0.4333              209            
4              [33792/60000]       0.3866              85.7700             0.4000              210            
4              [34816/60000]       0.3257              86.3100             0.3887              211            
4              [35840/60000]       0.3852              85.8800             0.3908              212            
4              [36864/60000]       0.3808              85.6600             0.4030              213            
4              [37888/60000]       0.3601              85.6500             0.4023              214            
4              [38912/60000]       0.4161              84.4300             0.4483              215            
4              [39936/60000]       0.4084              84.0200             0.4175              216            
4              [40960/60000]       0.3793              84.7100             0.4247              217            
4              [41984/60000]       0.3897              83.3700             0.4401              218            
4              [43008/60000]       0.4456              85.8900             0.3928              219            
4              [44032/60000]       0.3332              86.3900             0.3872              220            
4              [45056/60000]       0.2978              86.1400             0.3889              221            
4              [46080/60000]       0.3758              86.0100             0.3870              222            
4              [47104/60000]       0.3475              84.3000             0.4198              223            
4              [48128/60000]       0.3668              84.0700             0.4477              224            
4              [49152/60000]       0.4026              84.1800             0.4298              225            
4              [50176/60000]       0.4014              84.6900             0.4247              226            
4              [51200/60000]       0.3408              85.1100             0.4125              227            
4              [52224/60000]       0.4032              85.6000             0.4084              228            
4              [53248/60000]       0.3593              85.1500             0.4096              229            
4              [54272/60000]       0.3700              85.6300             0.4103              230            
4              [55296/60000]       0.3525              84.3300             0.4135              231            
4              [56320/60000]       0.3826              84.5300             0.4339              232            
4              [57344/60000]       0.3607              85.7100             0.3937              233            
4              [58368/60000]       0.3307              86.3900             0.3885              234            
4              [59392/60000]       0.3538              84.9700             0.3995              235            
4              [35872/60000]       0.3499              85.7700             0.4020              236            
5              [1024/60000]        0.3884              83.9400             0.4187              237            
5              [2048/60000]        0.3468              84.5200             0.4350              238            
5              [3072/60000]        0.3985              85.9400             0.3828              239            
5              [4096/60000]        0.3039              86.6000             0.3800              240            
5              [5120/60000]        0.3621              85.6900             0.3871              241            
5              [6144/60000]        0.3237              85.9700             0.3913              242            
5              [7168/60000]        0.3507              85.5700             0.3959              243            
5              [8192/60000]        0.3389              85.2700             0.4075              244            
5              [9216/60000]        0.3773              85.0400             0.4076              245            
5              [10240/60000]       0.3777              85.4500             0.4027              246            
5              [11264/60000]       0.3463              85.4200             0.4170              247            
5              [12288/60000]       0.3606              85.2100             0.4169              248            
5              [13312/60000]       0.4259              85.2900             0.4141              249            
5              [14336/60000]       0.3978              85.5800             0.4091              250            
5              [15360/60000]       0.3552              85.4800             0.3943              251            
5              [16384/60000]       0.3598              85.8900             0.3976              252            
5              [17408/60000]       0.3526              85.7400             0.3968              253            
5              [18432/60000]       0.4041              85.9400             0.3917              254            
5              [19456/60000]       0.3643              85.5200             0.3976              255            
5              [20480/60000]       0.3679              85.6800             0.3983              256            
5              [21504/60000]       0.3485              85.3000             0.3952              257            
5              [22528/60000]       0.3568              86.6000             0.3771              258            
5              [23552/60000]       0.3126              86.1300             0.3867              259            
5              [24576/60000]       0.3472              85.7000             0.4039              260            
5              [25600/60000]       0.4039              84.6900             0.4049              261            
5              [26624/60000]       0.3748              85.0700             0.4098              262            
5              [27648/60000]       0.3821              83.5600             0.4295              263            
5              [28672/60000]       0.3811              84.6700             0.4245              264            
5              [29696/60000]       0.3367              85.6500             0.3885              265            
5              [30720/60000]       0.3404              86.3700             0.3843              266            
5              [31744/60000]       0.3757              85.2400             0.3977              267            
5              [32768/60000]       0.4019              82.6200             0.4548              268            
5              [33792/60000]       0.4341              82.7900             0.4849              269            
5              [34816/60000]       0.4232              83.5700             0.4387              270            
5              [35840/60000]       0.4148              83.9500             0.4422              271            
5              [36864/60000]       0.4094              84.5100             0.4215              272            
5              [37888/60000]       0.3893              85.5300             0.4065              273            
5              [38912/60000]       0.3951              85.6300             0.4013              274            
5              [39936/60000]       0.4186              85.4700             0.4135              275            
5              [40960/60000]       0.3692              84.8300             0.4223              276            
5              [41984/60000]       0.3716              86.6100             0.3763              277            
5              [43008/60000]       0.3631              86.7800             0.3778              278            
5              [44032/60000]       0.3855              85.5800             0.3900              279            
5              [45056/60000]       0.3384              85.8700             0.3931              280            
5              [46080/60000]       0.3638              85.2600             0.3978              281            
5              [47104/60000]       0.3414              86.2500             0.3865              282            
5              [48128/60000]       0.3310              85.2900             0.3980              283            
5              [49152/60000]       0.3663              85.0800             0.4307              284            
5              [50176/60000]       0.3635              84.4800             0.4356              285            
5              [51200/60000]       0.3612              84.7200             0.4335              286            
5              [52224/60000]       0.3621              85.3400             0.4066              287            
5              [53248/60000]       0.3823              86.1500             0.3918              288            
5              [54272/60000]       0.3595              86.1700             0.3786              289            
5              [55296/60000]       0.3483              86.8900             0.3670              290            
5              [56320/60000]       0.3310              87.0600             0.3669              291            
5              [57344/60000]       0.3444              86.2000             0.3860              292            
5              [58368/60000]       0.3206              85.8400             0.3991              293            
5              [59392/60000]       0.3199              86.5100             0.3809              294            
5              [35872/60000]       0.2842              86.7500             0.3765              295            
6              [1024/60000]        0.3599              85.8000             0.3811              296            
6              [2048/60000]        0.3004              86.3000             0.3919              297            
6              [3072/60000]        0.3449              86.6700             0.3665              298            
6              [4096/60000]        0.3459              86.5600             0.3798              299            
6              [5120/60000]        0.3338              86.3600             0.3733              300            
6              [6144/60000]        0.3516              85.9600             0.3884              301            
6              [7168/60000]        0.2907              87.0000             0.3658              302            
6              [8192/60000]        0.2892              87.1600             0.3594              303            
6              [9216/60000]        0.3180              86.9200             0.3721              304            
6              [10240/60000]       0.3195              85.6400             0.3909              305            
6              [11264/60000]       0.3398              86.3700             0.3845              306            
6              [12288/60000]       0.3471              85.9800             0.3842              307            
6              [13312/60000]       0.3389              84.6700             0.4087              308            
6              [14336/60000]       0.3351              85.5400             0.4011              309            
6              [15360/60000]       0.3553              85.2000             0.4060              310            
6              [16384/60000]       0.3960              83.9800             0.4463              311            
6              [17408/60000]       0.4183              84.7600             0.4162              312            
6              [18432/60000]       0.3586              85.2000             0.4125              313            
6              [19456/60000]       0.4056              82.3800             0.4849              314            
6              [20480/60000]       0.4137              81.5800             0.5875              315            
6              [21504/60000]       0.5742              76.0300             0.7469              316            
6              [22528/60000]       0.7004              76.4200             0.8774              317            
6              [23552/60000]       0.7278              84.3600             0.4430              318            
6              [24576/60000]       0.4250              85.7800             0.4050              319            
6              [25600/60000]       0.3426              86.0600             0.3990              320            
6              [26624/60000]       0.3627              86.2400             0.3780              321            
6              [27648/60000]       0.2991              86.5800             0.3849              322            
6              [28672/60000]       0.3315              84.9100             0.4012              323            
6              [29696/60000]       0.3882              85.9900             0.4053              324            
6              [30720/60000]       0.3562              86.1200             0.3739              325            
6              [31744/60000]       0.3404              86.5400             0.3796              326            
6              [32768/60000]       0.3537              86.2500             0.3734              327            
6              [33792/60000]       0.3256              87.0000             0.3659              328            
6              [34816/60000]       0.3295              85.8800             0.3809              329            
6              [35840/60000]       0.3214              87.0100             0.3698              330            
6              [36864/60000]       0.2909              86.3100             0.3727              331            
6              [37888/60000]       0.3425              86.4600             0.3866              332            
6              [38912/60000]       0.3488              84.6800             0.4151              333            
6              [39936/60000]       0.4349              85.9200             0.4021              334            
6              [40960/60000]       0.3620              85.6500             0.3996              335            
6              [41984/60000]       0.3336              85.6000             0.4042              336            
6              [43008/60000]       0.3781              85.4200             0.3944              337            
6              [44032/60000]       0.3920              85.6000             0.4092              338            
6              [45056/60000]       0.3141              87.0800             0.3596              339            
6              [46080/60000]       0.3893              87.0600             0.3634              340            
6              [47104/60000]       0.2777              86.5600             0.3746              341            
6              [48128/60000]       0.3430              87.0000             0.3733              342            
6              [49152/60000]       0.3236              86.2800             0.3803              343            
6              [50176/60000]       0.3211              86.4400             0.3838              344            
6              [51200/60000]       0.3433              87.5400             0.3564              345            
6              [52224/60000]       0.3636              87.3400             0.3601              346            
6              [53248/60000]       0.3055              86.8000             0.3726              347            
6              [54272/60000]       0.3510              85.9100             0.3941              348            
6              [55296/60000]       0.3548              87.0700             0.3680              349            
6              [56320/60000]       0.3601              86.7900             0.3656              350            
6              [57344/60000]       0.3214              86.3800             0.3784              351            
6              [58368/60000]       0.3088              86.3400             0.3771              352            
6              [59392/60000]       0.3546              85.8500             0.3822              353            
6              [35872/60000]       0.3532              85.0200             0.4228              354            
7              [1024/60000]        0.4117              85.3100             0.3848              355            
7              [2048/60000]        0.3137              86.1800             0.3962              356            
7              [3072/60000]        0.3604              87.3300             0.3573              357            
7              [4096/60000]        0.3299              87.2100             0.3575              358            
7              [5120/60000]        0.2928              86.9500             0.3699              359            
7              [6144/60000]        0.3232              86.9500             0.3641              360            
7              [7168/60000]        0.3237              86.1700             0.3906              361            
7              [8192/60000]        0.3325              84.5700             0.4101              362            
7              [9216/60000]        0.3704              86.6000             0.3828              363            
7              [10240/60000]       0.3567              85.2100             0.3898              364            
7              [11264/60000]       0.3620              86.6500             0.3686              365            
7              [12288/60000]       0.3173              86.4900             0.3609              366            
7              [13312/60000]       0.3112              87.2700             0.3531              367            
7              [14336/60000]       0.3230              86.9900             0.3531              368            
7              [15360/60000]       0.2878              87.1200             0.3649              369            
7              [16384/60000]       0.3302              86.2600             0.3722              370            
7              [17408/60000]       0.3689              86.2100             0.3960              371            
7              [18432/60000]       0.3617              87.2600             0.3686              372            
7              [19456/60000]       0.3369              87.3500             0.3562              373            
7              [20480/60000]       0.3301              86.7900             0.3597              374            
7              [21504/60000]       0.2963              87.2600             0.3550              375            
7              [22528/60000]       0.2895              87.4600             0.3459              376            
7              [23552/60000]       0.2837              87.5400             0.3528              377            
7              [24576/60000]       0.2972              87.2000             0.3564              378            
7              [25600/60000]       0.3163              87.4300             0.3503              379            
7              [26624/60000]       0.2714              87.4100             0.3507              380            
7              [27648/60000]       0.2727              87.7300             0.3487              381            
7              [28672/60000]       0.3056              87.4200             0.3477              382            
7              [29696/60000]       0.3104              87.7000             0.3477              383            
7              [30720/60000]       0.3427              87.1800             0.3613              384            
7              [31744/60000]       0.2895              86.8600             0.3814              385            
7              [32768/60000]       0.3247              86.3100             0.3678              386            
7              [33792/60000]       0.3307              84.9900             0.4199              387            
7              [34816/60000]       0.4007              81.1800             0.5363              388            
7              [35840/60000]       0.5070              81.0100             0.5470              389            
7              [36864/60000]       0.4781              83.7100             0.4470              390            
7              [37888/60000]       0.4022              86.2800             0.3829              391            
7              [38912/60000]       0.3446              86.9100             0.3631              392            
7              [39936/60000]       0.3515              87.4600             0.3539              393            
7              [40960/60000]       0.3131              87.5800             0.3479              394            
7              [41984/60000]       0.2811              87.1300             0.3655              395            
7              [43008/60000]       0.2854              87.7400             0.3524              396            
7              [44032/60000]       0.3072              86.6600             0.3723              397            
7              [45056/60000]       0.2988              87.3200             0.3620              398            
7              [46080/60000]       0.3151              86.2500             0.3774              399            
7              [47104/60000]       0.3556              85.7300             0.4338              400            
7              [48128/60000]       0.3532              86.9800             0.3579              401            
7              [49152/60000]       0.3024              87.1300             0.3676              402            
7              [50176/60000]       0.3557              84.2800             0.4045              403            
7              [51200/60000]       0.3296              85.7100             0.4049              404            
7              [52224/60000]       0.3293              86.8500             0.3593              405            
7              [53248/60000]       0.3505              87.1500             0.3664              406            
7              [54272/60000]       0.3581              85.5900             0.3804              407            
7              [55296/60000]       0.2944              87.3700             0.3629              408            
7              [56320/60000]       0.3134              86.4600             0.3665              409            
7              [57344/60000]       0.3397              87.2000             0.3625              410            
7              [58368/60000]       0.3046              87.1800             0.3616              411            
7              [59392/60000]       0.3345              87.5400             0.3550              412            
7              [35872/60000]       0.3142              87.7100             0.3405              413            
8              [1024/60000]        0.2573              87.7000             0.3431              414            
8              [2048/60000]        0.2393              87.5100             0.3444              415            
8              [3072/60000]        0.2921              86.7300             0.3759              416            
8              [4096/60000]        0.3116              86.9500             0.3718              417            
8              [5120/60000]        0.3720              85.6300             0.4015              418            
8              [6144/60000]        0.3603              84.4300             0.4309              419            
8              [7168/60000]        0.3635              85.4300             0.4045              420            
8              [8192/60000]        0.3448              87.1800             0.3632              421            
8              [9216/60000]        0.3091              86.4700             0.3789              422            
8              [10240/60000]       0.3191              86.4800             0.3708              423            
8              [11264/60000]       0.2979              87.3300             0.3546              424            
8              [12288/60000]       0.2891              86.7000             0.3639              425            
8              [13312/60000]       0.3216              87.3100             0.3615              426            
8              [14336/60000]       0.2954              87.2200             0.3499              427            
8              [15360/60000]       0.3018              87.6900             0.3483              428            
8              [16384/60000]       0.3145              87.5700             0.3426              429            
8              [17408/60000]       0.2761              87.7400             0.3412              430            
8              [18432/60000]       0.2819              87.7500             0.3421              431            
8              [19456/60000]       0.3148              86.3300             0.3690              432            
8              [20480/60000]       0.3426              86.0100             0.3931              433            
8              [21504/60000]       0.3099              85.1500             0.4038              434            
8              [22528/60000]       0.3419              85.4200             0.4187              435            
8              [23552/60000]       0.3640              85.7700             0.3824              436            
8              [24576/60000]       0.3359              86.2800             0.3806              437            
8              [25600/60000]       0.3086              86.5000             0.3654              438            
8              [26624/60000]       0.2986              86.9300             0.3612              439            
8              [27648/60000]       0.2967              87.5300             0.3451              440            
8              [28672/60000]       0.3026              87.5000             0.3488              441            
8              [29696/60000]       0.3194              87.6000             0.3403              442            
8              [30720/60000]       0.2998              87.7900             0.3432              443            
8              [31744/60000]       0.3034              87.0200             0.3552              444            
8              [32768/60000]       0.2986              87.2100             0.3594              445            
8              [33792/60000]       0.3029              87.0600             0.3547              446            
8              [34816/60000]       0.3149              87.4100             0.3504              447            
8              [35840/60000]       0.2877              87.5300             0.3557              448            
8              [36864/60000]       0.2843              87.6500             0.3447              449            
8              [37888/60000]       0.2778              87.3900             0.3570              450            
8              [38912/60000]       0.3200              86.6500             0.3581              451            
8              [39936/60000]       0.3024              86.8000             0.3765              452            
8              [40960/60000]       0.3092              87.0000             0.3520              453            
8              [41984/60000]       0.3261              87.0900             0.3688              454            
8              [43008/60000]       0.2866              87.2800             0.3506              455            
8              [44032/60000]       0.2984              86.9300             0.3766              456            
8              [45056/60000]       0.3297              87.4500             0.3387              457            
8              [46080/60000]       0.3107              88.0700             0.3378              458            
8              [47104/60000]       0.2656              88.0000             0.3345              459            
8              [48128/60000]       0.3012              87.8700             0.3352              460            
8              [49152/60000]       0.2894              87.2400             0.3583              461            
8              [50176/60000]       0.3384              86.6000             0.3684              462            
8              [51200/60000]       0.3166              87.0700             0.3613              463            
8              [52224/60000]       0.2968              85.4300             0.3930              464            
8              [53248/60000]       0.3291              86.9000             0.3612              465            
8              [54272/60000]       0.3036              87.1500             0.3568              466            
8              [55296/60000]       0.2916              86.2500             0.3793              467            
8              [56320/60000]       0.3134              87.6200             0.3535              468            
8              [57344/60000]       0.3261              87.3900             0.3518              469            
8              [58368/60000]       0.3116              87.0200             0.3604              470            
8              [59392/60000]       0.3266              87.5000             0.3510              471            
8              [35872/60000]       0.2875              86.4200             0.3806              472            
9              [1024/60000]        0.3236              86.1700             0.3749              473            
9              [2048/60000]        0.3239              86.8100             0.3688              474            
9              [3072/60000]        0.3030              87.4900             0.3430              475            
9              [4096/60000]        0.2716              87.9400             0.3417              476            
9              [5120/60000]        0.2622              88.0600             0.3335              477            
9              [6144/60000]        0.2926              87.9200             0.3434              478            
9              [7168/60000]        0.2900              87.1300             0.3570              479            
9              [8192/60000]        0.2915              86.2800             0.3817              480            
9              [9216/60000]        0.3499              85.3100             0.4089              481            
9              [10240/60000]       0.3499              83.6000             0.4264              482            
9              [11264/60000]       0.3813              85.4100             0.4142              483            
9              [12288/60000]       0.3473              85.3700             0.4019              484            
9              [13312/60000]       0.3242              85.4200             0.3965              485            
9              [14336/60000]       0.3220              86.3700             0.3701              486            
9              [15360/60000]       0.2635              87.5800             0.3446              487            
9              [16384/60000]       0.2931              87.5000             0.3483              488            
9              [17408/60000]       0.2749              87.5600             0.3507              489            
9              [18432/60000]       0.2851              87.5500             0.3494              490            
9              [19456/60000]       0.2986              87.7700             0.3460              491            
9              [20480/60000]       0.2773              87.5500             0.3431              492            
9              [21504/60000]       0.2789              87.9500             0.3371              493            
9              [22528/60000]       0.2954              87.9300             0.3438              494            
9              [23552/60000]       0.2254              87.8400             0.3473              495            
9              [24576/60000]       0.3148              86.8200             0.3736              496            
9              [25600/60000]       0.3066              86.1000             0.3721              497            
9              [26624/60000]       0.3147              86.4200             0.3795              498            
9              [27648/60000]       0.3683              85.1800             0.3949              499            
9              [28672/60000]       0.3227              86.7100             0.3735              500            
9              [29696/60000]       0.3349              85.9500             0.3761              501            
9              [30720/60000]       0.2924              86.9300             0.3711              502            
9              [31744/60000]       0.3156              86.3800             0.3618              503            
9              [32768/60000]       0.3285              86.1900             0.3919              504            
9              [33792/60000]       0.3172              86.1000             0.3710              505            
9              [34816/60000]       0.3196              86.9600             0.3586              506            
9              [35840/60000]       0.3745              84.3000             0.4001              507            
9              [36864/60000]       0.3506              85.9100             0.3901              508            
9              [37888/60000]       0.3242              87.3600             0.3449              509            
9              [38912/60000]       0.2863              87.8100             0.3395              510            
9              [39936/60000]       0.2858              86.6900             0.3668              511            
9              [40960/60000]       0.3073              85.8800             0.3805              512            
9              [41984/60000]       0.3528              84.2900             0.4252              513            
9              [43008/60000]       0.3961              84.6100             0.4247              514            
9              [44032/60000]       0.4276              82.8700             0.5211              515            
9              [45056/60000]       0.4268              78.8700             0.6850              516            
9              [46080/60000]       0.6441              70.3100             1.9642              517            
9              [47104/60000]       1.8532              77.5100             0.9451              518            
9              [48128/60000]       0.8276              83.4600             0.4724              519            
9              [49152/60000]       0.4077              85.4600             0.4320              520            
9              [50176/60000]       0.3515              87.4400             0.3499              521            
9              [51200/60000]       0.2976              87.8800             0.3428              522            
9              [52224/60000]       0.2930              86.9700             0.3579              523            
9              [53248/60000]       0.3171              87.8600             0.3407              524            
9              [54272/60000]       0.2936              87.6000             0.3445              525            
9              [55296/60000]       0.3156              88.0700             0.3395              526            
9              [56320/60000]       0.3011              87.8600             0.3378              527            
9              [57344/60000]       0.3116              87.4600             0.3424              528            
9              [58368/60000]       0.3088              86.7400             0.3728              529            
9              [59392/60000]       0.3097              87.4700             0.3511              530            
9              [35872/60000]       0.2813              87.4500             0.3526              531            
10             [1024/60000]        0.2838              87.8700             0.3429              532            
10             [2048/60000]        0.2743              88.1300             0.3440              533            
10             [3072/60000]        0.3193              87.4200             0.3552              534            
10             [4096/60000]        0.2454              88.2200             0.3311              535            
10             [5120/60000]        0.2803              87.8400             0.3339              536            
10             [6144/60000]        0.2829              87.1500             0.3495              537            
10             [7168/60000]        0.2867              88.1200             0.3359              538            
10             [8192/60000]        0.2698              87.9100             0.3311              539            
10             [9216/60000]        0.2699              88.0600             0.3341              540            
10             [10240/60000]       0.2902              87.8000             0.3348              541            
10             [11264/60000]       0.2773              87.1200             0.3529              542            
10             [12288/60000]       0.2910              87.2700             0.3674              543            
10             [13312/60000]       0.2867              86.5200             0.3660              544            
10             [14336/60000]       0.3138              87.2100             0.3596              545            
10             [15360/60000]       0.2951              86.9500             0.3553              546            
10             [16384/60000]       0.2717              86.9600             0.3553              547            
10             [17408/60000]       0.3163              87.3600             0.3508              548            
10             [18432/60000]       0.2722              87.9000             0.3348              549            
10             [19456/60000]       0.2690              87.6700             0.3397              550            
10             [20480/60000]       0.2655              87.8900             0.3319              551            
10             [21504/60000]       0.2759              87.9600             0.3369              552            
10             [22528/60000]       0.2808              87.6300             0.3384              553            
10             [23552/60000]       0.2991              87.8000             0.3418              554            
10             [24576/60000]       0.2662              88.2800             0.3289              555            
10             [25600/60000]       0.2407              88.1200             0.3374              556            
10             [26624/60000]       0.2712              87.3800             0.3422              557            
10             [27648/60000]       0.3014              87.0100             0.3696              558            
10             [28672/60000]       0.3279              84.9900             0.3960              559            
10             [29696/60000]       0.3349              86.0200             0.3992              560            
10             [30720/60000]       0.2811              87.7700             0.3395              561            
10             [31744/60000]       0.2737              87.6200             0.3485              562            
10             [32768/60000]       0.2982              87.6700             0.3501              563            
10             [33792/60000]       0.2419              87.1500             0.3512              564            
10             [34816/60000]       0.3013              87.1900             0.3563              565            
10             [35840/60000]       0.3145              86.3100             0.3741              566            
10             [36864/60000]       0.2945              87.0100             0.3550              567            
10             [37888/60000]       0.2797              87.3600             0.3594              568            
10             [38912/60000]       0.3269              86.7100             0.3552              569            
10             [39936/60000]       0.3066              87.6900             0.3522              570            
10             [40960/60000]       0.3092              87.6800             0.3339              571            
10             [41984/60000]       0.2762              87.9200             0.3435              572            
10             [43008/60000]       0.3100              87.1400             0.3474              573            
10             [44032/60000]       0.2819              87.2000             0.3663              574            
10             [45056/60000]       0.3335              87.4300             0.3489              575            
10             [46080/60000]       0.2590              87.1900             0.3636              576            
10             [47104/60000]       0.2802              87.3300             0.3585              577            
10             [48128/60000]       0.2961              87.3700             0.3574              578            
10             [49152/60000]       0.3193              86.9600             0.3647              579            
10             [50176/60000]       0.3198              85.4500             0.4116              580            
10             [51200/60000]       0.3824              85.4100             0.3874              581            
10             [52224/60000]       0.3324              86.6500             0.3784              582            
10             [53248/60000]       0.3211              86.7900             0.3540              583            
10             [54272/60000]       0.2810              88.0000             0.3390              584            
10             [55296/60000]       0.3153              87.2400             0.3457              585            
10             [56320/60000]       0.3028              87.4900             0.3482              586            
10             [57344/60000]       0.2981              87.8800             0.3309              587            
10             [58368/60000]       0.2715              88.4500             0.3247              588            
10             [59392/60000]       0.2688              87.7200             0.3372              589            
10             [35872/60000]       0.2982              87.6100             0.3494              590            
11             [1024/60000]        0.2516              88.5600             0.3205              591            
11             [2048/60000]        0.2678              88.4400             0.3252              592            
11             [3072/60000]        0.2646              88.1900             0.3286              593            
11             [4096/60000]        0.2711              87.2100             0.3447              594            
11             [5120/60000]        0.2778              86.9000             0.3776              595            
11             [6144/60000]        0.2837              86.9500             0.3642              596            
11             [7168/60000]        0.2887              86.1800             0.3823              597            
11             [8192/60000]        0.2628              87.1700             0.3564              598            
11             [9216/60000]        0.2875              88.1100             0.3283              599            
11             [10240/60000]       0.2610              88.5500             0.3230              600            
11             [11264/60000]       0.2478              88.3900             0.3219              601            
11             [12288/60000]       0.2436              88.4200             0.3217              602            
11             [13312/60000]       0.2815              88.4500             0.3254              603            
11             [14336/60000]       0.2844              87.7800             0.3326              604            
11             [15360/60000]       0.2831              87.6200             0.3570              605            
11             [16384/60000]       0.2906              87.7100             0.3337              606            
11             [17408/60000]       0.2738              87.7500             0.3459              607            
11             [18432/60000]       0.2764              87.5200             0.3403              608            
11             [19456/60000]       0.2626              88.3900             0.3327              609            
11             [20480/60000]       0.2435              87.7700             0.3347              610            
11             [21504/60000]       0.2300              87.9300             0.3424              611            
11             [22528/60000]       0.2901              87.6200             0.3481              612            
11             [23552/60000]       0.2858              87.1300             0.3636              613            
11             [24576/60000]       0.2867              86.0700             0.3788              614            
11             [25600/60000]       0.3085              87.0600             0.3701              615            
11             [26624/60000]       0.3391              86.3900             0.3799              616            
11             [27648/60000]       0.3508              86.2500             0.3857              617            
11             [28672/60000]       0.3106              87.6000             0.3467              618            
11             [29696/60000]       0.3002              87.9200             0.3387              619            
