Current_Epoch  Batch/Total         CE_Train            Accuracy(%)         CE_TEST             Batch_Number   
0              [0/50000]           --                  9.020               4.6093              0
1              [1024/50000]        4.6109              4.1200              4.5989              1              
1              [2048/50000]        4.6352              3.4400              5.3909              2              
1              [3072/50000]        5.3277              3.2500              5.5487              3              
1              [4096/50000]        5.5076              3.3900              5.0792              4              
1              [5120/50000]        5.0285              3.3200              4.6098              5              
1              [6144/50000]        4.5954              3.3500              4.4682              6              
1              [7168/50000]        4.5039              5.4700              4.3931              7              
1              [8192/50000]        4.4327              6.9100              4.2908              8              
1              [9216/50000]        4.2905              5.7800              4.2661              9              
1              [10240/50000]       4.2470              6.5700              4.3116              10             
1              [11264/50000]       4.2351              7.9700              4.2029              11             
1              [12288/50000]       4.2429              6.7400              4.2385              12             
1              [13312/50000]       4.3042              7.0700              4.1413              13             
1              [14336/50000]       4.0932              9.2100              4.0696              14             
1              [15360/50000]       4.0697              7.7500              4.1042              15             
1              [16384/50000]       4.0275              9.6900              4.0272              16             
1              [17408/50000]       4.0167              11.1200             3.9752              17             
1              [18432/50000]       3.9376              9.9300              3.9830              18             
1              [19456/50000]       3.9516              11.1100             4.0119              19             
1              [20480/50000]       4.0406              9.2000              4.0673              20             
1              [21504/50000]       4.0034              10.0200             4.0149              21             
1              [22528/50000]       3.9472              11.5000             3.9381              22             
1              [23552/50000]       3.9148              10.5200             3.9348              23             
1              [24576/50000]       3.9800              10.4900             3.9991              24             
1              [25600/50000]       3.9282              12.1000             3.8774              25             
1              [26624/50000]       3.8236              13.3300             3.8551              26             
1              [27648/50000]       3.8516              11.9600             3.8261              27             
1              [28672/50000]       3.8218              12.2400             3.8243              28             
1              [29696/50000]       3.8332              11.0800             3.9009              29             
1              [30720/50000]       3.9289              9.2100              3.9576              30             
1              [31744/50000]       3.9415              12.7800             3.9320              31             
1              [32768/50000]       3.9245              14.4200             3.7471              32             
1              [33792/50000]       3.7690              14.5000             3.7536              33             
1              [34816/50000]       3.7718              14.1800             3.7334              34             
1              [35840/50000]       3.7590              14.5200             3.7314              35             
1              [36864/50000]       3.7616              13.3600             3.7825              36             
1              [37888/50000]       3.7910              12.2500             3.8595              37             
1              [38912/50000]       3.9179              13.6500             3.8211              38             
1              [39936/50000]       3.8142              12.7400             3.7965              39             
1              [40960/50000]       3.7872              14.4700             3.7809              40             
1              [41984/50000]       3.8685              12.1400             3.8290              41             
1              [43008/50000]       3.7918              13.9800             3.7807              42             
1              [44032/50000]       3.8090              14.6600             3.7343              43             
1              [45056/50000]       3.7733              14.3900             3.7252              44             
1              [46080/50000]       3.6336              14.6200             3.7445              45             
1              [47104/50000]       3.7659              13.2700             3.7508              46             
1              [48128/50000]       3.7648              13.9100             3.7614              47             
1              [49152/50000]       3.8230              15.1200             3.7116              48             
1              [41552/50000]       3.5644              16.7700             3.6444              49             
2              [1024/50000]        3.5886              16.8600             3.6242              50             
2              [2048/50000]        3.5385              16.8800             3.6166              51             
2              [3072/50000]        3.4954              14.1500             3.7349              52             
2              [4096/50000]        3.6297              14.9100             3.8262              53             
2              [5120/50000]        3.7114              14.4800             3.7426              54             
2              [6144/50000]        3.7304              13.5400             3.7869              55             
2              [7168/50000]        3.7460              15.5700             3.6774              56             
2              [8192/50000]        3.6644              15.4600             3.6248              57             
2              [9216/50000]        3.5418              15.1100             3.6255              58             
2              [10240/50000]       3.5611              16.9000             3.6471              59             
2              [11264/50000]       3.4967              17.1500             3.6194              60             
2              [12288/50000]       3.5431              15.9300             3.6398              61             
2              [13312/50000]       3.4835              16.7600             3.5841              62             
2              [14336/50000]       3.5753              17.5600             3.5847              63             
2              [15360/50000]       3.5784              16.7700             3.5968              64             
2              [16384/50000]       3.5180              16.9500             3.5885              65             
2              [17408/50000]       3.4762              15.3300             3.6610              66             
2              [18432/50000]       3.5843              13.9800             3.8383              67             
2              [19456/50000]       3.6639              14.3600             3.6981              68             
2              [20480/50000]       3.5458              15.2900             3.6710              69             
2              [21504/50000]       3.5733              17.1600             3.5726              70             
2              [22528/50000]       3.4983              15.8100             3.6505              71             
2              [23552/50000]       3.5733              18.0200             3.5845              72             
2              [24576/50000]       3.4104              16.3300             3.6202              73             
2              [25600/50000]       3.5673              15.6900             3.6666              74             
2              [26624/50000]       3.6007              14.2200             3.8187              75             
2              [27648/50000]       3.7151              15.8200             3.7601              76             
2              [28672/50000]       3.6940              16.2000             3.6845              77             
2              [29696/50000]       3.6280              17.7000             3.6226              78             
2              [30720/50000]       3.5164              17.9100             3.5755              79             
2              [31744/50000]       3.4737              17.8100             3.5979              80             
2              [32768/50000]       3.5109              17.9200             3.5656              81             
2              [33792/50000]       3.4526              18.6800             3.4902              82             
2              [34816/50000]       3.4277              17.9100             3.5346              83             
2              [35840/50000]       3.4244              18.6200             3.4877              84             
2              [36864/50000]       3.4750              19.9600             3.4659              85             
2              [37888/50000]       3.3745              18.2400             3.4514              86             
2              [38912/50000]       3.4137              17.7600             3.5055              87             
2              [39936/50000]       3.4117              17.5700             3.5618              88             
2              [40960/50000]       3.5199              17.6800             3.5924              89             
2              [41984/50000]       3.5169              17.7500             3.5371              90             
2              [43008/50000]       3.4478              16.8200             3.5848              91             
2              [44032/50000]       3.4748              18.4400             3.5666              92             
2              [45056/50000]       3.4722              16.1500             3.6724              93             
2              [46080/50000]       3.6589              17.6000             3.5813              94             
2              [47104/50000]       3.5699              16.1600             3.5914              95             
2              [48128/50000]       3.5645              18.0700             3.5899              96             
2              [49152/50000]       3.4683              20.4000             3.4112              97             
2              [41552/50000]       3.3451              19.6500             3.4129              98             
3              [1024/50000]        3.2085              17.8500             3.4367              99             
3              [2048/50000]        3.2940              16.8700             3.5245              100            
3              [3072/50000]        3.3574              17.0700             3.6180              101            
3              [4096/50000]        3.4763              18.9700             3.5154              102            
3              [5120/50000]        3.4027              18.8100             3.5683              103            
3              [6144/50000]        3.3889              19.1900             3.4892              104            
3              [7168/50000]        3.2970              19.0300             3.5042              105            
3              [8192/50000]        3.3814              18.5500             3.5331              106            
3              [9216/50000]        3.3555              17.7900             3.5451              107            
3              [10240/50000]       3.3676              19.1100             3.5503              108            
3              [11264/50000]       3.3721              19.6400             3.4626              109            
3              [12288/50000]       3.2855              18.0100             3.4801              110            
3              [13312/50000]       3.3670              17.4700             3.6585              111            
3              [14336/50000]       3.4879              19.6600             3.4539              112            
3              [15360/50000]       3.2945              21.8100             3.3697              113            
3              [16384/50000]       3.1847              20.7400             3.3868              114            
3              [17408/50000]       3.2069              21.5700             3.3862              115            
3              [18432/50000]       3.2270              18.8300             3.4551              116            
3              [19456/50000]       3.2554              20.0900             3.4753              117            
3              [20480/50000]       3.3050              19.3300             3.4816              118            
3              [21504/50000]       3.3491              20.4400             3.4451              119            
3              [22528/50000]       3.3341              20.7600             3.3893              120            
3              [23552/50000]       3.3159              18.6700             3.5286              121            
3              [24576/50000]       3.2880              18.0700             3.5717              122            
3              [25600/50000]       3.3358              19.3800             3.5073              123            
3              [26624/50000]       3.2228              20.6000             3.4328              124            
3              [27648/50000]       3.2885              21.7900             3.3519              125            
3              [28672/50000]       3.2234              21.2900             3.3274              126            
3              [29696/50000]       3.1301              21.8300             3.3546              127            
3              [30720/50000]       3.3081              20.0400             3.4172              128            
3              [31744/50000]       3.2436              21.8600             3.4023              129            
3              [32768/50000]       3.1315              20.8400             3.3895              130            
3              [33792/50000]       3.3093              21.3300             3.3731              131            
3              [34816/50000]       3.2550              22.8200             3.2686              132            
3              [35840/50000]       3.0768              22.0200             3.3027              133            
3              [36864/50000]       3.2178              21.7400             3.3642              134            
3              [37888/50000]       3.1270              19.1900             3.4693              135            
3              [38912/50000]       3.3777              19.0200             3.5730              136            
3              [39936/50000]       3.3475              20.4600             3.4750              137            
3              [40960/50000]       3.3260              19.6000             3.4896              138            
3              [41984/50000]       3.3204              20.4800             3.4347              139            
3              [43008/50000]       3.3335              19.6700             3.5244              140            
3              [44032/50000]       3.3395              18.6100             3.5828              141            
3              [45056/50000]       3.4782              21.4400             3.4059              142            
3              [46080/50000]       3.3645              22.5300             3.3386              143            
3              [47104/50000]       3.2031              22.4900             3.2684              144            
3              [48128/50000]       3.1604              23.5900             3.2418              145            
3              [49152/50000]       3.1192              23.3200             3.2693              146            
3              [41552/50000]       3.0365              21.8400             3.3235              147            
4              [1024/50000]        3.0496              22.9700             3.3358              148            
4              [2048/50000]        3.0772              21.5100             3.3433              149            
4              [3072/50000]        3.0675              21.8500             3.3898              150            
4              [4096/50000]        3.0484              22.7700             3.2947              151            
4              [5120/50000]        2.9604              21.9400             3.3488              152            
4              [6144/50000]        3.0770              20.1000             3.5136              153            
4              [7168/50000]        3.2436              20.3600             3.4867              154            
4              [8192/50000]        3.2405              20.9600             3.3822              155            
4              [9216/50000]        3.2233              20.2600             3.4422              156            
4              [10240/50000]       3.1917              21.5800             3.4300              157            
4              [11264/50000]       3.1552              20.6900             3.4112              158            
4              [12288/50000]       3.2032              21.2400             3.4253              159            
4              [13312/50000]       3.2260              21.2500             3.3956              160            
4              [14336/50000]       3.1546              22.6200             3.3011              161            
4              [15360/50000]       3.1042              22.9200             3.2592              162            
4              [16384/50000]       2.9322              23.2200             3.2948              163            
4              [17408/50000]       3.1138              21.2700             3.4076              164            
4              [18432/50000]       3.1586              21.0100             3.4298              165            
4              [19456/50000]       3.1508              21.1700             3.3548              166            
4              [20480/50000]       3.1536              22.6900             3.3297              167            
4              [21504/50000]       3.1420              21.7000             3.3874              168            
4              [22528/50000]       3.2210              21.4200             3.3924              169            
4              [23552/50000]       3.2156              22.4600             3.3110              170            
4              [24576/50000]       3.0760              23.1000             3.3078              171            
4              [25600/50000]       2.9838              22.6100             3.3111              172            
4              [26624/50000]       3.1012              22.4600             3.3734              173            
4              [27648/50000]       3.0711              21.2400             3.3820              174            
4              [28672/50000]       3.1633              20.5000             3.4143              175            
4              [29696/50000]       3.1651              22.8300             3.3165              176            
4              [30720/50000]       3.0459              22.9000             3.2714              177            
4              [31744/50000]       3.0765              23.4000             3.2453              178            
4              [32768/50000]       3.0002              23.2300             3.2528              179            
4              [33792/50000]       3.0156              23.7300             3.2837              180            
4              [34816/50000]       3.0504              21.7600             3.3063              181            
4              [35840/50000]       3.0523              22.5700             3.2990              182            
4              [36864/50000]       2.9968              23.0700             3.3039              183            
4              [37888/50000]       2.9856              23.7800             3.2790              184            
4              [38912/50000]       2.9814              22.2700             3.3216              185            
4              [39936/50000]       3.1430              22.1300             3.4391              186            
4              [40960/50000]       3.2705              22.3200             3.3522              187            
4              [41984/50000]       3.1310              23.1200             3.2894              188            
4              [43008/50000]       2.9830              24.3100             3.2684              189            
4              [44032/50000]       3.0608              24.2000             3.2160              190            
4              [45056/50000]       2.9351              24.8400             3.1971              191            
4              [46080/50000]       2.9343              24.4700             3.2303              192            
4              [47104/50000]       2.9843              21.4800             3.3583              193            
4              [48128/50000]       3.1822              22.9400             3.3098              194            
4              [49152/50000]       3.1428              23.1200             3.2676              195            
4              [41552/50000]       2.9745              23.4000             3.2692              196            
5              [1024/50000]        2.9072              22.9800             3.3182              197            
5              [2048/50000]        2.9140              22.2800             3.3731              198            
5              [3072/50000]        3.0196              22.4900             3.3665              199            
