Current_Epoch  Batch/Total         CE_Train            Accuracy(%)         CE_TEST             Batch_Number   
0              [0/60000]           --                  9.020               2.3132              0
1              [1024/60000]        2.3123              44.3300             4.2444              1              
1              [2048/60000]        4.4053              38.7300             17.9509             2              
1              [3072/60000]        17.1184             11.7500             23.6141             3              
1              [4096/60000]        23.3339             35.3500             20.8582             4              
1              [5120/60000]        21.1471             21.5100             22.3836             5              
1              [6144/60000]        20.8246             29.1900             13.6075             6              
1              [7168/60000]        13.6988             43.5400             14.7390             7              
1              [8192/60000]        14.3887             37.3300             11.3251             8              
1              [9216/60000]        11.1353             54.8200             4.5259              9              
1              [10240/60000]       4.3336              56.4500             2.6185              10             
1              [11264/60000]       2.6433              68.3700             1.5860              11             
1              [12288/60000]       1.4554              71.9400             1.1371              12             
1              [13312/60000]       1.1350              64.5200             1.9555              13             
1              [14336/60000]       1.8993              71.6100             2.2171              14             
1              [15360/60000]       2.1935              69.9800             1.6129              15             
1              [16384/60000]       1.5531              71.5400             1.4411              16             
1              [17408/60000]       1.4523              70.0800             1.5779              17             
1              [18432/60000]       1.4725              74.4900             0.9977              18             
1              [19456/60000]       0.9581              72.8500             1.0536              19             
1              [20480/60000]       1.1260              68.4900             1.6597              20             
1              [21504/60000]       1.6214              70.0400             1.6270              21             
1              [22528/60000]       1.5929              72.8900             1.1794              22             
1              [23552/60000]       1.3495              65.3700             1.3293              23             
1              [24576/60000]       1.2956              70.3100             1.6093              24             
1              [25600/60000]       1.6243              72.0300             0.9854              25             
1              [26624/60000]       0.8916              71.7800             1.0992              26             
1              [27648/60000]       1.0524              73.2800             1.2603              27             
1              [28672/60000]       1.2025              78.1800             0.7861              28             
1              [29696/60000]       0.7584              71.7700             0.8613              29             
1              [30720/60000]       0.8344              75.9200             1.1919              30             
1              [31744/60000]       1.1831              76.6900             0.7872              31             
1              [32768/60000]       0.7247              78.8500             0.6335              32             
1              [33792/60000]       0.5757              80.7700             0.5724              33             
1              [34816/60000]       0.4919              77.8300             0.6617              34             
1              [35840/60000]       0.6670              73.9400             0.8468              35             
1              [36864/60000]       0.8638              72.8800             1.2214              36             
1              [37888/60000]       1.1719              75.1300             0.8448              37             
1              [38912/60000]       0.7969              73.4700             0.8076              38             
1              [39936/60000]       0.7997              75.3000             0.9740              39             
1              [40960/60000]       0.8842              73.0400             0.8827              40             
1              [41984/60000]       0.8730              68.2600             1.1724              41             
1              [43008/60000]       1.0136              69.2600             1.3227              42             
1              [44032/60000]       1.2067              64.9300             1.2628              43             
1              [45056/60000]       1.3020              74.2100             1.4553              44             
1              [46080/60000]       1.3542              73.8300             0.9207              45             
1              [47104/60000]       0.9110              74.7400             0.7606              46             
1              [48128/60000]       0.7392              76.1300             0.8380              47             
1              [49152/60000]       0.9061              69.6800             1.0602              48             
1              [50176/60000]       1.0985              69.4800             1.2929              49             
1              [51200/60000]       1.2648              74.7600             1.0607              50             
1              [52224/60000]       1.0285              79.1500             0.6613              51             
1              [53248/60000]       0.6773              81.3000             0.6023              52             
1              [54272/60000]       0.5643              79.8200             0.5838              53             
1              [55296/60000]       0.5282              81.1600             0.6085              54             
1              [56320/60000]       0.5988              80.0300             0.5595              55             
1              [57344/60000]       0.5877              78.0700             0.6992              56             
1              [58368/60000]       0.6600              75.4100             0.7648              57             
1              [59392/60000]       0.7320              77.8800             0.7249              58             
1              [35872/60000]       0.7167              75.2900             0.8404              59             
2              [1024/60000]        0.7762              79.3000             0.6390              60             
2              [2048/60000]        0.5902              80.4300             0.5605              61             
2              [3072/60000]        0.5832              80.3400             0.5877              62             
2              [4096/60000]        0.5618              78.0400             0.6114              63             
2              [5120/60000]        0.5137              77.4700             0.7296              64             
2              [6144/60000]        0.6998              76.2700             0.6933              65             
2              [7168/60000]        0.6168              72.5600             0.9144              66             
2              [8192/60000]        0.8287              78.8900             0.6830              67             
2              [9216/60000]        0.5765              79.0900             0.5978              68             
2              [10240/60000]       0.6144              77.1000             0.7310              69             
2              [11264/60000]       0.7248              76.5100             0.6796              70             
2              [12288/60000]       0.6553              79.6600             0.7309              71             
2              [13312/60000]       0.6892              82.7900             0.5008              72             
2              [14336/60000]       0.5095              82.1600             0.4996              73             
2              [15360/60000]       0.4563              81.5800             0.5459              74             
2              [16384/60000]       0.5096              80.6300             0.5479              75             
2              [17408/60000]       0.5485              80.4500             0.5664              76             
2              [18432/60000]       0.5364              81.3900             0.5235              77             
2              [19456/60000]       0.4829              81.4100             0.5253              78             
2              [20480/60000]       0.5486              82.2600             0.5311              79             
2              [21504/60000]       0.4886              82.8600             0.4862              80             
2              [22528/60000]       0.4319              83.4400             0.4662              81             
2              [23552/60000]       0.4254              83.1700             0.4658              82             
2              [24576/60000]       0.4250              80.3500             0.5368              83             
2              [25600/60000]       0.5039              80.7900             0.5536              84             
2              [26624/60000]       0.4632              81.0200             0.5129              85             
2              [27648/60000]       0.4887              81.9400             0.5345              86             
2              [28672/60000]       0.5189              79.6000             0.5382              87             
2              [29696/60000]       0.5410              81.0300             0.6003              88             
2              [30720/60000]       0.6024              80.4600             0.5280              89             
2              [31744/60000]       0.5117              79.7400             0.6152              90             
2              [32768/60000]       0.6037              79.9800             0.5600              91             
2              [33792/60000]       0.5531              81.4500             0.5640              92             
2              [34816/60000]       0.5184              82.9300             0.4797              93             
2              [35840/60000]       0.4429              83.1600             0.4787              94             
2              [36864/60000]       0.4516              80.6500             0.5374              95             
2              [37888/60000]       0.4616              81.8400             0.5150              96             
2              [38912/60000]       0.4719              82.6600             0.4976              97             
2              [39936/60000]       0.4555              82.4900             0.4942              98             
2              [40960/60000]       0.4643              81.7700             0.4955              99             
2              [41984/60000]       0.4725              82.1900             0.4965              100            
2              [43008/60000]       0.4742              81.3100             0.4941              101            
2              [44032/60000]       0.4653              81.4400             0.5249              102            
2              [45056/60000]       0.5012              78.3400             0.5704              103            
2              [46080/60000]       0.5336              79.7700             0.5754              104            
2              [47104/60000]       0.5410              81.3900             0.4971              105            
2              [48128/60000]       0.5145              79.9300             0.5538              106            
2              [49152/60000]       0.5026              80.1000             0.5280              107            
2              [50176/60000]       0.5062              83.1600             0.4728              108            
2              [51200/60000]       0.4640              82.7700             0.4689              109            
2              [52224/60000]       0.4216              84.6000             0.4419              110            
2              [53248/60000]       0.4014              84.2400             0.4393              111            
2              [54272/60000]       0.4259              85.1200             0.4247              112            
2              [55296/60000]       0.4285              84.6600             0.4331              113            
2              [56320/60000]       0.4326              83.3800             0.4563              114            
2              [57344/60000]       0.4399              82.0800             0.4874              115            
2              [58368/60000]       0.4653              81.6500             0.4890              116            
2              [59392/60000]       0.4496              83.4400             0.4607              117            
2              [35872/60000]       0.4772              83.4200             0.4468              118            
3              [1024/60000]        0.3849              83.1300             0.4707              119            
3              [2048/60000]        0.4424              83.7800             0.4401              120            
3              [3072/60000]        0.3820              84.9000             0.4228              121            
3              [4096/60000]        0.4095              81.9100             0.4789              122            
3              [5120/60000]        0.4640              82.0400             0.5168              123            
3              [6144/60000]        0.4866              81.5900             0.4929              124            
3              [7168/60000]        0.4711              84.1600             0.4663              125            
3              [8192/60000]        0.3930              83.9200             0.4439              126            
3              [9216/60000]        0.4625              83.2700             0.4517              127            
3              [10240/60000]       0.4055              84.0100             0.4455              128            
3              [11264/60000]       0.4060              82.6800             0.4583              129            
3              [12288/60000]       0.4167              84.6200             0.4384              130            
3              [13312/60000]       0.4015              84.7200             0.4276              131            
3              [14336/60000]       0.3646              84.3400             0.4416              132            
3              [15360/60000]       0.3929              83.9000             0.4483              133            
3              [16384/60000]       0.4747              83.0400             0.4532              134            
3              [17408/60000]       0.4237              83.9700             0.4479              135            
3              [18432/60000]       0.4349              84.1200             0.4258              136            
3              [19456/60000]       0.4025              82.4900             0.4857              137            
3              [20480/60000]       0.4503              82.7600             0.4690              138            
3              [21504/60000]       0.4165              81.8300             0.4989              139            
3              [22528/60000]       0.4541              83.0100             0.4566              140            
3              [23552/60000]       0.4196              82.7900             0.4790              141            
3              [24576/60000]       0.4578              83.6200             0.4543              142            
3              [25600/60000]       0.3934              84.4700             0.4239              143            
3              [26624/60000]       0.4587              82.1700             0.5129              144            
3              [27648/60000]       0.4498              83.2300             0.4560              145            
3              [28672/60000]       0.4475              84.2200             0.4323              146            
3              [29696/60000]       0.3893              85.5600             0.4078              147            
3              [30720/60000]       0.3687              84.9800             0.4075              148            
3              [31744/60000]       0.4010              83.9600             0.4460              149            
3              [32768/60000]       0.3544              84.1400             0.4329              150            
3              [33792/60000]       0.3999              85.8100             0.3981              151            
3              [34816/60000]       0.3808              85.3200             0.4054              152            
3              [35840/60000]       0.3579              85.2700             0.4141              153            
3              [36864/60000]       0.3841              83.1000             0.4483              154            
3              [37888/60000]       0.4237              83.9100             0.4496              155            
3              [38912/60000]       0.4310              83.0200             0.4455              156            
3              [39936/60000]       0.4711              82.7300             0.4962              157            
3              [40960/60000]       0.4645              84.2400             0.4356              158            
3              [41984/60000]       0.4168              84.7200             0.4318              159            
3              [43008/60000]       0.3780              84.2100             0.4255              160            
3              [44032/60000]       0.3590              85.3200             0.4069              161            
3              [45056/60000]       0.3776              84.8000             0.4146              162            
3              [46080/60000]       0.3873              83.2100             0.4379              163            
3              [47104/60000]       0.3891              83.6700             0.4561              164            
3              [48128/60000]       0.4206              82.2400             0.4662              165            
3              [49152/60000]       0.4161              84.7300             0.4336              166            
3              [50176/60000]       0.3953              85.0800             0.4166              167            
3              [51200/60000]       0.3739              84.9700             0.4232              168            
3              [52224/60000]       0.4211              82.2800             0.4642              169            
3              [53248/60000]       0.3888              84.3300             0.4363              170            
3              [54272/60000]       0.4296              82.9200             0.4357              171            
3              [55296/60000]       0.3835              84.3100             0.4323              172            
3              [56320/60000]       0.3704              85.6700             0.3896              173            
3              [57344/60000]       0.3496              85.6200             0.4017              174            
3              [58368/60000]       0.3779              83.7000             0.4230              175            
3              [59392/60000]       0.3736              83.4500             0.4618              176            
3              [35872/60000]       0.4599              83.0700             0.4673              177            
4              [1024/60000]        0.3967              84.2700             0.4404              178            
4              [2048/60000]        0.3314              84.8300             0.4366              179            
4              [3072/60000]        0.4098              82.6400             0.4646              180            
4              [4096/60000]        0.4349              83.7500             0.4634              181            
4              [5120/60000]        0.4148              83.9200             0.4347              182            
4              [6144/60000]        0.4050              82.8700             0.4680              183            
4              [7168/60000]        0.4538              82.8200             0.4777              184            
4              [8192/60000]        0.4672              82.2900             0.4734              185            
4              [9216/60000]        0.4238              85.0900             0.4175              186            
4              [10240/60000]       0.3878              84.7300             0.4189              187            
4              [11264/60000]       0.3732              85.3000             0.4100              188            
4              [12288/60000]       0.3623              85.4400             0.3938              189            
4              [13312/60000]       0.3435              86.1900             0.3875              190            
4              [14336/60000]       0.3489              86.1400             0.3839              191            
4              [15360/60000]       0.3508              85.2900             0.4144              192            
4              [16384/60000]       0.3697              85.9100             0.3916              193            
4              [17408/60000]       0.3624              86.2900             0.3804              194            
4              [18432/60000]       0.3167              85.9400             0.3874              195            
4              [19456/60000]       0.3532              85.9700             0.3974              196            
4              [20480/60000]       0.3709              83.7900             0.4449              197            
4              [21504/60000]       0.4061              82.3900             0.4803              198            
4              [22528/60000]       0.3781              83.4500             0.4574              199            
4              [23552/60000]       0.4899              84.9200             0.4225              200            
4              [24576/60000]       0.3710              85.6600             0.4024              201            
4              [25600/60000]       0.3596              85.6500             0.4017              202            
4              [26624/60000]       0.3224              84.5400             0.4209              203            
4              [27648/60000]       0.3963              84.3500             0.4383              204            
4              [28672/60000]       0.4071              83.0200             0.4522              205            
4              [29696/60000]       0.4226              83.7400             0.4426              206            
4              [30720/60000]       0.3648              84.9000             0.4117              207            
4              [31744/60000]       0.3960              85.5400             0.4107              208            
4              [32768/60000]       0.3854              85.8800             0.3955              209            
4              [33792/60000]       0.3078              86.2000             0.3958              210            
4              [34816/60000]       0.3558              85.8600             0.3917              211            
4              [35840/60000]       0.3912              85.2700             0.4189              212            
4              [36864/60000]       0.4025              84.6600             0.4152              213            
4              [37888/60000]       0.3656              85.0500             0.4231              214            
4              [38912/60000]       0.3471              85.4800             0.3917              215            
4              [39936/60000]       0.3347              85.8000             0.3945              216            
4              [40960/60000]       0.3412              85.9000             0.3893              217            
4              [41984/60000]       0.3842              85.0700             0.4076              218            
4              [43008/60000]       0.3101              85.4500             0.4032              219            
4              [44032/60000]       0.3704              83.1400             0.4641              220            
4              [45056/60000]       0.4373              83.7800             0.4583              221            
4              [46080/60000]       0.4671              81.9500             0.4964              222            
4              [47104/60000]       0.4765              84.2800             0.4406              223            
4              [48128/60000]       0.4121              83.0300             0.4537              224            
4              [49152/60000]       0.4363              84.0300             0.4376              225            
4              [50176/60000]       0.4557              85.2100             0.4042              226            
4              [51200/60000]       0.3769              85.1800             0.4004              227            
4              [52224/60000]       0.3966              84.8200             0.4126              228            
4              [53248/60000]       0.3958              84.3200             0.4440              229            
4              [54272/60000]       0.3814              84.9600             0.4199              230            
4              [55296/60000]       0.3757              84.9300             0.4187              231            
4              [56320/60000]       0.3228              86.0100             0.3914              232            
4              [57344/60000]       0.3778              85.0800             0.3955              233            
4              [58368/60000]       0.4042              84.9500             0.4255              234            
4              [59392/60000]       0.4073              81.3200             0.4830              235            
4              [35872/60000]       0.4572              83.7100             0.4709              236            
5              [1024/60000]        0.4845              83.4700             0.4424              237            
5              [2048/60000]        0.4314              84.0600             0.4607              238            
5              [3072/60000]        0.3697              86.4200             0.3841              239            
5              [4096/60000]        0.3409              86.6000             0.3750              240            
5              [5120/60000]        0.3310              84.8800             0.4039              241            
5              [6144/60000]        0.3954              84.1600             0.4426              242            
5              [7168/60000]        0.3475              85.2200             0.4035              243            
5              [8192/60000]        0.3326              85.8700             0.4078              244            
5              [9216/60000]        0.3484              85.8000             0.3971              245            
5              [10240/60000]       0.3375              86.2200             0.3877              246            
5              [11264/60000]       0.3142              86.5400             0.3734              247            
5              [12288/60000]       0.3478              86.0800             0.3875              248            
5              [13312/60000]       0.3399              86.2400             0.3843              249            
5              [14336/60000]       0.3517              85.9700             0.3898              250            
5              [15360/60000]       0.3286              86.4600             0.3796              251            
5              [16384/60000]       0.3381              86.3300             0.3898              252            
5              [17408/60000]       0.3934              85.1700             0.4024              253            
5              [18432/60000]       0.3861              85.9300             0.3926              254            
5              [19456/60000]       0.3342              85.7400             0.4062              255            
5              [20480/60000]       0.3605              85.0300             0.4069              256            
5              [21504/60000]       0.3479              85.5500             0.4057              257            
5              [22528/60000]       0.3514              86.0600             0.3861              258            
5              [23552/60000]       0.3055              86.5900             0.3744              259            
5              [24576/60000]       0.3345              86.7000             0.3659              260            
5              [25600/60000]       0.3074              86.6800             0.3792              261            
5              [26624/60000]       0.3434              85.8300             0.3915              262            
5              [27648/60000]       0.3649              84.2900             0.4521              263            
5              [28672/60000]       0.3951              85.1500             0.4074              264            
5              [29696/60000]       0.4098              83.5800             0.4564              265            
5              [30720/60000]       0.4174              82.2400             0.4681              266            
5              [31744/60000]       0.4246              82.7900             0.4670              267            
5              [32768/60000]       0.4313              82.4100             0.4884              268            
5              [33792/60000]       0.4557              83.2400             0.4453              269            
5              [34816/60000]       0.3886              85.4600             0.3997              270            
5              [35840/60000]       0.3361              84.1400             0.4198              271            
5              [36864/60000]       0.3535              86.1200             0.3846              272            
5              [37888/60000]       0.3325              86.2100             0.3850              273            
5              [38912/60000]       0.3870              85.0300             0.4151              274            
5              [39936/60000]       0.3893              85.2500             0.4210              275            
5              [40960/60000]       0.3967              85.9100             0.3790              276            
5              [41984/60000]       0.3431              86.5600             0.3739              277            
5              [43008/60000]       0.3123              86.0500             0.3799              278            
5              [44032/60000]       0.3415              85.2900             0.4065              279            
5              [45056/60000]       0.3117              85.6000             0.3880              280            
5              [46080/60000]       0.3743              85.2600             0.4002              281            
5              [47104/60000]       0.3825              84.9100             0.4179              282            
5              [48128/60000]       0.3697              85.0800             0.4069              283            
5              [49152/60000]       0.3646              86.6600             0.3787              284            
5              [50176/60000]       0.3358              86.8300             0.3704              285            
5              [51200/60000]       0.3596              86.2200             0.3879              286            
5              [52224/60000]       0.3302              86.7600             0.3676              287            
5              [53248/60000]       0.2994              86.0200             0.3824              288            
5              [54272/60000]       0.3380              85.8600             0.3942              289            
5              [55296/60000]       0.3273              84.8000             0.4006              290            
5              [56320/60000]       0.3644              84.0200             0.4512              291            
5              [57344/60000]       0.4279              82.6900             0.4840              292            
5              [58368/60000]       0.4455              84.0800             0.4452              293            
5              [59392/60000]       0.4168              85.9800             0.3968              294            
5              [35872/60000]       0.3637              86.8600             0.3721              295            
6              [1024/60000]        0.3430              86.9000             0.3693              296            
6              [2048/60000]        0.3243              86.2200             0.3874              297            
6              [3072/60000]        0.3298              85.9600             0.3867              298            
6              [4096/60000]        0.3619              85.6700             0.3926              299            
6              [5120/60000]        0.3351              85.3100             0.4005              300            
6              [6144/60000]        0.3531              85.9700             0.3891              301            
6              [7168/60000]        0.3087              86.2500             0.3819              302            
6              [8192/60000]        0.3336              84.1100             0.4155              303            
6              [9216/60000]        0.3851              85.4800             0.4131              304            
6              [10240/60000]       0.3984              85.1500             0.3996              305            
6              [11264/60000]       0.3910              85.4800             0.4192              306            
6              [12288/60000]       0.4019              85.8100             0.3907              307            
6              [13312/60000]       0.3176              86.4500             0.3792              308            
6              [14336/60000]       0.3261              86.7900             0.3616              309            
6              [15360/60000]       0.2910              87.2600             0.3584              310            
6              [16384/60000]       0.2776              86.0700             0.3797              311            
6              [17408/60000]       0.3012              85.3800             0.4073              312            
6              [18432/60000]       0.3319              84.4100             0.4182              313            
6              [19456/60000]       0.3299              85.4500             0.4082              314            
6              [20480/60000]       0.3329              86.1000             0.3837              315            
6              [21504/60000]       0.3143              86.5200             0.3741              316            
6              [22528/60000]       0.3147              85.4300             0.3895              317            
6              [23552/60000]       0.3520              84.5400             0.4453              318            
6              [24576/60000]       0.3445              85.7200             0.3915              319            
